No comments
1096
1 2 3 4 5 6 7 8 9 10 11 12 13 14 15 16 17 18 19 20 21 22 23 24 25 26 27 28 29 30 31 32 33 34 35 36 37 38 39 40 41 42 43 44 45 46 47 48 49 50 51 52 53 54 55 56 57 58 59 60 61 62 63 64 65 66 67 68 69 70 71 72 73 74 75 76 77 78 79 80 81 82 83 84 85 86 87 88 89 90 91 92 93 94 95 96 97 98 99 100 101 102 103 104 105 106 107 108 109 110 111 112 113 114 115 116 117 118 119 120 121 122 123 124 125 126 127 128 129 130 131 132 133 134 135 136 137 138 139 140 141 142 143 144 145 146 147 148 149 150 151 152 153 154 155 156 157 158 159 160 161 162 163 164 165 166 167 168 169 170 171 172 173 174 175 176 177 178 179 180 181 182 183 184 185 186 187 188 189 190 191 192 193 194 195 196 197 198 199 200 201 202 203 204 205 206 207 208 209 210 211 212 213 214 215 216 217 218 219 220 221 222 223 224 225 226 227 228 229 230 231 232 233 234 235 236 237 238 239 240 241 242 243 244 245 246 247 248 249 250 251 252 253 254 255 256 257 258 259 260 261 262 263 264 265 266 267 268 269 270 271 272 273 274 275 276 277 278 279 280 281 282 283 284 285 286 287 288 289 290 291 292 293 294 295 296 297 298 299 300 301 302 303 304 305 306 307 308 309 310 311 312 313 314 315 316 317 318 319 320 321 322 323 324 325 326 327 328 329 330 331 332 333 334 335 336 337 338 339 340 341 342 343 344 345 346 347 348 349 350 351 352 353 354 355 356 357 358 359 360 361 362 363 364 365 366 367 368 369 370 371 372 373 374 375 376 377 378 379 380 381 382 383 384 385 386 387 388 389 390 391 392 393 394 395 396 397 398 399 400 401 402 403 404 405 406 407 408 409 410 411 412 413 414 415 416 417 418 419 420 421 422 423 424 425 426 427 428 429 430 431 432 433 434 435 436 437 438 439 440 441 442 443 444 445 446 447 448 449 450 451 452 453 454 455 456 457 458 459 460 461 462 463 464 465 466 467 468 469 470 471 472 473 474 475 476 477 478 479 480 481 482 483 484 485 486 487 488 489 490 491 492 493 494 495 496 497 498 499 500 501 502 503 504 505 506 507 508 509 510 511 512 513 514 515 516 517 518 519 520 521 522 523 524 525 526 527 528 529 530 531 532 533 534 535 536 537 538 539 540 541 542 543 544 545 546 547 548 549 550 551 552 553 554 555 556 557 558 559 560 561 562 563 564 565 566 567 568 569 570 571 572 573 574 575 576 577 578 579 580 581 582 583 584 585 586 587 588 589 590 591 592 593 594 595 596 597 598 599 600 601 602 603 604 605 606 607 608 609 610 611 612 613 614 615 616 617 618 619 620 621 622 623 624 625 626 627 628 629 630 631 632 633 634 635 636 637 638 639 640 641 642 643 644 645 646 647 648 649 650 651 652 653 654 655 656 657 658 659 660 661 662 663 664 665 666 667 668 669 670 671 672 673 674 675 676 677 678 679 680 681 682 683 684 685 686 687 688 689 690 691 692 693 694 695 696 697 698 699 700 701 702 703 704 705 706 707 708 709 710 711 712 713 714 715 716 717 718 719 720 721 722 723 724 725 726 727 728 729 730 731 732 733 734 735 736 737 738 739 740 741 742 743 744 745 746 747 748 749 750 751 752 753 754 755 756 757 758 759 760 761 762 763 764 765 766 767 768 769 770 771 772 773 774 775 776 777 778 779 780 781 782 783 784 785 786 787 788 789 790 791 792 793 794 795 796 797 798 799 800 801 802 803 804 805 806 807 808 809 810 811 812 813 814 815 816 817 818 819 820 821 822 823 824 825 826 827 828 829 830 831 832 833 834 835 836 837 838 839 840 841 842 843 844 845 846 847 848 849 850 851 852 853 854 855 856 857 858 859 860 861 862 863 864 865 866 867 868 869 870 871 872 873 874 875 876 877 878 879 880 881 882 883 884 885 886 887 888 889 890 891 892 893 894 895 896 897 898 899 900 901 902 903 904 905 906 907 908 909 910 911 912 913 914 915 916 917 918 919 920 921 922 923 924 925 926 927 928 929 930 931 932 933 934 935 936 937 938 939 940 941 942 943 944 945 946 947 948 949 950 951 952 953 954 955 956 957 958 959 960 961 962 963 964 965 966 967 968 969 970 971 972 973 974 975 976 977 978 979 980 981 982 983 984 985 986 987 988 989 990 991 992 993 994 995 996 997 998 999 1000 1001 1002 1003 1004 1005 1006 1007 1008 1009 1010 1011 1012 1013 1014 1015 1016 1017 1018 1019 1020 1021 1022 1023 1024 1025 1026 1027 1028 1029 1030 1031 1032 1033 1034 1035 1036 1037 1038 1039 1040 1041 1042 1043 1044 1045 1046 1047 1048 1049 1050 1051 1052 1053 1054 1055 1056 1057 1058 1059 1060 1061 1062 1063 1064 1065 1066 1067 1068 1069 1070 1071 1072 1073 1074 1075 1076 1077 1078 1079 1080 1081 1082 1083 1084 1085 1086 1087 1088 1089 1090 1091 1092 1093 1094 1095 1096
2
1 2
-0.7679083333333335  -0.7679083333333335
-0.7641000000000001  -0.7641000000000001
-0.7363999999999999  -0.7363999999999999
-0.7183916666666665  -0.7183916666666665
-0.7221250000000001  -0.7221250000000001
-0.7197833333333334  -0.7197833333333334
-0.7357416666666665  -0.7357416666666665
-0.74165  -0.74165
-0.6757583333333335  -0.6757583333333335
-0.6754  -0.6754
-0.6840999999999995  -0.6840999999999995
-0.687508333333333  -0.687508333333333
-0.689716666666667  -0.689716666666667
-0.6942583333333336  -0.6942583333333336
-0.69545  -0.69545
-0.7011833333333335  -0.7011833333333335
-0.700666666666667  -0.700666666666667
-0.70215  -0.70215
-0.709858333333333  -0.709858333333333
-0.7110333333333335  -0.7110333333333335
-0.7087749999999999  -0.7087749999999999
-0.709683333333333  -0.709683333333333
-0.7108166666666664  -0.7108166666666664
-0.703441666666667  -0.703441666666667
-0.7067416666666665  -0.7067416666666665
-0.7095499999999999  -0.7095499999999999
-0.6809083333333334  -0.6809083333333334
-0.641125  -0.641125
-0.6350416666666671  -0.6350416666666671
-0.6309500000000001  -0.6309500000000001
-0.6231250000000002  -0.6231250000000002
-0.5995  -0.5995
-0.5856749999999995  -0.5856749999999995
-0.5829416666666665  -0.5829416666666665
-0.5768  -0.5768
-0.587491666666667  -0.587491666666667
-0.5932249999999999  -0.5932249999999999
-0.6020750000000001  -0.6020750000000001
-0.6091833333333335  -0.6091833333333335
-0.5630833333333335  -0.5630833333333335
-0.559725  -0.559725
-0.5732416666666671  -0.5732416666666671
-0.5778833333333335  -0.5778833333333335
-0.5795500000000001  -0.5795500000000001
-0.586883333333333  -0.586883333333333
-0.5827166666666664  -0.5827166666666664
-0.5802166666666664  -0.5802166666666664
-0.5886  -0.5886
-0.581508333333333  -0.581508333333333
-0.5604666666666664  -0.5604666666666664
-0.5418499999999999  -0.5418499999999999
-0.5505583333333335  -0.5505583333333335
-0.5358916666666665  -0.5358916666666665
-0.4859916666666666  -0.4859916666666666
-0.4597250000000001  -0.4597250000000001
-0.44955833333333345  -0.44955833333333345
-0.4406416666666665  -0.4406416666666665
-0.44195833333333356  -0.44195833333333356
-0.452258333333333  -0.452258333333333
-0.45779999999999943  -0.45779999999999943
-0.45694166666666647  -0.45694166666666647
-0.46099166666666647  -0.46099166666666647
-0.45735  -0.45735
-0.46368333333333367  -0.46368333333333367
-0.4614499999999999  -0.4614499999999999
-0.44135833333333296  -0.44135833333333296
-0.44335833333333297  -0.44335833333333297
-0.44509166666666644  -0.44509166666666644
-0.4588833333333331  -0.4588833333333331
-0.4483333333333336  -0.4483333333333336
-0.4284833333333331  -0.4284833333333331
-0.4192999999999995  -0.4192999999999995
-0.42735833333333345  -0.42735833333333345
-0.4409  -0.4409
-0.45526666666666654  -0.45526666666666654
-0.4698583333333336  -0.4698583333333336
-0.48787499999999995  -0.48787499999999995
-0.5029250000000006  -0.5029250000000006
-0.5121583333333335  -0.5121583333333335
-0.5242583333333336  -0.5242583333333336
-0.5391000000000001  -0.5391000000000001
-0.5528500000000001  -0.5528500000000001
-0.5632499999999995  -0.5632499999999995
-0.572958333333333  -0.572958333333333
-0.579658333333333  -0.579658333333333
-0.583908333333333  -0.583908333333333
-0.5928583333333335  -0.5928583333333335
-0.5949500000000001  -0.5949500000000001
-0.5979000000000001  -0.5979000000000001
-0.5975166666666667  -0.5975166666666667
-0.6024916666666671  -0.6024916666666671
-0.605775  -0.605775
-0.6148166666666666  -0.6148166666666666
-0.6194583333333331  -0.6194583333333331
-0.6281166666666665  -0.6281166666666665
-0.6341000000000001  -0.6341000000000001
-0.6371916666666665  -0.6371916666666665
-0.6379500000000005  -0.6379500000000005
-0.6289999999999996  -0.6289999999999996
-0.6162666666666671  -0.6162666666666671
-0.6153666666666671  -0.6153666666666671
-0.6173333333333335  -0.6173333333333335
-0.5879000000000001  -0.5879000000000001
-0.5843  -0.5843
-0.587291666666667  -0.587291666666667
-0.5912666666666665  -0.5912666666666665
-0.5947333333333336  -0.5947333333333336
-0.5967416666666665  -0.5967416666666665
-0.5979833333333335  -0.5979833333333335
-0.5994333333333332  -0.5994333333333332
-0.6007333333333336  -0.6007333333333336
-0.6004166666666666  -0.6004166666666666
-0.606133333333333  -0.606133333333333
-0.6109666666666664  -0.6109666666666664
-0.6193166666666665  -0.6193166666666665
-0.6220999999999999  -0.6220999999999999
-0.6281083333333336  -0.6281083333333336
-0.6311250000000006  -0.6311250000000006
-0.6058416666666666  -0.6058416666666666
-0.5586499999999996  -0.5586499999999996
-0.5693750000000002  -0.5693750000000002
-0.5768666666666671  -0.5768666666666671
-0.5808166666666666  -0.5808166666666666
-0.5818583333333329  -0.5818583333333329
-0.5756833333333335  -0.5756833333333335
-0.5690083333333336  -0.5690083333333336
-0.581233333333333  -0.581233333333333
-0.591575  -0.591575
-0.6035416666666666  -0.6035416666666666
-0.6127  -0.6127
-0.5831083333333336  -0.5831083333333336
-0.542458333333333  -0.542458333333333
-0.561058333333333  -0.561058333333333
-0.577725  -0.577725
-0.593458333333333  -0.593458333333333
-0.6079000000000001  -0.6079000000000001
-0.6214416666666671  -0.6214416666666671
-0.6368083333333335  -0.6368083333333335
-0.6479416666666665  -0.6479416666666665
-0.6632250000000001  -0.6632250000000001
-0.6829666666666665  -0.6829666666666665
-0.6998916666666666  -0.6998916666666666
-0.6871916666666665  -0.6871916666666665
-0.6401749999999999  -0.6401749999999999
-0.5730583333333334  -0.5730583333333334
-0.5797583333333336  -0.5797583333333336
-0.60345  -0.60345
-0.6230333333333333  -0.6230333333333333
-0.6436666666666664  -0.6436666666666664
-0.6627083333333336  -0.6627083333333336
-0.6822916666666664  -0.6822916666666664
-0.706575  -0.706575
-0.73045  -0.73045
-0.7514000000000001  -0.7514000000000001
-0.7680833333333337  -0.7680833333333337
-0.775891666666667  -0.775891666666667
-0.790575  -0.790575
-0.8002916666666671  -0.8002916666666671
-0.806416666666667  -0.806416666666667
-0.8206500000000001  -0.8206500000000001
-0.8353083333333331  -0.8353083333333331
-0.840775  -0.840775
-0.8513083333333331  -0.8513083333333331
-0.8550416666666671  -0.8550416666666671
-0.7786416666666665  -0.7786416666666665
-0.8138166666666671  -0.8138166666666671
-0.8432750000000002  -0.8432750000000002
-0.8675833333333329  -0.8675833333333329
-0.8840166666666665  -0.8840166666666665
-0.8941416666666671  -0.8941416666666671
-0.8803416666666666  -0.8803416666666666
-0.8590416666666669  -0.8590416666666669
-0.8571916666666666  -0.8571916666666666
-0.8923000000000001  -0.8923000000000001
-0.9143749999999999  -0.9143749999999999
-0.927975  -0.927975
-0.9439499999999996  -0.9439499999999996
-0.9577416666666672  -0.9577416666666672
-0.9752333333333332  -0.9752333333333332
-0.9855750000000001  -0.9855750000000001
-0.9975083333333337  -0.9975083333333337
-1.0057416666666672  -1.0057416666666672
-0.9963000000000002  -0.9963000000000002
-1.0101083333333336  -1.0101083333333336
-1.0238583333333329  -1.0238583333333329
-1.0373583333333334  -1.0373583333333334
-1.0480333333333336  -1.0480333333333336
-1.0593416666666666  -1.0593416666666666
-1.0644500000000001  -1.0644500000000001
-1.061475  -1.061475
-1.0526  -1.0526
-1.0656750000000001  -1.0656750000000001
-1.0781  -1.0781
-1.0884166666666666  -1.0884166666666666
-1.0990666666666669  -1.0990666666666669
-1.1031166666666665  -1.1031166666666665
-1.0968666666666664  -1.0968666666666664
-1.1023083333333334  -1.1023083333333334
-1.1108333333333336  -1.1108333333333336
-1.1219166666666671  -1.1219166666666671
-1.1258916666666665  -1.1258916666666665
-1.1425416666666666  -1.1425416666666666
-1.1454583333333337  -1.1454583333333337
-1.1508583333333329  -1.1508583333333329
-1.161183333333333  -1.161183333333333
-1.171  -1.171
-1.1751416666666672  -1.1751416666666672
-1.1808583333333336  -1.1808583333333336
-1.1917166666666665  -1.1917166666666665
-1.201925  -1.201925
-1.2112833333333335  -1.2112833333333335
-1.2203750000000007  -1.2203750000000007
-1.2306583333333336  -1.2306583333333336
-1.237425  -1.237425
-1.2251666666666665  -1.2251666666666665
-1.2352833333333335  -1.2352833333333335
-1.236558333333333  -1.236558333333333
-1.2442499999999999  -1.2442499999999999
-1.25125  -1.25125
-1.2561  -1.2561
-1.2533333333333336  -1.2533333333333336
-1.251183333333333  -1.251183333333333
-1.25875  -1.25875
-1.266266666666667  -1.266266666666667
-1.2730916666666665  -1.2730916666666665
-1.264708333333333  -1.264708333333333
-1.2676583333333336  -1.2676583333333336
-1.2767083333333331  -1.2767083333333331
-1.2852166666666667  -1.2852166666666667
-1.2871416666666664  -1.2871416666666664
-1.2889  -1.2889
-1.299266666666667  -1.299266666666667
-1.3029083333333331  -1.3029083333333331
-1.3029583333333334  -1.3029583333333334
-1.30765  -1.30765
-1.315025  -1.315025
-1.3218916666666667  -1.3218916666666667
-1.3198250000000002  -1.3198250000000002
-1.3189583333333337  -1.3189583333333337
-1.32335  -1.32335
-1.327983333333333  -1.327983333333333
-1.3316916666666672  -1.3316916666666672
-1.2866666666666666  -1.2866666666666666
-1.3034333333333337  -1.3034333333333337
-1.2967833333333332  -1.2967833333333332
-1.2865333333333335  -1.2865333333333335
-1.2842333333333336  -1.2842333333333336
-1.2830083333333335  -1.2830083333333335
-1.285591666666667  -1.285591666666667
-1.2906916666666666  -1.2906916666666666
-1.2966333333333335  -1.2966333333333335
-1.3029166666666667  -1.3029166666666667
-1.3100916666666667  -1.3100916666666667
-1.3173333333333332  -1.3173333333333332
-1.32485  -1.32485
-1.3332666666666666  -1.3332666666666666
-1.3390166666666665  -1.3390166666666665
-1.3451250000000001  -1.3451250000000001
-1.3594333333333337  -1.3594333333333337
-1.3564083333333334  -1.3564083333333334
-1.358808333333333  -1.358808333333333
-1.3631583333333337  -1.3631583333333337
-1.3687916666666666  -1.3687916666666666
-1.3741  -1.3741
-1.3795416666666667  -1.3795416666666667
-1.385391666666667  -1.385391666666667
-1.3906  -1.3906
-1.3829250000000002  -1.3829250000000002
-1.3277583333333336  -1.3277583333333336
-1.2632833333333335  -1.2632833333333335
-1.263983333333333  -1.263983333333333
-1.2666333333333335  -1.2666333333333335
-1.2602333333333335  -1.2602333333333335
-1.2555  -1.2555
-1.2503166666666665  -1.2503166666666665
-1.2521166666666665  -1.2521166666666665
-1.252541666666667  -1.252541666666667
-1.255008333333333  -1.255008333333333
-1.2552666666666665  -1.2552666666666665
-1.2576583333333335  -1.2576583333333335
-1.259283333333333  -1.259283333333333
-1.2553  -1.2553
-1.252141666666667  -1.252141666666667
-1.2535833333333335  -1.2535833333333335
-1.2524250000000001  -1.2524250000000001
-1.250708333333333  -1.250708333333333
-1.192458333333333  -1.192458333333333
-1.0992  -1.0992
-1.0818750000000001  -1.0818750000000001
-1.077675  -1.077675
-1.0767083333333334  -1.0767083333333334
-1.0775166666666665  -1.0775166666666665
-1.0811250000000001  -1.0811250000000001
-1.0814916666666665  -1.0814916666666665
-1.0855666666666666  -1.0855666666666666
-1.0814333333333335  -1.0814333333333335
-1.049175  -1.049175
-1.037025  -1.037025
-1.0332166666666667  -1.0332166666666667
-1.033075  -1.033075
-1.0334333333333334  -1.0334333333333334
-1.0311333333333337  -1.0311333333333337
-1.0201500000000001  -1.0201500000000001
-0.9843250000000001  -0.9843250000000001
-0.9645833333333336  -0.9645833333333336
-0.9406416666666666  -0.9406416666666666
-0.9142999999999999  -0.9142999999999999
-0.9113083333333336  -0.9113083333333336
-0.9089166666666666  -0.9089166666666666
-0.907691666666667  -0.907691666666667
-0.9065333333333334  -0.9065333333333334
-0.9059083333333329  -0.9059083333333329
-0.9010916666666666  -0.9010916666666666
-0.8977000000000002  -0.8977000000000002
-0.8954333333333337  -0.8954333333333337
-0.8944999999999994  -0.8944999999999994
-0.8932  -0.8932
-0.890233333333333  -0.890233333333333
-0.882808333333333  -0.882808333333333
-0.8726499999999999  -0.8726499999999999
-0.8572833333333332  -0.8572833333333332
-0.853675  -0.853675
-0.8496916666666665  -0.8496916666666665
-0.8422166666666668  -0.8422166666666668
-0.8411500000000001  -0.8411500000000001
-0.8383  -0.8383
-0.837091666666667  -0.837091666666667
-0.8355166666666671  -0.8355166666666671
-0.8307250000000004  -0.8307250000000004
-0.8273916666666665  -0.8273916666666665
-0.8192583333333334  -0.8192583333333334
-0.8149166666666665  -0.8149166666666665
-0.8118916666666665  -0.8118916666666665
-0.8090666666666666  -0.8090666666666666
-0.80565  -0.80565
-0.8036250000000007  -0.8036250000000007
-0.8029333333333335  -0.8029333333333335
-0.7949750000000002  -0.7949750000000002
-0.7690999999999999  -0.7690999999999999
-0.762175  -0.762175
-0.7579166666666666  -0.7579166666666666
-0.7510833333333331  -0.7510833333333331
-0.787058333333333  -0.787058333333333
-0.7901833333333336  -0.7901833333333336
-0.8100416666666665  -0.8100416666666665
-0.8252833333333336  -0.8252833333333336
-0.7825416666666665  -0.7825416666666665
-0.7623  -0.7623
-0.7624249999999995  -0.7624249999999995
-0.763733333333333  -0.763733333333333
-0.7977666666666664  -0.7977666666666664
-0.7921916666666671  -0.7921916666666671
-0.7889833333333336  -0.7889833333333336
-0.7856000000000001  -0.7856000000000001
-0.7801666666666665  -0.7801666666666665
-0.7563416666666665  -0.7563416666666665
-0.7485416666666665  -0.7485416666666665
-0.7620250000000002  -0.7620250000000002
-0.664625  -0.664625
-0.6985416666666671  -0.6985416666666671
-0.8014000000000001  -0.8014000000000001
-0.884125  -0.884125
-0.871075  -0.871075
-0.8000666666666667  -0.8000666666666667
-0.771058333333333  -0.771058333333333
-0.7639250000000002  -0.7639250000000002
-0.7679083333333335  -0.7679083333333335
-0.7641000000000001  -0.7641000000000001
-0.7363999999999999  -0.7363999999999999
-0.7183916666666665  -0.7183916666666665
-0.7221250000000001  -0.7221250000000001
-0.7197833333333334  -0.7197833333333334
-0.7357416666666665  -0.7357416666666665
-0.74165  -0.74165
-0.6757583333333335  -0.6757583333333335
-0.6754  -0.6754
-0.6840999999999995  -0.6840999999999995
-0.687508333333333  -0.687508333333333
-0.689716666666667  -0.689716666666667
-0.6942583333333336  -0.6942583333333336
-0.69545  -0.69545
-0.7011833333333335  -0.7011833333333335
-0.700666666666667  -0.700666666666667
-0.70215  -0.70215
-0.709858333333333  -0.709858333333333
-0.7110333333333335  -0.7110333333333335
-0.7087749999999999  -0.7087749999999999
-0.709683333333333  -0.709683333333333
-0.7108166666666664  -0.7108166666666664
-0.703441666666667  -0.703441666666667
-0.7067416666666665  -0.7067416666666665
-0.7095499999999999  -0.7095499999999999
-0.6809083333333334  -0.6809083333333334
-0.641125  -0.641125
-0.6350416666666671  -0.6350416666666671
-0.6309500000000001  -0.6309500000000001
-0.6231250000000002  -0.6231250000000002
-0.5995  -0.5995
-0.5856749999999995  -0.5856749999999995
-0.5829416666666665  -0.5829416666666665
-0.5768  -0.5768
-0.587491666666667  -0.587491666666667
-0.5932249999999999  -0.5932249999999999
-0.6020750000000001  -0.6020750000000001
-0.6091833333333335  -0.6091833333333335
-0.5630833333333335  -0.5630833333333335
-0.559725  -0.559725
-0.5732416666666671  -0.5732416666666671
-0.5778833333333335  -0.5778833333333335
-0.5795500000000001  -0.5795500000000001
-0.586883333333333  -0.586883333333333
-0.5827166666666664  -0.5827166666666664
-0.5802166666666664  -0.5802166666666664
-0.5886  -0.5886
-0.581508333333333  -0.581508333333333
-0.5604666666666664  -0.5604666666666664
-0.5418499999999999  -0.5418499999999999
-0.5505583333333335  -0.5505583333333335
-0.5358916666666665  -0.5358916666666665
-0.4859916666666666  -0.4859916666666666
-0.4597250000000001  -0.4597250000000001
-0.44955833333333345  -0.44955833333333345
-0.4406416666666665  -0.4406416666666665
-0.44195833333333356  -0.44195833333333356
-0.452258333333333  -0.452258333333333
-0.45779999999999943  -0.45779999999999943
-0.45694166666666647  -0.45694166666666647
-0.46099166666666647  -0.46099166666666647
-0.45735  -0.45735
-0.46368333333333367  -0.46368333333333367
-0.4614499999999999  -0.4614499999999999
-0.44135833333333296  -0.44135833333333296
-0.44335833333333297  -0.44335833333333297
-0.44509166666666644  -0.44509166666666644
-0.4588833333333331  -0.4588833333333331
-0.4483333333333336  -0.4483333333333336
-0.4284833333333331  -0.4284833333333331
-0.4192999999999995  -0.4192999999999995
-0.42735833333333345  -0.42735833333333345
-0.4409  -0.4409
-0.45526666666666654  -0.45526666666666654
-0.4698583333333336  -0.4698583333333336
-0.48787499999999995  -0.48787499999999995
-0.5029250000000006  -0.5029250000000006
-0.5121583333333335  -0.5121583333333335
-0.5242583333333336  -0.5242583333333336
-0.5391000000000001  -0.5391000000000001
-0.5528500000000001  -0.5528500000000001
-0.5632499999999995  -0.5632499999999995
-0.572958333333333  -0.572958333333333
-0.579658333333333  -0.579658333333333
-0.583908333333333  -0.583908333333333
-0.5928583333333335  -0.5928583333333335
-0.5949500000000001  -0.5949500000000001
-0.5979000000000001  -0.5979000000000001
-0.5975166666666667  -0.5975166666666667
-0.6024916666666671  -0.6024916666666671
-0.605775  -0.605775
-0.6148166666666666  -0.6148166666666666
-0.6194583333333331  -0.6194583333333331
-0.6281166666666665  -0.6281166666666665
-0.6341000000000001  -0.6341000000000001
-0.6371916666666665  -0.6371916666666665
-0.6379500000000005  -0.6379500000000005
-0.6289999999999996  -0.6289999999999996
-0.6162666666666671  -0.6162666666666671
-0.6153666666666671  -0.6153666666666671
-0.6173333333333335  -0.6173333333333335
-0.5879000000000001  -0.5879000000000001
-0.5843  -0.5843
-0.587291666666667  -0.587291666666667
-0.5912666666666665  -0.5912666666666665
-0.5947333333333336  -0.5947333333333336
-0.5967416666666665  -0.5967416666666665
-0.5979833333333335  -0.5979833333333335
-0.5994333333333332  -0.5994333333333332
-0.6007333333333336  -0.6007333333333336
-0.6004166666666666  -0.6004166666666666
-0.606133333333333  -0.606133333333333
-0.6109666666666664  -0.6109666666666664
-0.6193166666666665  -0.6193166666666665
-0.6220999999999999  -0.6220999999999999
-0.6281083333333336  -0.6281083333333336
-0.6311250000000006  -0.6311250000000006
-0.6058416666666666  -0.6058416666666666
-0.5586499999999996  -0.5586499999999996
-0.5693750000000002  -0.5693750000000002
-0.5768666666666671  -0.5768666666666671
-0.5808166666666666  -0.5808166666666666
-0.5818583333333329  -0.5818583333333329
-0.5756833333333335  -0.5756833333333335
-0.5690083333333336  -0.5690083333333336
-0.581233333333333  -0.581233333333333
-0.591575  -0.591575
-0.6035416666666666  -0.6035416666666666
-0.6127  -0.6127
-0.5831083333333336  -0.5831083333333336
-0.542458333333333  -0.542458333333333
-0.561058333333333  -0.561058333333333
-0.577725  -0.577725
-0.593458333333333  -0.593458333333333
-0.6079000000000001  -0.6079000000000001
-0.6214416666666671  -0.6214416666666671
-0.6368083333333335  -0.6368083333333335
-0.6479416666666665  -0.6479416666666665
-0.6632250000000001  -0.6632250000000001
-0.6829666666666665  -0.6829666666666665
-0.6998916666666666  -0.6998916666666666
-0.6871916666666665  -0.6871916666666665
-0.6401749999999999  -0.6401749999999999
-0.5730583333333334  -0.5730583333333334
-0.5797583333333336  -0.5797583333333336
-0.60345  -0.60345
-0.6230333333333333  -0.6230333333333333
-0.6436666666666664  -0.6436666666666664
-0.6627083333333336  -0.6627083333333336
-0.6822916666666664  -0.6822916666666664
-0.706575  -0.706575
-0.73045  -0.73045
-0.7514000000000001  -0.7514000000000001
-0.7680833333333337  -0.7680833333333337
-0.775891666666667  -0.775891666666667
-0.790575  -0.790575
-0.8002916666666671  -0.8002916666666671
-0.806416666666667  -0.806416666666667
-0.8206500000000001  -0.8206500000000001
-0.8353083333333331  -0.8353083333333331
-0.840775  -0.840775
-0.8513083333333331  -0.8513083333333331
-0.8550416666666671  -0.8550416666666671
-0.7786416666666665  -0.7786416666666665
-0.8138166666666671  -0.8138166666666671
-0.8432750000000002  -0.8432750000000002
-0.8675833333333329  -0.8675833333333329
-0.8840166666666665  -0.8840166666666665
-0.8941416666666671  -0.8941416666666671
-0.8803416666666666  -0.8803416666666666
-0.8590416666666669  -0.8590416666666669
-0.8571916666666666  -0.8571916666666666
-0.8923000000000001  -0.8923000000000001
-0.9143749999999999  -0.9143749999999999
-0.927975  -0.927975
-0.9439499999999996  -0.9439499999999996
-0.9577416666666672  -0.9577416666666672
-0.9752333333333332  -0.9752333333333332
-0.9855750000000001  -0.9855750000000001
-0.9975083333333337  -0.9975083333333337
-1.0057416666666672  -1.0057416666666672
-0.9963000000000002  -0.9963000000000002
-1.0101083333333336  -1.0101083333333336
-1.0238583333333329  -1.0238583333333329
-1.0373583333333334  -1.0373583333333334
-1.0480333333333336  -1.0480333333333336
-1.0593416666666666  -1.0593416666666666
-1.0644500000000001  -1.0644500000000001
-1.061475  -1.061475
-1.0526  -1.0526
-1.0656750000000001  -1.0656750000000001
-1.0781  -1.0781
-1.0884166666666666  -1.0884166666666666
-1.0990666666666669  -1.0990666666666669
-1.1031166666666665  -1.1031166666666665
-1.0968666666666664  -1.0968666666666664
-1.1023083333333334  -1.1023083333333334
-1.1108333333333336  -1.1108333333333336
-1.1219166666666671  -1.1219166666666671
-1.1258916666666665  -1.1258916666666665
-1.1425416666666666  -1.1425416666666666
-1.1454583333333337  -1.1454583333333337
-1.1508583333333329  -1.1508583333333329
-1.161183333333333  -1.161183333333333
-1.171  -1.171
-1.1751416666666672  -1.1751416666666672
-1.1808583333333336  -1.1808583333333336
-1.1917166666666665  -1.1917166666666665
-1.201925  -1.201925
-1.2112833333333335  -1.2112833333333335
-1.2203750000000007  -1.2203750000000007
-1.2306583333333336  -1.2306583333333336
-1.237425  -1.237425
-1.2251666666666665  -1.2251666666666665
-1.2352833333333335  -1.2352833333333335
-1.236558333333333  -1.236558333333333
-1.2442499999999999  -1.2442499999999999
-1.25125  -1.25125
-1.2561  -1.2561
-1.2533333333333336  -1.2533333333333336
-1.251183333333333  -1.251183333333333
-1.25875  -1.25875
-1.266266666666667  -1.266266666666667
-1.2730916666666665  -1.2730916666666665
-1.264708333333333  -1.264708333333333
-1.2676583333333336  -1.2676583333333336
-1.2767083333333331  -1.2767083333333331
-1.2852166666666667  -1.2852166666666667
-1.2871416666666664  -1.2871416666666664
-1.2889  -1.2889
-1.299266666666667  -1.299266666666667
-1.3029083333333331  -1.3029083333333331
-1.3029583333333334  -1.3029583333333334
-1.30765  -1.30765
-1.315025  -1.315025
-1.3218916666666667  -1.3218916666666667
-1.3198250000000002  -1.3198250000000002
-1.3189583333333337  -1.3189583333333337
-1.32335  -1.32335
-1.327983333333333  -1.327983333333333
-1.3316916666666672  -1.3316916666666672
-1.2866666666666666  -1.2866666666666666
-1.3034333333333337  -1.3034333333333337
-1.2967833333333332  -1.2967833333333332
-1.2865333333333335  -1.2865333333333335
-1.2842333333333336  -1.2842333333333336
-1.2830083333333335  -1.2830083333333335
-1.285591666666667  -1.285591666666667
-1.2906916666666666  -1.2906916666666666
-1.2966333333333335  -1.2966333333333335
-1.3029166666666667  -1.3029166666666667
-1.3100916666666667  -1.3100916666666667
-1.3173333333333332  -1.3173333333333332
-1.32485  -1.32485
-1.3332666666666666  -1.3332666666666666
-1.3390166666666665  -1.3390166666666665
-1.3451250000000001  -1.3451250000000001
-1.3594333333333337  -1.3594333333333337
-1.3564083333333334  -1.3564083333333334
-1.358808333333333  -1.358808333333333
-1.3631583333333337  -1.3631583333333337
-1.3687916666666666  -1.3687916666666666
-1.3741  -1.3741
-1.3795416666666667  -1.3795416666666667
-1.385391666666667  -1.385391666666667
-1.3906  -1.3906
-1.3829250000000002  -1.3829250000000002
-1.3277583333333336  -1.3277583333333336
-1.2632833333333335  -1.2632833333333335
-1.263983333333333  -1.263983333333333
-1.2666333333333335  -1.2666333333333335
-1.2602333333333335  -1.2602333333333335
-1.2555  -1.2555
-1.2503166666666665  -1.2503166666666665
-1.2521166666666665  -1.2521166666666665
-1.252541666666667  -1.252541666666667
-1.255008333333333  -1.255008333333333
-1.2552666666666665  -1.2552666666666665
-1.2576583333333335  -1.2576583333333335
-1.259283333333333  -1.259283333333333
-1.2553  -1.2553
-1.252141666666667  -1.252141666666667
-1.2535833333333335  -1.2535833333333335
-1.2524250000000001  -1.2524250000000001
-1.250708333333333  -1.250708333333333
-1.192458333333333  -1.192458333333333
-1.0992  -1.0992
-1.0818750000000001  -1.0818750000000001
-1.077675  -1.077675
-1.0767083333333334  -1.0767083333333334
-1.0775166666666665  -1.0775166666666665
-1.0811250000000001  -1.0811250000000001
-1.0814916666666665  -1.0814916666666665
-1.0855666666666666  -1.0855666666666666
-1.0814333333333335  -1.0814333333333335
-1.049175  -1.049175
-1.037025  -1.037025
-1.0332166666666667  -1.0332166666666667
-1.033075  -1.033075
-1.0334333333333334  -1.0334333333333334
-1.0311333333333337  -1.0311333333333337
-1.0201500000000001  -1.0201500000000001
-0.9843250000000001  -0.9843250000000001
-0.9645833333333336  -0.9645833333333336
-0.9406416666666666  -0.9406416666666666
-0.9142999999999999  -0.9142999999999999
-0.9113083333333336  -0.9113083333333336
-0.9089166666666666  -0.9089166666666666
-0.907691666666667  -0.907691666666667
-0.9065333333333334  -0.9065333333333334
-0.9059083333333329  -0.9059083333333329
-0.9010916666666666  -0.9010916666666666
-0.8977000000000002  -0.8977000000000002
-0.8954333333333337  -0.8954333333333337
-0.8944999999999994  -0.8944999999999994
-0.8932  -0.8932
-0.890233333333333  -0.890233333333333
-0.882808333333333  -0.882808333333333
-0.8726499999999999  -0.8726499999999999
-0.8572833333333332  -0.8572833333333332
-0.853675  -0.853675
-0.8496916666666665  -0.8496916666666665
-0.8422166666666668  -0.8422166666666668
-0.8411500000000001  -0.8411500000000001
-0.8383  -0.8383
-0.837091666666667  -0.837091666666667
-0.8355166666666671  -0.8355166666666671
-0.8307250000000004  -0.8307250000000004
-0.8273916666666665  -0.8273916666666665
-0.8192583333333334  -0.8192583333333334
-0.8149166666666665  -0.8149166666666665
-0.8118916666666665  -0.8118916666666665
-0.8090666666666666  -0.8090666666666666
-0.80565  -0.80565
-0.8036250000000007  -0.8036250000000007
-0.8029333333333335  -0.8029333333333335
-0.7949750000000002  -0.7949750000000002
-0.7690999999999999  -0.7690999999999999
-0.762175  -0.762175
-0.7579166666666666  -0.7579166666666666
-0.7510833333333331  -0.7510833333333331
-0.787058333333333  -0.787058333333333
-0.7901833333333336  -0.7901833333333336
-0.8100416666666665  -0.8100416666666665
-0.8252833333333336  -0.8252833333333336
-0.7825416666666665  -0.7825416666666665
-0.7623  -0.7623
-0.7624249999999995  -0.7624249999999995
-0.763733333333333  -0.763733333333333
-0.7977666666666664  -0.7977666666666664
-0.7921916666666671  -0.7921916666666671
-0.7889833333333336  -0.7889833333333336
-0.7856000000000001  -0.7856000000000001
-0.7801666666666665  -0.7801666666666665
-0.7563416666666665  -0.7563416666666665
-0.7485416666666665  -0.7485416666666665
-0.7620250000000002  -0.7620250000000002
-0.664625  -0.664625
-0.6985416666666671  -0.6985416666666671
-0.8014000000000001  -0.8014000000000001
-0.884125  -0.884125
-0.871075  -0.871075
-0.8000666666666667  -0.8000666666666667
-0.771058333333333  -0.771058333333333
-0.7481249999999999  -0.7481249999999999
-0.6972  -0.6972
-0.690183333333333  -0.690183333333333
-0.6662416666666665  -0.6662416666666665
-0.6543833333333331  -0.6543833333333331
-0.646225  -0.646225
-0.636341666666667  -0.636341666666667
-0.6267083333333334  -0.6267083333333334
-0.5908416666666665  -0.5908416666666665
-0.6410750000000001  -0.6410750000000001
-0.675425  -0.675425
-0.7277083333333336  -0.7277083333333336
-0.684116666666667  -0.684116666666667
-0.633025  -0.633025
-0.5751  -0.5751
-0.5795416666666666  -0.5795416666666666
-0.5990833333333336  -0.5990833333333336
-0.6104250000000007  -0.6104250000000007
-0.6230666666666664  -0.6230666666666664
-0.6151416666666671  -0.6151416666666671
-0.6566083333333331  -0.6566083333333331
-0.6854166666666666  -0.6854166666666666
-0.6320583333333332  -0.6320583333333332
-0.6035000000000001  -0.6035000000000001
-0.5568583333333335  -0.5568583333333335
-0.5288916666666665  -0.5288916666666665
-0.5263500000000004  -0.5263500000000004
-0.5635083333333335  -0.5635083333333335
-0.576466666666667  -0.576466666666667
-0.568958333333333  -0.568958333333333
-0.5527333333333335  -0.5527333333333335
-0.5987249999999995  -0.5987249999999995
-0.6045250000000002  -0.6045250000000002
-0.5756666666666665  -0.5756666666666665
-0.449141666666667  -0.449141666666667
-0.401133333333333  -0.401133333333333
-0.41325  -0.41325
-0.4495416666666665  -0.4495416666666665
-0.493375  -0.493375
-0.49510000000000004  -0.49510000000000004
-0.47045000000000003  -0.47045000000000003
-0.407975  -0.407975
-0.4262750000000005  -0.4262750000000005
-0.5559000000000001  -0.5559000000000001
-0.5805333333333336  -0.5805333333333336
-0.6147166666666665  -0.6147166666666665
-0.6575666666666671  -0.6575666666666671
-0.6016999999999995  -0.6016999999999995
-0.5225749999999999  -0.5225749999999999
-0.506066666666667  -0.506066666666667
-0.490216666666667  -0.490216666666667
-0.5128083333333336  -0.5128083333333336
-0.4969000000000001  -0.4969000000000001
-0.5321083333333331  -0.5321083333333331
-0.544225  -0.544225
-0.5723666666666667  -0.5723666666666667
-0.5448333333333336  -0.5448333333333336
-0.525091666666667  -0.525091666666667
-0.52925  -0.52925
-0.5564249999999994  -0.5564249999999994
-0.5710583333333334  -0.5710583333333334
-0.5739999999999996  -0.5739999999999996
-0.575  -0.575
-0.5828333333333335  -0.5828333333333335
-0.5938500000000007  -0.5938500000000007
-0.589975  -0.589975
-0.6003499999999999  -0.6003499999999999
-0.6091916666666666  -0.6091916666666666
-0.6073500000000005  -0.6073500000000005
-0.6144916666666665  -0.6144916666666665
-0.5381999999999999  -0.5381999999999999
-0.5577166666666672  -0.5577166666666672
-0.5116416666666664  -0.5116416666666664
-0.47336666666666644  -0.47336666666666644
-0.4311083333333336  -0.4311083333333336
-0.5051833333333335  -0.5051833333333335
-0.5074583333333331  -0.5074583333333331
-0.47599166666666703  -0.47599166666666703
-0.479075  -0.479075
-0.4895999999999999  -0.4895999999999999
-0.517383333333333  -0.517383333333333
-0.5355166666666664  -0.5355166666666664
-0.5499166666666666  -0.5499166666666666
-0.5610750000000002  -0.5610750000000002
-0.5698083333333329  -0.5698083333333329
-0.558991666666667  -0.558991666666667
-0.550975  -0.550975
-0.5652666666666666  -0.5652666666666666
-0.5781999999999999  -0.5781999999999999
-0.5859833333333331  -0.5859833333333331
-0.5893583333333337  -0.5893583333333337
-0.5947500000000001  -0.5947500000000001
-0.5962500000000002  -0.5962500000000002
-0.5992083333333331  -0.5992083333333331
-0.5730249999999999  -0.5730249999999999
-0.5622583333333335  -0.5622583333333335
-0.5642  -0.5642
-0.568033333333333  -0.568033333333333
-0.5852250000000006  -0.5852250000000006
-0.5779666666666665  -0.5779666666666665
-0.5738750000000001  -0.5738750000000001
-0.5817833333333335  -0.5817833333333335
-0.584216666666667  -0.584216666666667
-0.5907583333333335  -0.5907583333333335
-0.598108333333333  -0.598108333333333
-0.5837916666666665  -0.5837916666666665
-0.5828166666666665  -0.5828166666666665
-0.5223749999999999  -0.5223749999999999
-0.5040166666666666  -0.5040166666666666
-0.5000000000000001  -0.5000000000000001
-0.526391666666667  -0.526391666666667
-0.5442583333333334  -0.5442583333333334
-0.5467166666666665  -0.5467166666666665
-0.560683333333333  -0.560683333333333
-0.5698333333333336  -0.5698333333333336
-0.576383333333333  -0.576383333333333
-0.5823499999999999  -0.5823499999999999
-0.5865500000000001  -0.5865500000000001
-0.5702666666666665  -0.5702666666666665
-0.5662916666666671  -0.5662916666666671
-0.5723166666666666  -0.5723166666666666
-0.5482416666666672  -0.5482416666666672
-0.48105000000000003  -0.48105000000000003
-0.4977000000000001  -0.4977000000000001
-0.5127249999999997  -0.5127249999999997
-0.5185583333333337  -0.5185583333333337
-0.5082000000000001  -0.5082000000000001
-0.5108250000000001  -0.5108250000000001
-0.5352083333333335  -0.5352083333333335
-0.5613916666666672  -0.5613916666666672
-0.5845416666666671  -0.5845416666666671
-0.598416666666667  -0.598416666666667
-0.5457666666666665  -0.5457666666666665
-0.53295  -0.53295
-0.5515000000000001  -0.5515000000000001
-0.5619583333333336  -0.5619583333333336
-0.579925  -0.579925
-0.5940166666666666  -0.5940166666666666
-0.608141666666667  -0.608141666666667
-0.622066666666667  -0.622066666666667
-0.6344583333333336  -0.6344583333333336
-0.64005  -0.64005
-0.6177000000000001  -0.6177000000000001
-0.60605  -0.60605
-0.61595  -0.61595
-0.6117333333333336  -0.6117333333333336
-0.6113416666666666  -0.6113416666666666
-0.6085583333333329  -0.6085583333333329
-0.615275  -0.615275
-0.631775  -0.631775
-0.6401999999999999  -0.6401999999999999
-0.6488666666666665  -0.6488666666666665
-0.6614916666666664  -0.6614916666666664
-0.675975  -0.675975
-0.6688833333333329  -0.6688833333333329
-0.6710583333333331  -0.6710583333333331
-0.6935833333333337  -0.6935833333333337
-0.710683333333333  -0.710683333333333
-0.7290333333333331  -0.7290333333333331
-0.745425  -0.745425
-0.7622666666666666  -0.7622666666666666
-0.7799583333333335  -0.7799583333333335
-0.7816416666666666  -0.7816416666666666
-0.7749083333333335  -0.7749083333333335
-0.7916416666666666  -0.7916416666666666
-0.8066500000000001  -0.8066500000000001
-0.8202916666666671  -0.8202916666666671
-0.8424333333333336  -0.8424333333333336
-0.8676333333333339  -0.8676333333333339
-0.8913250000000001  -0.8913250000000001
-0.9113  -0.9113
-0.928841666666667  -0.928841666666667
-0.934366666666667  -0.934366666666667
-0.9404000000000001  -0.9404000000000001
-0.9436083333333336  -0.9436083333333336
-0.944908333333333  -0.944908333333333
-0.9567583333333336  -0.9567583333333336
-0.9709416666666666  -0.9709416666666666
-0.9862500000000001  -0.9862500000000001
-0.996675  -0.996675
-0.8739250000000005  -0.8739250000000005
-0.6975333333333336  -0.6975333333333336
-0.665658333333333  -0.665658333333333
-0.6887166666666665  -0.6887166666666665
-0.7111833333333335  -0.7111833333333335
-0.7289916666666665  -0.7289916666666665
-0.7470916666666672  -0.7470916666666672
-0.732175  -0.732175
-0.7189583333333336  -0.7189583333333336
-0.6965250000000001  -0.6965250000000001
-0.6785916666666665  -0.6785916666666665
-0.7050000000000001  -0.7050000000000001
-0.7225833333333336  -0.7225833333333336
-0.7406750000000006  -0.7406750000000006
-0.738625  -0.738625
-0.7503249999999999  -0.7503249999999999
-0.7701833333333337  -0.7701833333333337
-0.7829  -0.7829
-0.8043750000000001  -0.8043750000000001
-0.8241583333333331  -0.8241583333333331
-0.8372250000000001  -0.8372250000000001
-0.8483416666666665  -0.8483416666666665
-0.8603833333333335  -0.8603833333333335
-0.872108333333333  -0.872108333333333
-0.8898166666666665  -0.8898166666666665
-0.9112  -0.9112
-0.9281750000000004  -0.9281750000000004
-0.9472333333333331  -0.9472333333333331
-0.9616083333333334  -0.9616083333333334
-0.9745999999999999  -0.9745999999999999
-0.990175  -0.990175
-1.0043083333333336  -1.0043083333333336
-1.0139000000000002  -1.0139000000000002
-1.0212750000000002  -1.0212750000000002
-1.0283083333333334  -1.0283083333333334
-1.0186000000000002  -1.0186000000000002
-1.028075  -1.028075
-1.035241666666667  -1.035241666666667
-1.044891666666667  -1.044891666666667
-1.054875  -1.054875
-1.0657666666666672  -1.0657666666666672
-1.0700916666666667  -1.0700916666666667
-1.0717833333333335  -1.0717833333333335
-1.0819833333333329  -1.0819833333333329
-1.0919166666666666  -1.0919166666666666
-1.1022666666666665  -1.1022666666666665
-1.110416666666667  -1.110416666666667
-1.118125  -1.118125
-1.12185  -1.12185
-1.1280000000000001  -1.1280000000000001
-1.1349  -1.1349
-1.138425  -1.138425
-1.1436583333333334  -1.1436583333333334
-1.144108333333333  -1.144108333333333
-1.073541666666667  -1.073541666666667
-1.051125  -1.051125
-1.0575166666666664  -1.0575166666666664
-1.0537749999999995  -1.0537749999999995
-1.0473750000000006  -1.0473750000000006
-1.04625  -1.04625
-1.0424666666666667  -1.0424666666666667
-1.0025083333333336  -1.0025083333333336
-0.9544583333333336  -0.9544583333333336
-0.926275  -0.926275
-0.9258333333333331  -0.9258333333333331
-0.962833333333333  -0.962833333333333
-0.9722249999999999  -0.9722249999999999
-0.962925  -0.962925
-0.972458333333333  -0.972458333333333
-0.987408333333333  -0.987408333333333
-1.0058583333333335  -1.0058583333333335
-1.046158333333333  -1.046158333333333
-1.060283333333333  -1.060283333333333
-1.062516666666667  -1.062516666666667
-1.065575  -1.065575
-1.0693083333333335  -1.0693083333333335
-1.0804333333333336  -1.0804333333333336
-1.092325  -1.092325
-1.0729166666666665  -1.0729166666666665
-1.064775  -1.064775
-1.0450166666666665  -1.0450166666666665
-1.0266416666666667  -1.0266416666666667
-1.0137666666666667  -1.0137666666666667
-1.0250666666666666  -1.0250666666666666
-1.0863666666666665  -1.0863666666666665
-1.1014  -1.1014
-1.092275  -1.092275
-1.1003749999999999  -1.1003749999999999
-1.1035249999999999  -1.1035249999999999
-1.1079333333333334  -1.1079333333333334
-1.104383333333333  -1.104383333333333
-1.097916666666667  -1.097916666666667
-1.101783333333333  -1.101783333333333
-1.1096750000000002  -1.1096750000000002
-1.114925  -1.114925
-1.1228416666666665  -1.1228416666666665
-1.127908333333333  -1.127908333333333
-1.1242833333333335  -1.1242833333333335
-1.1218  -1.1218
-1.1262166666666666  -1.1262166666666666
-1.1302666666666665  -1.1302666666666665
-1.1344833333333335  -1.1344833333333335
-1.1367833333333335  -1.1367833333333335
-1.1360000000000001  -1.1360000000000001
-1.1342083333333335  -1.1342083333333335
-1.1355749999999996  -1.1355749999999996
-1.1337166666666665  -1.1337166666666665
-1.1287666666666665  -1.1287666666666665
-1.1251333333333329  -1.1251333333333329
-1.1294333333333335  -1.1294333333333335
-1.11795  -1.11795
-1.1379583333333334  -1.1379583333333334
-1.1448166666666666  -1.1448166666666666
-1.1376833333333334  -1.1376833333333334
-1.1323833333333335  -1.1323833333333335
-1.128433333333333  -1.128433333333333
-1.1282583333333336  -1.1282583333333336
-1.126616666666667  -1.126616666666667
-1.1245916666666664  -1.1245916666666664
-1.1222416666666666  -1.1222416666666666
-1.1227  -1.1227
-1.121475  -1.121475
-1.1212416666666671  -1.1212416666666671
-1.123058333333333  -1.123058333333333
-1.1203666666666665  -1.1203666666666665
-1.0975  -1.0975
-1.0808  -1.0808
-1.0347  -1.0347
-0.8873416666666669  -0.8873416666666669
-0.8744250000000007  -0.8744250000000007
-0.857733333333333  -0.857733333333333
-0.822791666666667  -0.822791666666667
-0.8052333333333335  -0.8052333333333335
-0.7982833333333337  -0.7982833333333337
-0.7943916666666665  -0.7943916666666665
-0.7905083333333336  -0.7905083333333336
-0.7872916666666665  -0.7872916666666665
-0.783483333333333  -0.783483333333333
-0.7708666666666664  -0.7708666666666664
-0.7616750000000001  -0.7616750000000001
-0.7579166666666671  -0.7579166666666671
-0.7568166666666669  -0.7568166666666669
-0.7538083333333336  -0.7538083333333336
-0.752475  -0.752475
-0.7517416666666671  -0.7517416666666671
-0.7557916666666665  -0.7557916666666665
-0.7576916666666671  -0.7576916666666671
-0.75315  -0.75315
-0.750091666666667  -0.750091666666667
-0.749325  -0.749325
-0.7496583333333336  -0.7496583333333336
-0.7491916666666671  -0.7491916666666671
-0.7449416666666671  -0.7449416666666671
-0.7245833333333334  -0.7245833333333334
-0.7303250000000001  -0.7303250000000001
-0.6979083333333337  -0.6979083333333337
-0.6222166666666664  -0.6222166666666664
-0.6374250000000001  -0.6374250000000001
-0.608975  -0.608975
-0.5441666666666666  -0.5441666666666666
-0.5397166666666665  -0.5397166666666665
-0.5638833333333331  -0.5638833333333331
-0.5655249999999995  -0.5655249999999995
-0.5873416666666665  -0.5873416666666665
-0.51915  -0.51915
-0.46774166666666717  -0.46774166666666717
-0.502  -0.502
-0.5409166666666665  -0.5409166666666665
-0.5392250000000005  -0.5392250000000005
-0.5301749999999995  -0.5301749999999995
-0.5247250000000001  -0.5247250000000001
-0.5590250000000001  -0.5590250000000001
-0.6267083333333336  -0.6267083333333336
-0.5874916666666665  -0.5874916666666665
-0.5811666666666664  -0.5811666666666664
-0.577941666666667  -0.577941666666667
-0.66415  -0.66415
-0.6244166666666664  -0.6244166666666664
-0.5214583333333336  -0.5214583333333336
-0.5456166666666665  -0.5456166666666665
-0.6046666666666671  -0.6046666666666671
-0.6498583333333334  -0.6498583333333334
-0.6364583333333336  -0.6364583333333336
-0.5836166666666665  -0.5836166666666665
-0.5248999999999999  -0.5248999999999999
