No comments
1096
1 2 3 4 5 6 7 8 9 10 11 12 13 14 15 16 17 18 19 20 21 22 23 24 25 26 27 28 29 30 31 32 33 34 35 36 37 38 39 40 41 42 43 44 45 46 47 48 49 50 51 52 53 54 55 56 57 58 59 60 61 62 63 64 65 66 67 68 69 70 71 72 73 74 75 76 77 78 79 80 81 82 83 84 85 86 87 88 89 90 91 92 93 94 95 96 97 98 99 100 101 102 103 104 105 106 107 108 109 110 111 112 113 114 115 116 117 118 119 120 121 122 123 124 125 126 127 128 129 130 131 132 133 134 135 136 137 138 139 140 141 142 143 144 145 146 147 148 149 150 151 152 153 154 155 156 157 158 159 160 161 162 163 164 165 166 167 168 169 170 171 172 173 174 175 176 177 178 179 180 181 182 183 184 185 186 187 188 189 190 191 192 193 194 195 196 197 198 199 200 201 202 203 204 205 206 207 208 209 210 211 212 213 214 215 216 217 218 219 220 221 222 223 224 225 226 227 228 229 230 231 232 233 234 235 236 237 238 239 240 241 242 243 244 245 246 247 248 249 250 251 252 253 254 255 256 257 258 259 260 261 262 263 264 265 266 267 268 269 270 271 272 273 274 275 276 277 278 279 280 281 282 283 284 285 286 287 288 289 290 291 292 293 294 295 296 297 298 299 300 301 302 303 304 305 306 307 308 309 310 311 312 313 314 315 316 317 318 319 320 321 322 323 324 325 326 327 328 329 330 331 332 333 334 335 336 337 338 339 340 341 342 343 344 345 346 347 348 349 350 351 352 353 354 355 356 357 358 359 360 361 362 363 364 365 366 367 368 369 370 371 372 373 374 375 376 377 378 379 380 381 382 383 384 385 386 387 388 389 390 391 392 393 394 395 396 397 398 399 400 401 402 403 404 405 406 407 408 409 410 411 412 413 414 415 416 417 418 419 420 421 422 423 424 425 426 427 428 429 430 431 432 433 434 435 436 437 438 439 440 441 442 443 444 445 446 447 448 449 450 451 452 453 454 455 456 457 458 459 460 461 462 463 464 465 466 467 468 469 470 471 472 473 474 475 476 477 478 479 480 481 482 483 484 485 486 487 488 489 490 491 492 493 494 495 496 497 498 499 500 501 502 503 504 505 506 507 508 509 510 511 512 513 514 515 516 517 518 519 520 521 522 523 524 525 526 527 528 529 530 531 532 533 534 535 536 537 538 539 540 541 542 543 544 545 546 547 548 549 550 551 552 553 554 555 556 557 558 559 560 561 562 563 564 565 566 567 568 569 570 571 572 573 574 575 576 577 578 579 580 581 582 583 584 585 586 587 588 589 590 591 592 593 594 595 596 597 598 599 600 601 602 603 604 605 606 607 608 609 610 611 612 613 614 615 616 617 618 619 620 621 622 623 624 625 626 627 628 629 630 631 632 633 634 635 636 637 638 639 640 641 642 643 644 645 646 647 648 649 650 651 652 653 654 655 656 657 658 659 660 661 662 663 664 665 666 667 668 669 670 671 672 673 674 675 676 677 678 679 680 681 682 683 684 685 686 687 688 689 690 691 692 693 694 695 696 697 698 699 700 701 702 703 704 705 706 707 708 709 710 711 712 713 714 715 716 717 718 719 720 721 722 723 724 725 726 727 728 729 730 731 732 733 734 735 736 737 738 739 740 741 742 743 744 745 746 747 748 749 750 751 752 753 754 755 756 757 758 759 760 761 762 763 764 765 766 767 768 769 770 771 772 773 774 775 776 777 778 779 780 781 782 783 784 785 786 787 788 789 790 791 792 793 794 795 796 797 798 799 800 801 802 803 804 805 806 807 808 809 810 811 812 813 814 815 816 817 818 819 820 821 822 823 824 825 826 827 828 829 830 831 832 833 834 835 836 837 838 839 840 841 842 843 844 845 846 847 848 849 850 851 852 853 854 855 856 857 858 859 860 861 862 863 864 865 866 867 868 869 870 871 872 873 874 875 876 877 878 879 880 881 882 883 884 885 886 887 888 889 890 891 892 893 894 895 896 897 898 899 900 901 902 903 904 905 906 907 908 909 910 911 912 913 914 915 916 917 918 919 920 921 922 923 924 925 926 927 928 929 930 931 932 933 934 935 936 937 938 939 940 941 942 943 944 945 946 947 948 949 950 951 952 953 954 955 956 957 958 959 960 961 962 963 964 965 966 967 968 969 970 971 972 973 974 975 976 977 978 979 980 981 982 983 984 985 986 987 988 989 990 991 992 993 994 995 996 997 998 999 1000 1001 1002 1003 1004 1005 1006 1007 1008 1009 1010 1011 1012 1013 1014 1015 1016 1017 1018 1019 1020 1021 1022 1023 1024 1025 1026 1027 1028 1029 1030 1031 1032 1033 1034 1035 1036 1037 1038 1039 1040 1041 1042 1043 1044 1045 1046 1047 1048 1049 1050 1051 1052 1053 1054 1055 1056 1057 1058 1059 1060 1061 1062 1063 1064 1065 1066 1067 1068 1069 1070 1071 1072 1073 1074 1075 1076 1077 1078 1079 1080 1081 1082 1083 1084 1085 1086 1087 1088 1089 1090 1091 1092 1093 1094 1095 1096
2
1 2
253.8541666666667  253.8541666666667
311.4510416666668  311.4510416666668
286.6958333333334  286.6958333333334
266.9833333333333  266.9833333333333
304.8541666666666  304.8541666666666
295.3427083333333  295.3427083333333
332.3135416666666  332.3135416666666
348.0208333333335  348.0208333333335
339.2718750000001  339.2718750000001
283.1333333333334  283.1333333333334
255.7416666666666  255.7416666666666
302.8729166666666  302.8729166666666
290.2718750000001  290.2718750000001
276.1906250000001  276.1906250000001
260.3177083333333  260.3177083333333
250.8489583333333  250.8489583333333
295.6999999999999  295.6999999999999
310.5979166666667  310.5979166666667
273.9177083333333  273.9177083333333
260.2604166666667  260.2604166666667
322.3062500000001  322.3062500000001
288.4875  288.4875
271.6875000000001  271.6875000000001
310.73125  310.73125
305.1760416666665  305.1760416666665
298.3114583333334  298.3114583333334
320.3437500000001  320.3437500000001
312.9489583333332  312.9489583333332
313.5031250000001  313.5031250000001
337.8447916666667  337.8447916666667
347.8177083333335  347.8177083333335
331.4979166666666  331.4979166666666
341.425  341.425
318.7052083333333  318.7052083333333
261.1343749999999  261.1343749999999
310.465625  310.465625
331.6031249999999  331.6031249999999
257.6166666666667  257.6166666666667
296.6677083333332  296.6677083333332
311.971875  311.971875
296.1218749999999  296.1218749999999
276.5166666666667  276.5166666666667
265.0072916666667  265.0072916666667
324.278125  324.278125
287.5125  287.5125
310.0239583333332  310.0239583333332
300.2135416666667  300.2135416666667
293.2239583333333  293.2239583333333
313.4427083333333  313.4427083333333
315.7708333333333  315.7708333333333
311.2979166666667  311.2979166666667
309.8729166666668  309.8729166666668
326.7604166666666  326.7604166666666
318.0052083333334  318.0052083333334
292.4291666666666  292.4291666666666
319.6718749999999  319.6718749999999
301.3739583333333  301.3739583333333
276.5166666666666  276.5166666666666
309.5031249999999  309.5031249999999
292.509375  292.509375
308.3635416666667  308.3635416666667
318.5093750000001  318.5093750000001
285.5937500000001  285.5937500000001
274.2760416666667  274.2760416666667
329.5364583333334  329.5364583333334
323.35625  323.35625
296.1625000000001  296.1625000000001
323.4666666666666  323.4666666666666
327.2729166666667  327.2729166666667
290.6760416666667  290.6760416666667
297.9624999999999  297.9624999999999
271.05  271.05
219.3229166666666  219.3229166666666
226.1906249999999  226.1906249999999
255.4916666666665  255.4916666666665
290.4260416666668  290.4260416666668
285.0385416666667  285.0385416666667
317.6239583333332  317.6239583333332
319.1302083333333  319.1302083333333
243.328125  243.328125
206.9218749999999  206.9218749999999
203.7427083333333  203.7427083333333
207.2927083333333  207.2927083333333
212.5677083333334  212.5677083333334
248.653125  248.653125
254.96875  254.96875
246.2447916666669  246.2447916666669
277.5572916666666  277.5572916666666
252.059375  252.059375
232.4531250000001  232.4531250000001
231.8979166666667  231.8979166666667
281.853125  281.853125
276.3593749999999  276.3593749999999
262.7604166666667  262.7604166666667
243.3697916666665  243.3697916666665
256.8010416666668  256.8010416666668
270.7395833333333  270.7395833333333
269.3427083333333  269.3427083333333
283.6739583333334  283.6739583333334
259.2958333333333  259.2958333333333
252.6656249999999  252.6656249999999
273.4364583333333  273.4364583333333
290.8364583333333  290.8364583333333
245.3354166666667  245.3354166666667
269.1666666666667  269.1666666666667
264.1708333333332  264.1708333333332
260.2104166666666  260.2104166666666
243.0177083333334  243.0177083333334
241.4781250000001  241.4781250000001
241.4114583333334  241.4114583333334
250.5208333333333  250.5208333333333
257.9708333333334  257.9708333333334
265.1822916666666  265.1822916666666
281.3229166666666  281.3229166666666
306.1010416666666  306.1010416666666
273.14375  273.14375
272.925  272.925
314.1989583333333  314.1989583333333
348.2666666666667  348.2666666666667
337.6197916666666  337.6197916666666
307.7895833333333  307.7895833333333
301.4124999999999  301.4124999999999
317.0927083333335  317.0927083333335
320.4375000000001  320.4375000000001
293.7229166666667  293.7229166666667
286.8666666666667  286.8666666666667
291.1583333333334  291.1583333333334
275.7947916666666  275.7947916666666
285.5041666666668  285.5041666666668
329.8958333333333  329.8958333333333
336.8895833333335  336.8895833333335
270.984375  270.984375
283.6416666666667  283.6416666666667
268.3343750000001  268.3343750000001
273.5677083333333  273.5677083333333
293.8625  293.8625
287.4114583333333  287.4114583333333
322.225  322.225
332.8947916666665  332.8947916666665
290.0239583333333  290.0239583333333
273.9291666666666  273.9291666666666
312.6854166666665  312.6854166666665
351.2697916666668  351.2697916666668
334.9281249999999  334.9281249999999
358.4114583333333  358.4114583333333
309.5739583333335  309.5739583333335
312.1864583333333  312.1864583333333
308.8395833333334  308.8395833333334
280.5854166666667  280.5854166666667
284.8166666666667  284.8166666666667
304.3093750000001  304.3093750000001
281.9364583333334  281.9364583333334
307.7375  307.7375
289.9375000000001  289.9375000000001
336.3760416666667  336.3760416666667
341.2020833333334  341.2020833333334
302.1260416666667  302.1260416666667
344.1770833333333  344.1770833333333
319.0322916666667  319.0322916666667
336.0114583333333  336.0114583333333
330.6479166666665  330.6479166666665
373.4072916666667  373.4072916666667
371.496875  371.496875
377.378125  377.378125
344.3645833333333  344.3645833333333
308.9270833333333  308.9270833333333
323.8125000000001  323.8125000000001
350.8812500000001  350.8812500000001
364.5166666666667  364.5166666666667
381.5822916666668  381.5822916666668
386.05625  386.05625
384.3687500000001  384.3687500000001
323.8052083333334  323.8052083333334
298.8447916666668  298.8447916666668
353.4989583333334  353.4989583333334
352.1020833333333  352.1020833333333
358.3479166666666  358.3479166666666
356.23125  356.23125
364.690625  364.690625
348.003125  348.003125
331.3572916666667  331.3572916666667
379.2187500000001  379.2187500000001
359.1312499999999  359.1312499999999
333.1479166666667  333.1479166666667
348.6624999999999  348.6624999999999
389.4000000000001  389.4000000000001
321.0666666666667  321.0666666666667
324.971875  324.971875
346.5864583333332  346.5864583333332
376.0375000000001  376.0375000000001
376.3291666666667  376.3291666666667
311.4729166666667  311.4729166666667
311.1427083333334  311.1427083333334
311.8458333333334  311.8458333333334
320.965625  320.965625
363.1708333333333  363.1708333333333
345.2916666666667  345.2916666666667
346.9916666666666  346.9916666666666
347.4  347.4
363.8333333333335  363.8333333333335
357.8468750000001  357.8468750000001
317.028125  317.028125
318.1572916666666  318.1572916666666
330.0093749999999  330.0093749999999
328.6250000000001  328.6250000000001
344.678125  344.678125
352.4197916666665  352.4197916666665
357.2447916666667  357.2447916666667
360.4416666666666  360.4416666666666
323.0395833333333  323.0395833333333
305.6458333333334  305.6458333333334
302.1666666666666  302.1666666666666
323.8635416666666  323.8635416666666
386.2104166666666  386.2104166666666
362.9135416666667  362.9135416666667
326.4114583333334  326.4114583333334
316.8666666666666  316.8666666666666
324.896875  324.896875
362.7708333333335  362.7708333333335
363.4677083333332  363.4677083333332
376.9083333333335  376.9083333333335
372.2979166666667  372.2979166666667
340.7864583333334  340.7864583333334
319.9666666666668  319.9666666666668
356.0999999999999  356.0999999999999
397.7927083333332  397.7927083333332
373.6187500000001  373.6187500000001
325.9510416666666  325.9510416666666
339.2229166666667  339.2229166666667
368.2041666666667  368.2041666666667
353.2229166666667  353.2229166666667
362.3520833333334  362.3520833333334
373.4624999999999  373.4624999999999
384.8020833333334  384.8020833333334
353.8770833333334  353.8770833333334
347.5177083333334  347.5177083333334
336.5166666666668  336.5166666666668
371.3833333333332  371.3833333333332
346.35  346.35
362.0843750000001  362.0843750000001
349.3135416666667  349.3135416666667
379.1010416666666  379.1010416666666
358.9260416666666  358.9260416666666
328.228125  328.228125
355.0416666666667  355.0416666666667
349.0666666666667  349.0666666666667
373.8614583333333  373.8614583333333
362.9489583333334  362.9489583333334
315.0541666666666  315.0541666666666
320.3645833333333  320.3645833333333
347.6270833333335  347.6270833333335
372.2385416666666  372.2385416666666
313.6250000000001  313.6250000000001
308.5843750000001  308.5843750000001
324.3531249999999  324.3531249999999
323.815625  323.815625
337.1999999999999  337.1999999999999
342.2635416666665  342.2635416666665
344.7760416666665  344.7760416666665
276.8791666666668  276.8791666666668
273.6093750000001  273.6093750000001
297.3447916666666  297.3447916666666
282.3395833333333  282.3395833333333
295.8104166666666  295.8104166666666
321.0677083333333  321.0677083333333
340.3104166666666  340.3104166666666
332.5552083333333  332.5552083333333
364.58125  364.58125
361.196875  361.196875
329.7781250000002  329.7781250000002
319.1104166666666  319.1104166666666
328.3083333333332  328.3083333333332
335.3614583333332  335.3614583333332
362.3531249999999  362.3531249999999
341.4  341.4
321.0781249999999  321.0781249999999
322.7947916666668  322.7947916666668
342.0593749999999  342.0593749999999
340.425  340.425
333.2229166666667  333.2229166666667
346.16875  346.16875
359.7020833333333  359.7020833333333
323.7593749999999  323.7593749999999
310.915625  310.915625
319.6604166666667  319.6604166666667
314.0020833333333  314.0020833333333
353.93125  353.93125
355.0916666666668  355.0916666666668
339.7572916666666  339.7572916666666
325.3260416666665  325.3260416666665
338.0354166666666  338.0354166666666
321.9229166666666  321.9229166666666
318.2166666666666  318.2166666666666
334.253125  334.253125
312.9697916666667  312.9697916666667
356.3770833333334  356.3770833333334
326.3437500000001  326.3437500000001
302.6489583333333  302.6489583333333
332.6583333333333  332.6583333333333
297.2552083333332  297.2552083333332
312.6218749999999  312.6218749999999
312.525  312.525
357.4812499999999  357.4812499999999
375.6510416666666  375.6510416666666
356.9093749999998  356.9093749999998
366.9697916666664  366.9697916666664
312.396875  312.396875
288.50625  288.50625
303.55  303.55
346.9208333333333  346.9208333333333
301.1083333333333  301.1083333333333
321.6322916666668  321.6322916666668
334.2333333333333  334.2333333333333
334.9958333333332  334.9958333333332
332.3552083333332  332.3552083333332
319.6479166666666  319.6479166666666
301.6625  301.6625
324.6395833333333  324.6395833333333
289.5281249999999  289.5281249999999
326.2145833333333  326.2145833333333
343.51875  343.51875
319.2864583333335  319.2864583333335
304.3802083333334  304.3802083333334
252.9552238805969  252.9552238805969
322.4871100228026  322.4871100228026
321.9394632195157  321.9394632195157
321.3918164162288  321.3918164162288
320.8441696129419  320.8441696129419
320.296522809655  320.296522809655
319.7488760063681  319.7488760063681
319.2012292030811  319.2012292030811
303.565625  303.565625
285.49375  285.49375
277.2208333333332  277.2208333333332
309.7989583333334  309.7989583333334
299.1520833333332  299.1520833333332
306.1500000000001  306.1500000000001
285.0375  285.0375
251.9843750000001  251.9843750000001
288.5947916666667  288.5947916666667
336.2802083333332  336.2802083333332
323.2322916666668  323.2322916666668
294.2291666666666  294.2291666666666
282.2166666666668  282.2166666666668
274.0031250000001  274.0031250000001
298.6031250000001  298.6031250000001
266.1781250000001  266.1781250000001
321.9864583333334  321.9864583333334
289.2593749999999  289.2593749999999
298.8802083333334  298.8802083333334
309.5604166666667  309.5604166666667
300.2343749999998  300.2343749999998
311.028125  311.028125
291.9072916666667  291.9072916666667
306.6343749999999  306.6343749999999
319.6062499999999  319.6062499999999
331.9197916666666  331.9197916666666
307.3875000000001  307.3875000000001
331.1177083333333  331.1177083333333
323.7000000000002  323.7000000000002
310.7645833333333  310.7645833333333
292.415625  292.415625
275.9395833333332  275.9395833333332
281.9895833333332  281.9895833333332
286.3177083333333  286.3177083333333
289.675  289.675
253.8541666666667  253.8541666666667
311.4510416666668  311.4510416666668
286.6958333333334  286.6958333333334
266.9833333333333  266.9833333333333
304.8541666666666  304.8541666666666
295.3427083333333  295.3427083333333
332.3135416666666  332.3135416666666
348.0208333333335  348.0208333333335
339.2718750000001  339.2718750000001
283.1333333333334  283.1333333333334
255.7416666666666  255.7416666666666
302.8729166666666  302.8729166666666
290.2718750000001  290.2718750000001
276.1906250000001  276.1906250000001
260.3177083333333  260.3177083333333
250.8489583333333  250.8489583333333
295.6999999999999  295.6999999999999
310.5979166666667  310.5979166666667
273.9177083333333  273.9177083333333
260.2604166666667  260.2604166666667
322.3062500000001  322.3062500000001
288.4875  288.4875
271.6875000000001  271.6875000000001
310.73125  310.73125
305.1760416666665  305.1760416666665
298.3114583333334  298.3114583333334
320.3437500000001  320.3437500000001
312.9489583333332  312.9489583333332
313.5031250000001  313.5031250000001
337.8447916666667  337.8447916666667
347.8177083333335  347.8177083333335
331.4979166666666  331.4979166666666
341.425  341.425
318.7052083333333  318.7052083333333
261.1343749999999  261.1343749999999
310.465625  310.465625
331.6031249999999  331.6031249999999
257.6166666666667  257.6166666666667
296.6677083333332  296.6677083333332
311.971875  311.971875
296.1218749999999  296.1218749999999
276.5166666666667  276.5166666666667
265.0072916666667  265.0072916666667
324.278125  324.278125
287.5125  287.5125
310.0239583333332  310.0239583333332
300.2135416666667  300.2135416666667
293.2239583333333  293.2239583333333
313.4427083333333  313.4427083333333
315.7708333333333  315.7708333333333
311.2979166666667  311.2979166666667
309.8729166666668  309.8729166666668
326.7604166666666  326.7604166666666
318.0052083333334  318.0052083333334
292.4291666666666  292.4291666666666
319.6718749999999  319.6718749999999
301.3739583333333  301.3739583333333
276.5166666666666  276.5166666666666
309.5031249999999  309.5031249999999
292.509375  292.509375
308.3635416666667  308.3635416666667
318.5093750000001  318.5093750000001
285.5937500000001  285.5937500000001
274.2760416666667  274.2760416666667
329.5364583333334  329.5364583333334
323.35625  323.35625
296.1625000000001  296.1625000000001
323.4666666666666  323.4666666666666
327.2729166666667  327.2729166666667
290.6760416666667  290.6760416666667
297.9624999999999  297.9624999999999
271.05  271.05
219.3229166666666  219.3229166666666
226.1906249999999  226.1906249999999
255.4916666666665  255.4916666666665
290.4260416666668  290.4260416666668
285.0385416666667  285.0385416666667
317.6239583333332  317.6239583333332
319.1302083333333  319.1302083333333
243.328125  243.328125
206.9218749999999  206.9218749999999
203.7427083333333  203.7427083333333
207.2927083333333  207.2927083333333
212.5677083333334  212.5677083333334
248.653125  248.653125
254.96875  254.96875
246.2447916666669  246.2447916666669
277.5572916666666  277.5572916666666
252.059375  252.059375
232.4531250000001  232.4531250000001
231.8979166666667  231.8979166666667
281.853125  281.853125
276.3593749999999  276.3593749999999
262.7604166666667  262.7604166666667
243.3697916666665  243.3697916666665
256.8010416666668  256.8010416666668
270.7395833333333  270.7395833333333
269.3427083333333  269.3427083333333
283.6739583333334  283.6739583333334
259.2958333333333  259.2958333333333
252.6656249999999  252.6656249999999
273.4364583333333  273.4364583333333
290.8364583333333  290.8364583333333
245.3354166666667  245.3354166666667
269.1666666666667  269.1666666666667
264.1708333333332  264.1708333333332
260.2104166666666  260.2104166666666
243.0177083333334  243.0177083333334
241.4781250000001  241.4781250000001
241.4114583333334  241.4114583333334
250.5208333333333  250.5208333333333
257.9708333333334  257.9708333333334
265.1822916666666  265.1822916666666
281.3229166666666  281.3229166666666
306.1010416666666  306.1010416666666
273.14375  273.14375
272.925  272.925
314.1989583333333  314.1989583333333
348.2666666666667  348.2666666666667
337.6197916666666  337.6197916666666
307.7895833333333  307.7895833333333
301.4124999999999  301.4124999999999
317.0927083333335  317.0927083333335
320.4375000000001  320.4375000000001
293.7229166666667  293.7229166666667
286.8666666666667  286.8666666666667
291.1583333333334  291.1583333333334
275.7947916666666  275.7947916666666
285.5041666666668  285.5041666666668
329.8958333333333  329.8958333333333
336.8895833333335  336.8895833333335
270.984375  270.984375
283.6416666666667  283.6416666666667
268.3343750000001  268.3343750000001
273.5677083333333  273.5677083333333
293.8625  293.8625
287.4114583333333  287.4114583333333
322.225  322.225
332.8947916666665  332.8947916666665
290.0239583333333  290.0239583333333
273.9291666666666  273.9291666666666
312.6854166666665  312.6854166666665
351.2697916666668  351.2697916666668
334.9281249999999  334.9281249999999
358.4114583333333  358.4114583333333
309.5739583333335  309.5739583333335
312.1864583333333  312.1864583333333
308.8395833333334  308.8395833333334
280.5854166666667  280.5854166666667
284.8166666666667  284.8166666666667
304.3093750000001  304.3093750000001
281.9364583333334  281.9364583333334
307.7375  307.7375
289.9375000000001  289.9375000000001
336.3760416666667  336.3760416666667
341.2020833333334  341.2020833333334
302.1260416666667  302.1260416666667
344.1770833333333  344.1770833333333
319.0322916666667  319.0322916666667
336.0114583333333  336.0114583333333
330.6479166666665  330.6479166666665
373.4072916666667  373.4072916666667
371.496875  371.496875
377.378125  377.378125
344.3645833333333  344.3645833333333
308.9270833333333  308.9270833333333
323.8125000000001  323.8125000000001
350.8812500000001  350.8812500000001
364.5166666666667  364.5166666666667
381.5822916666668  381.5822916666668
386.05625  386.05625
384.3687500000001  384.3687500000001
323.8052083333334  323.8052083333334
298.8447916666668  298.8447916666668
353.4989583333334  353.4989583333334
352.1020833333333  352.1020833333333
358.3479166666666  358.3479166666666
356.23125  356.23125
364.690625  364.690625
348.003125  348.003125
331.3572916666667  331.3572916666667
379.2187500000001  379.2187500000001
359.1312499999999  359.1312499999999
333.1479166666667  333.1479166666667
348.6624999999999  348.6624999999999
389.4000000000001  389.4000000000001
321.0666666666667  321.0666666666667
324.971875  324.971875
346.5864583333332  346.5864583333332
376.0375000000001  376.0375000000001
376.3291666666667  376.3291666666667
311.4729166666667  311.4729166666667
311.1427083333334  311.1427083333334
311.8458333333334  311.8458333333334
320.965625  320.965625
363.1708333333333  363.1708333333333
345.2916666666667  345.2916666666667
346.9916666666666  346.9916666666666
347.4  347.4
363.8333333333335  363.8333333333335
357.8468750000001  357.8468750000001
317.028125  317.028125
318.1572916666666  318.1572916666666
330.0093749999999  330.0093749999999
328.6250000000001  328.6250000000001
344.678125  344.678125
352.4197916666665  352.4197916666665
357.2447916666667  357.2447916666667
360.4416666666666  360.4416666666666
323.0395833333333  323.0395833333333
305.6458333333334  305.6458333333334
302.1666666666666  302.1666666666666
323.8635416666666  323.8635416666666
386.2104166666666  386.2104166666666
362.9135416666667  362.9135416666667
326.4114583333334  326.4114583333334
316.8666666666666  316.8666666666666
324.896875  324.896875
362.7708333333335  362.7708333333335
363.4677083333332  363.4677083333332
376.9083333333335  376.9083333333335
372.2979166666667  372.2979166666667
340.7864583333334  340.7864583333334
319.9666666666668  319.9666666666668
356.0999999999999  356.0999999999999
397.7927083333332  397.7927083333332
373.6187500000001  373.6187500000001
325.9510416666666  325.9510416666666
339.2229166666667  339.2229166666667
368.2041666666667  368.2041666666667
353.2229166666667  353.2229166666667
362.3520833333334  362.3520833333334
373.4624999999999  373.4624999999999
384.8020833333334  384.8020833333334
353.8770833333334  353.8770833333334
347.5177083333334  347.5177083333334
336.5166666666668  336.5166666666668
371.3833333333332  371.3833333333332
346.35  346.35
362.0843750000001  362.0843750000001
349.3135416666667  349.3135416666667
379.1010416666666  379.1010416666666
358.9260416666666  358.9260416666666
328.228125  328.228125
355.0416666666667  355.0416666666667
349.0666666666667  349.0666666666667
373.8614583333333  373.8614583333333
362.9489583333334  362.9489583333334
315.0541666666666  315.0541666666666
320.3645833333333  320.3645833333333
347.6270833333335  347.6270833333335
372.2385416666666  372.2385416666666
313.6250000000001  313.6250000000001
308.5843750000001  308.5843750000001
324.3531249999999  324.3531249999999
323.815625  323.815625
337.1999999999999  337.1999999999999
342.2635416666665  342.2635416666665
344.7760416666665  344.7760416666665
276.8791666666668  276.8791666666668
273.6093750000001  273.6093750000001
297.3447916666666  297.3447916666666
282.3395833333333  282.3395833333333
295.8104166666666  295.8104166666666
321.0677083333333  321.0677083333333
340.3104166666666  340.3104166666666
332.5552083333333  332.5552083333333
364.58125  364.58125
361.196875  361.196875
329.7781250000002  329.7781250000002
319.1104166666666  319.1104166666666
328.3083333333332  328.3083333333332
335.3614583333332  335.3614583333332
362.3531249999999  362.3531249999999
341.4  341.4
321.0781249999999  321.0781249999999
322.7947916666668  322.7947916666668
342.0593749999999  342.0593749999999
340.425  340.425
333.2229166666667  333.2229166666667
346.16875  346.16875
359.7020833333333  359.7020833333333
323.7593749999999  323.7593749999999
310.915625  310.915625
319.6604166666667  319.6604166666667
314.0020833333333  314.0020833333333
353.93125  353.93125
355.0916666666668  355.0916666666668
339.7572916666666  339.7572916666666
325.3260416666665  325.3260416666665
338.0354166666666  338.0354166666666
321.9229166666666  321.9229166666666
318.2166666666666  318.2166666666666
334.253125  334.253125
312.9697916666667  312.9697916666667
356.3770833333334  356.3770833333334
326.3437500000001  326.3437500000001
302.6489583333333  302.6489583333333
332.6583333333333  332.6583333333333
297.2552083333332  297.2552083333332
312.6218749999999  312.6218749999999
312.525  312.525
357.4812499999999  357.4812499999999
375.6510416666666  375.6510416666666
356.9093749999998  356.9093749999998
366.9697916666664  366.9697916666664
312.396875  312.396875
288.50625  288.50625
303.55  303.55
346.9208333333333  346.9208333333333
301.1083333333333  301.1083333333333
321.6322916666668  321.6322916666668
334.2333333333333  334.2333333333333
334.9958333333332  334.9958333333332
332.3552083333332  332.3552083333332
319.6479166666666  319.6479166666666
301.6625  301.6625
324.6395833333333  324.6395833333333
289.5281249999999  289.5281249999999
326.2145833333333  326.2145833333333
343.51875  343.51875
319.2864583333335  319.2864583333335
304.3802083333334  304.3802083333334
252.9552238805969  252.9552238805969
322.4871100228026  322.4871100228026
321.9394632195157  321.9394632195157
321.3918164162288  321.3918164162288
320.8441696129419  320.8441696129419
320.296522809655  320.296522809655
319.7488760063681  319.7488760063681
319.2012292030811  319.2012292030811
303.565625  303.565625
285.49375  285.49375
277.2208333333332  277.2208333333332
309.7989583333334  309.7989583333334
299.1520833333332  299.1520833333332
306.1500000000001  306.1500000000001
285.0375  285.0375
251.9843750000001  251.9843750000001
288.5947916666667  288.5947916666667
336.2802083333332  336.2802083333332
323.2322916666668  323.2322916666668
294.2291666666666  294.2291666666666
282.2166666666668  282.2166666666668
274.0031250000001  274.0031250000001
298.6031250000001  298.6031250000001
266.1781250000001  266.1781250000001
321.9864583333334  321.9864583333334
289.2593749999999  289.2593749999999
298.8802083333334  298.8802083333334
309.5604166666667  309.5604166666667
300.2343749999998  300.2343749999998
311.028125  311.028125
291.9072916666667  291.9072916666667
306.6343749999999  306.6343749999999
319.6062499999999  319.6062499999999
331.9197916666666  331.9197916666666
307.3875000000001  307.3875000000001
331.1177083333333  331.1177083333333
323.7000000000002  323.7000000000002
310.7645833333333  310.7645833333333
292.415625  292.415625
275.9395833333332  275.9395833333332
281.9895833333332  281.9895833333332
286.3177083333333  286.3177083333333
289.675  289.675
253.8541666666667  253.8541666666667
311.4510416666668  311.4510416666668
286.6958333333334  286.6958333333334
266.9833333333333  266.9833333333333
304.8541666666666  304.8541666666666
295.3427083333333  295.3427083333333
332.3135416666666  332.3135416666666
310.2218750000001  310.2218750000001
286.6354166666667  286.6354166666667
292.8395833333333  292.8395833333333
312.6718750000001  312.6718750000001
312.725  312.725
304.484375  304.484375
285.3604166666668  285.3604166666668
270.8145833333333  270.8145833333333
265.2718750000001  265.2718750000001
284.9125  284.9125
319.2531250000001  319.2531250000001
288.5479166666667  288.5479166666667
284.5479166666667  284.5479166666667
293.8822916666667  293.8822916666667
312.0583333333333  312.0583333333333
313.2760416666666  313.2760416666666
304.3333333333333  304.3333333333333
287.8406249999999  287.8406249999999
269.8281250000001  269.8281250000001
287.8625000000001  287.8625000000001
287.8510416666668  287.8510416666668
276.4427083333333  276.4427083333333
248.4635416666667  248.4635416666667
261.3375  261.3375
312.4270833333334  312.4270833333334
325.0791666666667  325.0791666666667
311.0260416666665  311.0260416666665
296.6020833333333  296.6020833333333
272.0395833333333  272.0395833333333
275.6302083333333  275.6302083333333
262.2635416666666  262.2635416666666
261.6458333333334  261.6458333333334
242.0447916666666  242.0447916666666
237.7562499999999  237.7562499999999
233.2614583333334  233.2614583333334
253.7947916666667  253.7947916666667
261.63125  261.63125
268.8302083333332  268.8302083333332
309.60625  309.60625
319.9635416666668  319.9635416666668
288.3687500000001  288.3687500000001
291.4058139534884  291.4058139534884
280.2010416666665  280.2010416666665
252.4562499999999  252.4562499999999
264.0583333333335  264.0583333333335
295.9697916666667  295.9697916666667
288.8625  288.8625
292.5114583333333  292.5114583333333
311.4520833333334  311.4520833333334
300.4062499999999  300.4062499999999
309.9041666666666  309.9041666666666
289.1343749999999  289.1343749999999
269.3479166666668  269.3479166666668
269.646875  269.646875
309.6364583333333  309.6364583333333
254.1645833333335  254.1645833333335
283.9427083333333  283.9427083333333
300.69375  300.69375
231.3062500000002  231.3062500000002
215.0229166666668  215.0229166666668
223.2833333333333  223.2833333333333
297.284375  297.284375
284.8500000000001  284.8500000000001
293.8385416666668  293.8385416666668
306.9302083333333  306.9302083333333
318.1906250000001  318.1906250000001
311.9604166666667  311.9604166666667
291.1812499999999  291.1812499999999
301.5302083333332  301.5302083333332
264.3791666666666  264.3791666666666
276.3593750000001  276.3593750000001
288.0249999999999  288.0249999999999
257.7645833333334  257.7645833333334
320.3833333333334  320.3833333333334
295.4229166666666  295.4229166666666
287.3447916666665  287.3447916666665
289.4166666666667  289.4166666666667
300.8166666666667  300.8166666666667
306.0093749999999  306.0093749999999
336.4885416666667  336.4885416666667
281.1947916666668  281.1947916666668
284.4854166666667  284.4854166666667
319.8572916666666  319.8572916666666
278.9572916666666  278.9572916666666
260.3843750000001  260.3843750000001
258.1322916666666  258.1322916666666
281.0125000000001  281.0125000000001
247.6145833333332  247.6145833333332
300.6770833333333  300.6770833333333
296.1833333333333  296.1833333333333
266.9312499999999  266.9312499999999
318.6041666666666  318.6041666666666
321.3927083333333  321.3927083333333
307.6510416666666  307.6510416666666
265.6145833333333  265.6145833333333
271.0604166666666  271.0604166666666
298.4270833333333  298.4270833333333
315.4677083333334  315.4677083333334
324.2270833333333  324.2270833333333
329.8031250000001  329.8031250000001
325.778125  325.778125
292.3020833333334  292.3020833333334
288.3125000000001  288.3125000000001
288.8833333333333  288.8833333333333
283.5885416666667  283.5885416666667
277.1927083333334  277.1927083333334
262.0229166666667  262.0229166666667
255.2354166666666  255.2354166666666
240.4072916666667  240.4072916666667
260.496875  260.496875
322.3447916666665  322.3447916666665
323.5791666666665  323.5791666666665
312.8614583333332  312.8614583333332
337.9260416666668  337.9260416666668
299.8322916666665  299.8322916666665
308.4895833333333  308.4895833333333
271.65  271.65
267.4802083333333  267.4802083333333
309.9302083333332  309.9302083333332
298.5989583333333  298.5989583333333
303.309375  303.309375
308.5302083333334  308.5302083333334
326.3718749999999  326.3718749999999
367.9364583333333  367.9364583333333
371.0947916666668  371.0947916666668
342.5520833333333  342.5520833333333
319.690625  319.690625
318.1385416666666  318.1385416666666
316.3760416666667  316.3760416666667
315.5791666666665  315.5791666666665
292.1864583333333  292.1864583333333
303.0822916666667  303.0822916666667
293.7104166666668  293.7104166666668
313.6041666666667  313.6041666666667
324.5447916666666  324.5447916666666
311.8958333333334  311.8958333333334
319.5739583333333  319.5739583333333
318.0343749999998  318.0343749999998
326.4187499999999  326.4187499999999
328.3802083333334  328.3802083333334
304.5708333333334  304.5708333333334
271.8135416666667  271.8135416666667
269.9291666666667  269.9291666666667
328.2760416666666  328.2760416666666
318.4791666666666  318.4791666666666
299.2572916666668  299.2572916666668
348.2708333333334  348.2708333333334
313.8604166666666  313.8604166666666
318.934375  318.934375
308.8468749999999  308.8468749999999
319.1760416666666  319.1760416666666
309.8458333333335  309.8458333333335
331.9197916666666  331.9197916666666
337.4177083333333  337.4177083333333
356.3093749999999  356.3093749999999
314.9062499999999  314.9062499999999
315.6510416666666  315.6510416666666
334.1520833333333  334.1520833333333
310.6489583333333  310.6489583333333
346.94375  346.94375
346.8687500000001  346.8687500000001
366.1843749999999  366.1843749999999
378.9145833333333  378.9145833333333
375.5145833333333  375.5145833333333
373.1385416666667  373.1385416666667
338.1447916666667  338.1447916666667
371.409375  371.409375
374.1677083333335  374.1677083333335
341.9947916666667  341.9947916666667
320.9197916666668  320.9197916666668
344.6822916666666  344.6822916666666
375.8447916666667  375.8447916666667
396.9635416666666  396.9635416666666
388.171875  388.171875
354.2666666666668  354.2666666666668
351.5416666666665  351.5416666666665
356.4479166666668  356.4479166666668
350.8187499999999  350.8187499999999
366.4145833333334  366.4145833333334
377.6677083333332  377.6677083333332
377.3739583333333  377.3739583333333
396.15  396.15
350.0  350.0
346.6656250000001  346.6656250000001
372.6979166666667  372.6979166666667
365.2572916666666  365.2572916666666
383.6010416666666  383.6010416666666
376.9916666666666  376.9916666666666
386.16875  386.16875
388.8010416666668  388.8010416666668
343.0270833333333  343.0270833333333
346.803125  346.803125
339.596875  339.596875
369.8156249999999  369.8156249999999
366.1229166666665  366.1229166666665
355.1468750000001  355.1468750000001
354.7552083333334  354.7552083333334
365.3104166666667  365.3104166666667
382.8447916666667  382.8447916666667
349.4677083333334  349.4677083333334
354.4135416666667  354.4135416666667
339.5312500000001  339.5312500000001
320.9729166666667  320.9729166666667
329.8979166666667  329.8979166666667
348.946875  348.946875
335.34375  335.34375
352.9927083333334  352.9927083333334
358.4197916666666  358.4197916666666
345.4864583333332  345.4864583333332
361.6979166666666  361.6979166666666
357.6854166666665  357.6854166666665
340.759375  340.759375
335.8291666666666  335.8291666666666
354.4885416666668  354.4885416666668
344.809375  344.809375
329.8687499999999  329.8687499999999
359.1947916666667  359.1947916666667
339.2531250000001  339.2531250000001
334.9447916666667  334.9447916666667
353.2822916666666  353.2822916666666
357.1104166666665  357.1104166666665
355.7427083333334  355.7427083333334
369.8854166666665  369.8854166666665
363.93125  363.93125
347.9270833333333  347.9270833333333
363.2687500000001  363.2687500000001
373.9250000000002  373.9250000000002
301.8447916666667  301.8447916666667
338.1645833333333  338.1645833333333
358.2947916666666  358.2947916666666
361.9708333333334  361.9708333333334
343.5083333333334  343.5083333333334
373.4500000000002  373.4500000000002
383.9083333333333  383.9083333333333
348.4968749999999  348.4968749999999
346.15  346.15
334.7291666666668  334.7291666666668
325.1833333333333  325.1833333333333
336.3343749999998  336.3343749999998
315.221875  315.221875
317.4687500000001  317.4687500000001
333.05625  333.05625
328.9375000000002  328.9375000000002
319.9041666666668  319.9041666666668
353.5760416666666  353.5760416666666
378.1364583333333  378.1364583333333
368.075  368.075
342.2697916666666  342.2697916666666
322.7802083333333  322.7802083333333
369.2052083333332  369.2052083333332
376.559375  376.559375
366.9385416666668  366.9385416666668
363.4489583333333  363.4489583333333
343.2427083333334  343.2427083333334
337.5729166666666  337.5729166666666
343.9739583333333  343.9739583333333
341.1406250000001  341.1406250000001
348.9958333333333  348.9958333333333
352.5062499999999  352.5062499999999
374.334375  374.334375
344.7593750000001  344.7593750000001
353.2989583333329  353.2989583333329
377.4093749999996  377.4093749999996
350.1673684210521  350.1673684210521
281.0312499999995  281.0312499999995
293.8270833333327  293.8270833333327
296.7677083333328  296.7677083333328
333.1568421052626  333.1568421052626
362.0895833333328  362.0895833333328
364.7541666666661  364.7541666666661
331.2031249999995  331.2031249999995
316.7124999999995  316.7124999999995
286.0072916666664  286.0072916666664
258.1541666666662  258.1541666666662
262.5489583333328  262.5489583333328
302.2208333333329  302.2208333333329
314.5968749999995  314.5968749999995
294.4593749999993  294.4593749999993
349.9916666666662  349.9916666666662
335.0770833333329  335.0770833333329
325.2406249999995  325.2406249999995
327.7395833333329  327.7395833333329
316.7052083333327  316.7052083333327
331.9531249999995  331.9531249999995
341.5239583333328  341.5239583333328
336.222916666666  336.222916666666
312.2739583333327  312.2739583333327
299.5104166666661  299.5104166666661
271.0656249999999  271.0656249999999
262.3624999999996  262.3624999999996
335.0312499999994  335.0312499999994
351.1468749999994  351.1468749999994
287.0562499999995  287.0562499999995
265.0489583333328  265.0489583333328
270.0843749999996  270.0843749999996
286.4114583333329  286.4114583333329
330.2354166666663  330.2354166666663
349.6343749999996  349.6343749999996
300.123958333333  300.123958333333
339.1749999999996  339.1749999999996
320.7718749999996  320.7718749999996
321.1010416666663  321.1010416666663
312.7072916666662  312.7072916666662
334.5177083333328  334.5177083333328
316.0114583333328  316.0114583333328
292.5468749999995  292.5468749999995
305.6468749999994  305.6468749999994
332.7958333333329  332.7958333333329
302.6739583333328  302.6739583333328
326.5802083333328  326.5802083333328
325.6572916666661  325.6572916666661
330.6789473684206  330.6789473684206
326.4249999999993  326.4249999999993
322.3749999999995  322.3749999999995
351.3499999999994  351.3499999999994
349.8895833333328  349.8895833333328
338.710416666666  338.710416666666
288.5242105263153  288.5242105263153
327.0114583333328  327.0114583333328
335.7052083333327  335.7052083333327
310.4322916666661  310.4322916666661
297.5541666666662  297.5541666666662
293.8666666666662  293.8666666666662
296.3177083333329  296.3177083333329
310.8979166666663  310.8979166666663
299.3781249999996  299.3781249999996
315.5416666666662  315.5416666666662
262.2593749999995  262.2593749999995
254.6864583333328  254.6864583333328
304.7593749999995  304.7593749999995
312.7354166666661  312.7354166666661
301.338541666666  301.338541666666
287.1093749999995  287.1093749999995
288.0333333333328  288.0333333333328
296.9166666666662  296.9166666666662
307.9552083333328  307.9552083333328
301.748421052631  301.748421052631
309.4395833333328  309.4395833333328
333.116666666666  333.116666666666
337.2270833333328  337.2270833333328
340.5864583333328  340.5864583333328
318.6604166666662  318.6604166666662
326.0624999999997  326.0624999999997
331.7437499999994  331.7437499999994
307.7156249999995  307.7156249999995
267.0864583333328  267.0864583333328
281.9708333333329  281.9708333333329
256.7999999999994  256.7999999999994
296.0114583333329  296.0114583333329
302.3510416666664  302.3510416666664
220.2062499999995  220.2062499999995
216.3406249999996  216.3406249999996
260.9541666666663  260.9541666666663
283.6916666666662  283.6916666666662
324.9031249999994  324.9031249999994
349.4572916666662  349.4572916666662
360.1895833333328  360.1895833333328