No comments
1096
1 2 3 4 5 6 7 8 9 10 11 12 13 14 15 16 17 18 19 20 21 22 23 24 25 26 27 28 29 30 31 32 33 34 35 36 37 38 39 40 41 42 43 44 45 46 47 48 49 50 51 52 53 54 55 56 57 58 59 60 61 62 63 64 65 66 67 68 69 70 71 72 73 74 75 76 77 78 79 80 81 82 83 84 85 86 87 88 89 90 91 92 93 94 95 96 97 98 99 100 101 102 103 104 105 106 107 108 109 110 111 112 113 114 115 116 117 118 119 120 121 122 123 124 125 126 127 128 129 130 131 132 133 134 135 136 137 138 139 140 141 142 143 144 145 146 147 148 149 150 151 152 153 154 155 156 157 158 159 160 161 162 163 164 165 166 167 168 169 170 171 172 173 174 175 176 177 178 179 180 181 182 183 184 185 186 187 188 189 190 191 192 193 194 195 196 197 198 199 200 201 202 203 204 205 206 207 208 209 210 211 212 213 214 215 216 217 218 219 220 221 222 223 224 225 226 227 228 229 230 231 232 233 234 235 236 237 238 239 240 241 242 243 244 245 246 247 248 249 250 251 252 253 254 255 256 257 258 259 260 261 262 263 264 265 266 267 268 269 270 271 272 273 274 275 276 277 278 279 280 281 282 283 284 285 286 287 288 289 290 291 292 293 294 295 296 297 298 299 300 301 302 303 304 305 306 307 308 309 310 311 312 313 314 315 316 317 318 319 320 321 322 323 324 325 326 327 328 329 330 331 332 333 334 335 336 337 338 339 340 341 342 343 344 345 346 347 348 349 350 351 352 353 354 355 356 357 358 359 360 361 362 363 364 365 366 367 368 369 370 371 372 373 374 375 376 377 378 379 380 381 382 383 384 385 386 387 388 389 390 391 392 393 394 395 396 397 398 399 400 401 402 403 404 405 406 407 408 409 410 411 412 413 414 415 416 417 418 419 420 421 422 423 424 425 426 427 428 429 430 431 432 433 434 435 436 437 438 439 440 441 442 443 444 445 446 447 448 449 450 451 452 453 454 455 456 457 458 459 460 461 462 463 464 465 466 467 468 469 470 471 472 473 474 475 476 477 478 479 480 481 482 483 484 485 486 487 488 489 490 491 492 493 494 495 496 497 498 499 500 501 502 503 504 505 506 507 508 509 510 511 512 513 514 515 516 517 518 519 520 521 522 523 524 525 526 527 528 529 530 531 532 533 534 535 536 537 538 539 540 541 542 543 544 545 546 547 548 549 550 551 552 553 554 555 556 557 558 559 560 561 562 563 564 565 566 567 568 569 570 571 572 573 574 575 576 577 578 579 580 581 582 583 584 585 586 587 588 589 590 591 592 593 594 595 596 597 598 599 600 601 602 603 604 605 606 607 608 609 610 611 612 613 614 615 616 617 618 619 620 621 622 623 624 625 626 627 628 629 630 631 632 633 634 635 636 637 638 639 640 641 642 643 644 645 646 647 648 649 650 651 652 653 654 655 656 657 658 659 660 661 662 663 664 665 666 667 668 669 670 671 672 673 674 675 676 677 678 679 680 681 682 683 684 685 686 687 688 689 690 691 692 693 694 695 696 697 698 699 700 701 702 703 704 705 706 707 708 709 710 711 712 713 714 715 716 717 718 719 720 721 722 723 724 725 726 727 728 729 730 731 732 733 734 735 736 737 738 739 740 741 742 743 744 745 746 747 748 749 750 751 752 753 754 755 756 757 758 759 760 761 762 763 764 765 766 767 768 769 770 771 772 773 774 775 776 777 778 779 780 781 782 783 784 785 786 787 788 789 790 791 792 793 794 795 796 797 798 799 800 801 802 803 804 805 806 807 808 809 810 811 812 813 814 815 816 817 818 819 820 821 822 823 824 825 826 827 828 829 830 831 832 833 834 835 836 837 838 839 840 841 842 843 844 845 846 847 848 849 850 851 852 853 854 855 856 857 858 859 860 861 862 863 864 865 866 867 868 869 870 871 872 873 874 875 876 877 878 879 880 881 882 883 884 885 886 887 888 889 890 891 892 893 894 895 896 897 898 899 900 901 902 903 904 905 906 907 908 909 910 911 912 913 914 915 916 917 918 919 920 921 922 923 924 925 926 927 928 929 930 931 932 933 934 935 936 937 938 939 940 941 942 943 944 945 946 947 948 949 950 951 952 953 954 955 956 957 958 959 960 961 962 963 964 965 966 967 968 969 970 971 972 973 974 975 976 977 978 979 980 981 982 983 984 985 986 987 988 989 990 991 992 993 994 995 996 997 998 999 1000 1001 1002 1003 1004 1005 1006 1007 1008 1009 1010 1011 1012 1013 1014 1015 1016 1017 1018 1019 1020 1021 1022 1023 1024 1025 1026 1027 1028 1029 1030 1031 1032 1033 1034 1035 1036 1037 1038 1039 1040 1041 1042 1043 1044 1045 1046 1047 1048 1049 1050 1051 1052 1053 1054 1055 1056 1057 1058 1059 1060 1061 1062 1063 1064 1065 1066 1067 1068 1069 1070 1071 1072 1073 1074 1075 1076 1077 1078 1079 1080 1081 1082 1083 1084 1085 1086 1087 1088 1089 1090 1091 1092 1093 1094 1095 1096
2
1 2
0.8861145833333336  0.8861145833333336
0.9668124999999993  0.9668124999999993
0.9738437499999999  0.9738437499999999
0.9729999999999994  0.9729999999999994
0.9426562499999999  0.9426562499999999
0.9973854166666655  0.9973854166666655
0.9754583333333329  0.9754583333333329
0.999312499999999  0.999312499999999
0.9732395833333338  0.9732395833333338
0.9338614583333331  0.9338614583333331
0.8880739583333334  0.8880739583333334
0.9501458333333328  0.9501458333333328
0.8278104166666665  0.8278104166666665
0.6912479166666664  0.6912479166666664
0.8675906250000002  0.8675906250000002
0.9335281250000002  0.9335281250000002
0.9311843749999993  0.9311843749999993
0.9733125000000001  0.9733125000000001
0.9629999999999996  0.9629999999999996
0.899598958333333  0.899598958333333
0.9783124999999994  0.9783124999999994
0.9350760416666664  0.9350760416666664
0.9619895833333328  0.9619895833333328
0.9989999999999982  0.9989999999999982
0.9989999999999982  0.9989999999999982
0.9343333333333333  0.9343333333333333
0.9464374999999999  0.9464374999999999
0.9092708333333336  0.9092708333333336
0.9174999999999999  0.9174999999999999
0.8871260416666666  0.8871260416666666
0.9222916666666667  0.9222916666666667
0.9190843749999987  0.9190843749999987
0.9991041666666657  0.9991041666666657
0.9515343749999998  0.9515343749999998
0.8993093750000001  0.8993093750000001
0.9485312499999998  0.9485312499999998
0.9870937499999997  0.9870937499999997
0.8955562500000004  0.8955562500000004
0.7802468749999997  0.7802468749999997
0.8884197916666666  0.8884197916666666
0.8034510416666665  0.8034510416666665
0.7336500000000002  0.7336500000000002
0.8009718749999999  0.8009718749999999
0.9985208333333321  0.9985208333333321
0.8963687500000002  0.8963687500000002
0.6854979166666665  0.6854979166666665
0.695253125  0.695253125
0.7838604166666667  0.7838604166666667
0.9386458333333324  0.9386458333333324
0.9203406250000001  0.9203406250000001
0.8557885416666668  0.8557885416666668
0.7072385416666667  0.7072385416666667
0.9349354166666654  0.9349354166666654
0.9088833333333328  0.9088833333333328
0.868040625  0.868040625
0.9969583333333315  0.9969583333333315
0.9542937499999998  0.9542937499999998
0.9036500000000001  0.9036500000000001
0.8988854166666669  0.8988854166666669
0.8970895833333321  0.8970895833333321
0.9609166666666669  0.9609166666666669
0.9930208333333319  0.9930208333333319
0.9208645833333327  0.9208645833333327
0.7581947916666669  0.7581947916666669
0.9596583333333318  0.9596583333333318
0.9927916666666664  0.9927916666666664
0.865596875  0.865596875
0.9781979166666652  0.9781979166666652
0.9884791666666662  0.9884791666666662
0.875053125  0.875053125
0.7365645833333333  0.7365645833333333
0.7690145833333336  0.7690145833333336
0.6821104166666667  0.6821104166666667
0.45896666666666647  0.45896666666666647
0.5695250000000001  0.5695250000000001
0.8730270833333332  0.8730270833333332
0.7293447916666667  0.7293447916666667
0.9096479166666667  0.9096479166666667
0.7983208333333335  0.7983208333333335
0.6836041666666663  0.6836041666666663
0.5600572916666666  0.5600572916666666
0.5112791666666667  0.5112791666666667
0.3965760416666667  0.3965760416666667
0.32844166666666674  0.32844166666666674
0.39994895833333316  0.39994895833333316
0.5287468750000001  0.5287468750000001
0.6892062500000005  0.6892062500000005
0.8415260416666668  0.8415260416666668
0.7921114583333327  0.7921114583333327
0.7135374999999999  0.7135374999999999
0.6431333333333336  0.6431333333333336
0.6496531249999998  0.6496531249999998
0.5553281249999997  0.5553281249999997
0.6188427083333334  0.6188427083333334
0.4262364583333335  0.4262364583333335
0.34239687500000004  0.34239687500000004
0.5190895833333331  0.5190895833333331
0.5874177083333334  0.5874177083333334
0.663115625  0.663115625
0.5858114583333334  0.5858114583333334
0.6614614583333335  0.6614614583333335
0.5515145833333335  0.5515145833333335
0.6797541666666668  0.6797541666666668
0.6030906250000002  0.6030906250000002
0.61004375  0.61004375
0.5541885416666666  0.5541885416666666
0.6054677083333333  0.6054677083333333
0.38713749999999997  0.38713749999999997
0.4222114583333333  0.4222114583333333
0.4697468749999999  0.4697468749999999
0.47764270833333344  0.47764270833333344
0.5503093750000001  0.5503093750000001
0.5775187499999997  0.5775187499999997
0.5181177083333331  0.5181177083333331
0.6206614583333336  0.6206614583333336
0.5757302083333335  0.5757302083333335
0.5210041666666664  0.5210041666666664
0.5666802083333333  0.5666802083333333
0.9554041666666662  0.9554041666666662
0.8355322916666665  0.8355322916666665
0.6774739583333332  0.6774739583333332
0.8947354166666667  0.8947354166666667
0.8105802083333334  0.8105802083333334
0.9212885416666662  0.9212885416666662
0.8470416666666662  0.8470416666666662
0.6670406249999998  0.6670406249999998
0.7822135416666666  0.7822135416666666
0.592985416666667  0.592985416666667
0.5626937500000003  0.5626937500000003
0.6575562499999995  0.6575562499999995
0.9766666666666657  0.9766666666666657
0.7410697916666668  0.7410697916666668
0.6980281249999998  0.6980281249999998
0.6936614583333331  0.6936614583333331
0.6041177083333336  0.6041177083333336
0.6481062499999996  0.6481062499999996
0.632945833333333  0.632945833333333
0.6152583333333331  0.6152583333333331
0.7990302083333332  0.7990302083333332
0.6261135416666668  0.6261135416666668
0.4947604166666668  0.4947604166666668
0.43767812500000014  0.43767812500000014
0.8761531250000003  0.8761531250000003
0.9317156249999993  0.9317156249999993
0.9781666666666661  0.9781666666666661
0.7933583333333334  0.7933583333333334
0.6228770833333335  0.6228770833333335
0.7004395833333332  0.7004395833333332
0.6027583333333336  0.6027583333333336
0.5956562499999999  0.5956562499999999
0.6657114583333335  0.6657114583333335
0.5712614583333334  0.5712614583333334
0.5201572916666669  0.5201572916666669
0.5069187500000001  0.5069187500000001
0.5888125000000002  0.5888125000000002
0.7548708333333333  0.7548708333333333
0.6334833333333333  0.6334833333333333
0.8983260416666667  0.8983260416666667
0.6882197916666668  0.6882197916666668
0.6189552083333336  0.6189552083333336
0.731054166666667  0.731054166666667
0.9464166666666665  0.9464166666666665
0.7744239583333333  0.7744239583333333
0.8463062499999998  0.8463062499999998
0.733811458333333  0.733811458333333
0.655040625  0.655040625
0.6805572916666668  0.6805572916666668
0.6248864583333333  0.6248864583333333
0.7717375000000003  0.7717375000000003
0.920215625  0.920215625
0.9869791666666667  0.9869791666666667
0.9987916666666665  0.9987916666666665
0.6882947916666668  0.6882947916666668
0.6424020833333332  0.6424020833333332
0.7677364583333336  0.7677364583333336
0.756038541666667  0.756038541666667
0.8667874999999998  0.8667874999999998
0.7082645833333335  0.7082645833333335
0.7962093749999998  0.7962093749999998
0.8028104166666662  0.8028104166666662
0.6060322916666668  0.6060322916666668
0.8198239583333331  0.8198239583333331
0.8039927083333334  0.8039927083333334
0.758375  0.758375
0.6130520833333333  0.6130520833333333
0.6981979166666669  0.6981979166666669
0.6642770833333331  0.6642770833333331
0.6611208333333333  0.6611208333333333
0.863565625  0.863565625
0.9427354166666668  0.9427354166666668
0.8530562500000003  0.8530562500000003
0.7151833333333331  0.7151833333333331
0.6666927083333333  0.6666927083333333
0.6493833333333332  0.6493833333333332
0.5048760416666668  0.5048760416666668
0.8426156249999992  0.8426156249999992
0.8865468749999998  0.8865468749999998
0.887415625  0.887415625
0.7472437500000002  0.7472437500000002
0.7669468749999997  0.7669468749999997
0.8550833333333333  0.8550833333333333
0.6611552083333332  0.6611552083333332
0.6173750000000003  0.6173750000000003
0.7103302083333339  0.7103302083333339
0.5985729166666666  0.5985729166666666
0.7169166666666665  0.7169166666666665
0.8776406249999998  0.8776406249999998
0.6870187500000003  0.6870187500000003
0.5683645833333333  0.5683645833333333
0.6021489583333333  0.6021489583333333
0.6002062500000002  0.6002062500000002
0.5955760416666669  0.5955760416666669
0.5544635416666668  0.5544635416666668
0.7380552083333329  0.7380552083333329
0.8552822916666669  0.8552822916666669
0.7142875  0.7142875
0.5661364583333335  0.5661364583333335
0.5306302083333333  0.5306302083333333
0.5492958333333333  0.5492958333333333
0.48859062500000006  0.48859062500000006
0.6912885416666668  0.6912885416666668
0.6946416666666666  0.6946416666666666
0.6015604166666667  0.6015604166666667
0.5067895833333332  0.5067895833333332
0.4300833333333333  0.4300833333333333
0.8538968749999999  0.8538968749999999
0.8400510416666667  0.8400510416666667
0.5292583333333334  0.5292583333333334
0.5945364583333334  0.5945364583333334
0.9038875000000002  0.9038875000000002
0.8490354166666664  0.8490354166666664
0.6444468750000003  0.6444468750000003
0.4984479166666665  0.4984479166666665
0.9278552083333333  0.9278552083333333
0.8184833333333329  0.8184833333333329
0.7830489583333334  0.7830489583333334
0.6786520833333337  0.6786520833333337
0.9248093749999998  0.9248093749999998
0.8318958333333328  0.8318958333333328
0.8827885416666664  0.8827885416666664
0.7464177083333335  0.7464177083333335
0.911835416666666  0.911835416666666
0.9134510416666661  0.9134510416666661
0.8394968749999997  0.8394968749999997
0.9342791666666659  0.9342791666666659
0.7764968749999999  0.7764968749999999
0.9620541666666667  0.9620541666666667
0.959052083333333  0.959052083333333
0.8089854166666665  0.8089854166666665
0.8560052083333328  0.8560052083333328
0.7946979166666668  0.7946979166666668
0.8398343749999999  0.8398343749999999
0.8033802083333328  0.8033802083333328
0.7617791666666665  0.7617791666666665
0.73376875  0.73376875
0.8110395833333333  0.8110395833333333
0.7590208333333335  0.7590208333333335
0.7198125000000001  0.7198125000000001
0.7029802083333333  0.7029802083333333
0.6995083333333331  0.6995083333333331
0.7357062500000002  0.7357062500000002
0.6420020833333338  0.6420020833333338
0.6542156250000001  0.6542156250000001
0.7121729166666667  0.7121729166666667
0.7290947916666668  0.7290947916666668
0.74348125  0.74348125
0.8252041666666666  0.8252041666666666
0.9961145833333318  0.9961145833333318
0.9990104166666647  0.9990104166666647
0.9759895833333333  0.9759895833333333
0.8198833333333336  0.8198833333333336
0.8879749999999994  0.8879749999999994
0.9819791666666658  0.9819791666666658
0.9992395833333325  0.9992395833333325
0.9899999999999995  0.9899999999999995
0.88714375  0.88714375
0.8947729166666659  0.8947729166666659
0.9703437499999985  0.9703437499999985
0.9272604166666664  0.9272604166666664
0.9637187499999986  0.9637187499999986
0.9331468749999992  0.9331468749999992
0.9754895833333326  0.9754895833333326
0.9701843749999993  0.9701843749999993
0.9742291666666658  0.9742291666666658
0.9936770833333322  0.9936770833333322
0.9869166666666671  0.9869166666666671
0.9990624999999983  0.9990624999999983
0.9989999999999982  0.9989999999999982
0.9940520833333322  0.9940520833333322
0.9439260416666656  0.9439260416666656
0.9986874999999982  0.9986874999999982
0.9775822916666654  0.9775822916666654
0.9499875000000002  0.9499875000000002
0.9129229166666666  0.9129229166666666
0.9094031249999993  0.9094031249999993
0.9990729166666654  0.9990729166666654
0.9793958333333326  0.9793958333333326
0.9272562499999993  0.9272562499999993
0.9979895833333323  0.9979895833333323
0.97503125  0.97503125
0.985958333333332  0.985958333333332
0.9790093749999995  0.9790093749999995
0.9984999999999989  0.9984999999999989
0.9986354166666653  0.9986354166666653
0.9985520833333323  0.9985520833333323
0.9991770833333327  0.9991770833333327
0.9370781249999992  0.9370781249999992
0.9728541666666659  0.9728541666666659
0.9899270833333328  0.9899270833333328
0.9988645833333318  0.9988645833333318
0.9394958333333331  0.9394958333333331
0.9980208333333332  0.9980208333333332
0.9981458333333326  0.9981458333333326
0.9980000000000001  0.9980000000000001
0.9983541666666654  0.9983541666666654
0.9972499999999991  0.9972499999999991
0.9983541666666657  0.9983541666666657
0.9986249999999985  0.9986249999999985
0.9400541666666657  0.9400541666666657
0.997322916666666  0.997322916666666
0.9983854166666665  0.9983854166666665
0.9798437499999995  0.9798437499999995
0.946143749999999  0.946143749999999
0.99389552238806  0.99389552238806
0.7779166666666667  0.7779166666666667
0.8016666666666667  0.8016666666666667
0.84375  0.84375
0.895  0.895
0.94125  0.94125
0.93875  0.93875
0.9083333333333333  0.9083333333333333
0.8458333333333333  0.8458333333333333
0.8575  0.8575
0.8525  0.8525
0.8208333333333333  0.8208333333333333
0.9095833333333333  0.9095833333333333
0.8425  0.8425
0.85125  0.85125
0.8491666666666667  0.8491666666666667
0.805  0.805
0.8091666666666667  0.8091666666666667
0.8691666666666668  0.8691666666666668
0.89875  0.89875
0.9308333333333333  0.9308333333333333
0.9295833333333333  0.9295833333333333
0.9066666666666667  0.9066666666666667
0.95875  0.95875
0.9275  0.9275
0.8254166666666667  0.8254166666666667
0.9283333333333332  0.9283333333333332
0.8816666666666667  0.8816666666666667
0.91625  0.91625
0.9129166666666667  0.9129166666666667
0.8641666666666667  0.8641666666666667
0.9125  0.9125
0.8733333333333333  0.8733333333333333
0.8820833333333333  0.8820833333333333
0.8745833333333333  0.8745833333333333
0.8629166666666667  0.8629166666666667
0.84625  0.84625
0.6479166666666667  0.6479166666666667
0.8025  0.8025
0.89875  0.89875
0.8354166666666667  0.8354166666666667
0.83125  0.83125
0.9774374999999987  0.9774374999999987
0.8861145833333336  0.8861145833333336
0.9668124999999993  0.9668124999999993
0.9738437499999999  0.9738437499999999
0.9729999999999994  0.9729999999999994
0.9426562499999999  0.9426562499999999
0.9973854166666655  0.9973854166666655
0.9754583333333329  0.9754583333333329
0.999312499999999  0.999312499999999
0.9732395833333338  0.9732395833333338
0.9338614583333331  0.9338614583333331
0.8880739583333334  0.8880739583333334
0.9501458333333328  0.9501458333333328
0.8278104166666665  0.8278104166666665
0.6912479166666664  0.6912479166666664
0.8675906250000002  0.8675906250000002
0.9335281250000002  0.9335281250000002
0.9311843749999993  0.9311843749999993
0.9733125000000001  0.9733125000000001
0.9629999999999996  0.9629999999999996
0.899598958333333  0.899598958333333
0.9783124999999994  0.9783124999999994
0.9350760416666664  0.9350760416666664
0.9619895833333328  0.9619895833333328
0.9989999999999982  0.9989999999999982
0.9989999999999982  0.9989999999999982
0.9343333333333333  0.9343333333333333
0.9464374999999999  0.9464374999999999
0.9092708333333336  0.9092708333333336
0.9174999999999999  0.9174999999999999
0.8871260416666666  0.8871260416666666
0.9222916666666667  0.9222916666666667
0.9190843749999987  0.9190843749999987
0.9991041666666657  0.9991041666666657
0.9515343749999998  0.9515343749999998
0.8993093750000001  0.8993093750000001
0.9485312499999998  0.9485312499999998
0.9870937499999997  0.9870937499999997
0.8955562500000004  0.8955562500000004
0.7802468749999997  0.7802468749999997
0.8884197916666666  0.8884197916666666
0.8034510416666665  0.8034510416666665
0.7336500000000002  0.7336500000000002
0.8009718749999999  0.8009718749999999
0.9985208333333321  0.9985208333333321
0.8963687500000002  0.8963687500000002
0.6854979166666665  0.6854979166666665
0.695253125  0.695253125
0.7838604166666667  0.7838604166666667
0.9386458333333324  0.9386458333333324
0.9203406250000001  0.9203406250000001
0.8557885416666668  0.8557885416666668
0.7072385416666667  0.7072385416666667
0.9349354166666654  0.9349354166666654
0.9088833333333328  0.9088833333333328
0.868040625  0.868040625
0.9969583333333315  0.9969583333333315
0.9542937499999998  0.9542937499999998
0.9036500000000001  0.9036500000000001
0.8988854166666669  0.8988854166666669
0.8970895833333321  0.8970895833333321
0.9609166666666669  0.9609166666666669
0.9930208333333319  0.9930208333333319
0.9208645833333327  0.9208645833333327
0.7581947916666669  0.7581947916666669
0.9596583333333318  0.9596583333333318
0.9927916666666664  0.9927916666666664
0.865596875  0.865596875
0.9781979166666652  0.9781979166666652
0.9884791666666662  0.9884791666666662
0.875053125  0.875053125
0.7365645833333333  0.7365645833333333
0.7690145833333336  0.7690145833333336
0.6821104166666667  0.6821104166666667
0.45896666666666647  0.45896666666666647
0.5695250000000001  0.5695250000000001
0.8730270833333332  0.8730270833333332
0.7293447916666667  0.7293447916666667
0.9096479166666667  0.9096479166666667
0.7983208333333335  0.7983208333333335
0.6836041666666663  0.6836041666666663
0.5600572916666666  0.5600572916666666
0.5112791666666667  0.5112791666666667
0.3965760416666667  0.3965760416666667
0.32844166666666674  0.32844166666666674
0.39994895833333316  0.39994895833333316
0.5287468750000001  0.5287468750000001
0.6892062500000005  0.6892062500000005
0.8415260416666668  0.8415260416666668
0.7921114583333327  0.7921114583333327
0.7135374999999999  0.7135374999999999
0.6431333333333336  0.6431333333333336
0.6496531249999998  0.6496531249999998
0.5553281249999997  0.5553281249999997
0.6188427083333334  0.6188427083333334
0.4262364583333335  0.4262364583333335
0.34239687500000004  0.34239687500000004
0.5190895833333331  0.5190895833333331
0.5874177083333334  0.5874177083333334
0.663115625  0.663115625
0.5858114583333334  0.5858114583333334
0.6614614583333335  0.6614614583333335
0.5515145833333335  0.5515145833333335
0.6797541666666668  0.6797541666666668
0.6030906250000002  0.6030906250000002
0.61004375  0.61004375
0.5541885416666666  0.5541885416666666
0.6054677083333333  0.6054677083333333
0.38713749999999997  0.38713749999999997
0.4222114583333333  0.4222114583333333
0.4697468749999999  0.4697468749999999
0.47764270833333344  0.47764270833333344
0.5503093750000001  0.5503093750000001
0.5775187499999997  0.5775187499999997
0.5181177083333331  0.5181177083333331
0.6206614583333336  0.6206614583333336
0.5757302083333335  0.5757302083333335
0.5210041666666664  0.5210041666666664
0.5666802083333333  0.5666802083333333
0.9554041666666662  0.9554041666666662
0.8355322916666665  0.8355322916666665
0.6774739583333332  0.6774739583333332
0.8947354166666667  0.8947354166666667
0.8105802083333334  0.8105802083333334
0.9212885416666662  0.9212885416666662
0.8470416666666662  0.8470416666666662
0.6670406249999998  0.6670406249999998
0.7822135416666666  0.7822135416666666
0.592985416666667  0.592985416666667
0.5626937500000003  0.5626937500000003
0.6575562499999995  0.6575562499999995
0.9766666666666657  0.9766666666666657
0.7410697916666668  0.7410697916666668
0.6980281249999998  0.6980281249999998
0.6936614583333331  0.6936614583333331
0.6041177083333336  0.6041177083333336
0.6481062499999996  0.6481062499999996
0.632945833333333  0.632945833333333
0.6152583333333331  0.6152583333333331
0.7990302083333332  0.7990302083333332
0.6261135416666668  0.6261135416666668
0.4947604166666668  0.4947604166666668
0.43767812500000014  0.43767812500000014
0.8761531250000003  0.8761531250000003
0.9317156249999993  0.9317156249999993
0.9781666666666661  0.9781666666666661
0.7933583333333334  0.7933583333333334
0.6228770833333335  0.6228770833333335
0.7004395833333332  0.7004395833333332
0.6027583333333336  0.6027583333333336
0.5956562499999999  0.5956562499999999
0.6657114583333335  0.6657114583333335
0.5712614583333334  0.5712614583333334
0.5201572916666669  0.5201572916666669
0.5069187500000001  0.5069187500000001
0.5888125000000002  0.5888125000000002
0.7548708333333333  0.7548708333333333
0.6334833333333333  0.6334833333333333
0.8983260416666667  0.8983260416666667
0.6882197916666668  0.6882197916666668
0.6189552083333336  0.6189552083333336
0.731054166666667  0.731054166666667
0.9464166666666665  0.9464166666666665
0.7744239583333333  0.7744239583333333
0.8463062499999998  0.8463062499999998
0.733811458333333  0.733811458333333
0.655040625  0.655040625
0.6805572916666668  0.6805572916666668
0.6248864583333333  0.6248864583333333
0.7717375000000003  0.7717375000000003
0.920215625  0.920215625
0.9869791666666667  0.9869791666666667
0.9987916666666665  0.9987916666666665
0.6882947916666668  0.6882947916666668
0.6424020833333332  0.6424020833333332
0.7677364583333336  0.7677364583333336
0.756038541666667  0.756038541666667
0.8667874999999998  0.8667874999999998
0.7082645833333335  0.7082645833333335
0.7962093749999998  0.7962093749999998
0.8028104166666662  0.8028104166666662
0.6060322916666668  0.6060322916666668
0.8198239583333331  0.8198239583333331
0.8039927083333334  0.8039927083333334
0.758375  0.758375
0.6130520833333333  0.6130520833333333
0.6981979166666669  0.6981979166666669
0.6642770833333331  0.6642770833333331
0.6611208333333333  0.6611208333333333
0.863565625  0.863565625
0.9427354166666668  0.9427354166666668
0.8530562500000003  0.8530562500000003
0.7151833333333331  0.7151833333333331
0.6666927083333333  0.6666927083333333
0.6493833333333332  0.6493833333333332
0.5048760416666668  0.5048760416666668
0.8426156249999992  0.8426156249999992
0.8865468749999998  0.8865468749999998
0.887415625  0.887415625
0.7472437500000002  0.7472437500000002
0.7669468749999997  0.7669468749999997
0.8550833333333333  0.8550833333333333
0.6611552083333332  0.6611552083333332
0.6173750000000003  0.6173750000000003
0.7103302083333339  0.7103302083333339
0.5985729166666666  0.5985729166666666
0.7169166666666665  0.7169166666666665
0.8776406249999998  0.8776406249999998
0.6870187500000003  0.6870187500000003
0.5683645833333333  0.5683645833333333
0.6021489583333333  0.6021489583333333
0.6002062500000002  0.6002062500000002
0.5955760416666669  0.5955760416666669
0.5544635416666668  0.5544635416666668
0.7380552083333329  0.7380552083333329
0.8552822916666669  0.8552822916666669
0.7142875  0.7142875
0.5661364583333335  0.5661364583333335
0.5306302083333333  0.5306302083333333
0.5492958333333333  0.5492958333333333
0.48859062500000006  0.48859062500000006
0.6912885416666668  0.6912885416666668
0.6946416666666666  0.6946416666666666
0.6015604166666667  0.6015604166666667
0.5067895833333332  0.5067895833333332
0.4300833333333333  0.4300833333333333
0.8538968749999999  0.8538968749999999
0.8400510416666667  0.8400510416666667
0.5292583333333334  0.5292583333333334
0.5945364583333334  0.5945364583333334
0.9038875000000002  0.9038875000000002
0.8490354166666664  0.8490354166666664
0.6444468750000003  0.6444468750000003
0.4984479166666665  0.4984479166666665
0.9278552083333333  0.9278552083333333
0.8184833333333329  0.8184833333333329
0.7830489583333334  0.7830489583333334
0.6786520833333337  0.6786520833333337
0.9248093749999998  0.9248093749999998
0.8318958333333328  0.8318958333333328
0.8827885416666664  0.8827885416666664
0.7464177083333335  0.7464177083333335
0.911835416666666  0.911835416666666
0.9134510416666661  0.9134510416666661
0.8394968749999997  0.8394968749999997
0.9342791666666659  0.9342791666666659
0.7764968749999999  0.7764968749999999
0.9620541666666667  0.9620541666666667
0.959052083333333  0.959052083333333
0.8089854166666665  0.8089854166666665
0.8560052083333328  0.8560052083333328
0.7946979166666668  0.7946979166666668
0.8398343749999999  0.8398343749999999
0.8033802083333328  0.8033802083333328
0.7617791666666665  0.7617791666666665
0.73376875  0.73376875
0.8110395833333333  0.8110395833333333
0.7590208333333335  0.7590208333333335
0.7198125000000001  0.7198125000000001
0.7029802083333333  0.7029802083333333
0.6995083333333331  0.6995083333333331
0.7357062500000002  0.7357062500000002
0.6420020833333338  0.6420020833333338
0.6542156250000001  0.6542156250000001
0.7121729166666667  0.7121729166666667
0.7290947916666668  0.7290947916666668
0.74348125  0.74348125
0.8252041666666666  0.8252041666666666
0.9961145833333318  0.9961145833333318
0.9990104166666647  0.9990104166666647
0.9759895833333333  0.9759895833333333
0.8198833333333336  0.8198833333333336
0.8879749999999994  0.8879749999999994
0.9819791666666658  0.9819791666666658
0.9992395833333325  0.9992395833333325
0.9899999999999995  0.9899999999999995
0.88714375  0.88714375
0.8947729166666659  0.8947729166666659
0.9703437499999985  0.9703437499999985
0.9272604166666664  0.9272604166666664
0.9637187499999986  0.9637187499999986
0.9331468749999992  0.9331468749999992
0.9754895833333326  0.9754895833333326
0.9701843749999993  0.9701843749999993
0.9742291666666658  0.9742291666666658
0.9936770833333322  0.9936770833333322
0.9869166666666671  0.9869166666666671
0.9990624999999983  0.9990624999999983
0.9989999999999982  0.9989999999999982
0.9940520833333322  0.9940520833333322
0.9439260416666656  0.9439260416666656
0.9986874999999982  0.9986874999999982
0.9775822916666654  0.9775822916666654
0.9499875000000002  0.9499875000000002
0.9129229166666666  0.9129229166666666
0.9094031249999993  0.9094031249999993
0.9990729166666654  0.9990729166666654
0.9793958333333326  0.9793958333333326
0.9272562499999993  0.9272562499999993
0.9979895833333323  0.9979895833333323
0.97503125  0.97503125
0.985958333333332  0.985958333333332
0.9790093749999995  0.9790093749999995
0.9984999999999989  0.9984999999999989
0.9986354166666653  0.9986354166666653
0.9985520833333323  0.9985520833333323
0.9991770833333327  0.9991770833333327
0.9370781249999992  0.9370781249999992
0.9728541666666659  0.9728541666666659
0.9899270833333328  0.9899270833333328
0.9988645833333318  0.9988645833333318
0.9394958333333331  0.9394958333333331
0.9980208333333332  0.9980208333333332
0.9981458333333326  0.9981458333333326
0.9980000000000001  0.9980000000000001
0.9983541666666654  0.9983541666666654
0.9972499999999991  0.9972499999999991
0.9983541666666657  0.9983541666666657
0.9986249999999985  0.9986249999999985
0.9400541666666657  0.9400541666666657
0.997322916666666  0.997322916666666
0.9983854166666665  0.9983854166666665
0.9798437499999995  0.9798437499999995
0.946143749999999  0.946143749999999
0.99389552238806  0.99389552238806
0.7779166666666667  0.7779166666666667
0.8016666666666667  0.8016666666666667
0.84375  0.84375
0.895  0.895
0.94125  0.94125
0.93875  0.93875
0.9083333333333333  0.9083333333333333
0.8458333333333333  0.8458333333333333
0.8575  0.8575
0.8525  0.8525
0.8208333333333333  0.8208333333333333
0.9095833333333333  0.9095833333333333
0.8425  0.8425
0.85125  0.85125
0.8491666666666667  0.8491666666666667
0.805  0.805
0.8091666666666667  0.8091666666666667
0.8691666666666668  0.8691666666666668
0.89875  0.89875
0.9308333333333333  0.9308333333333333
0.9295833333333333  0.9295833333333333
0.9066666666666667  0.9066666666666667
0.95875  0.95875
0.9275  0.9275
0.8254166666666667  0.8254166666666667
0.9283333333333332  0.9283333333333332
0.8816666666666667  0.8816666666666667
0.91625  0.91625
0.9129166666666667  0.9129166666666667
0.8641666666666667  0.8641666666666667
0.9125  0.9125
0.8733333333333333  0.8733333333333333
0.8820833333333333  0.8820833333333333
0.8745833333333333  0.8745833333333333
0.8629166666666667  0.8629166666666667
0.84625  0.84625
0.6479166666666667  0.6479166666666667
0.8025  0.8025
0.89875  0.89875
0.8354166666666667  0.8354166666666667
0.83125  0.83125
0.9245833333333333  0.9245833333333333
0.9616666666666667  0.9616666666666667
0.9633333333333333  0.9633333333333333
0.9658333333333333  0.9658333333333333
0.95375  0.95375
0.9433333333333332  0.9433333333333332
0.9141666666666667  0.9141666666666667
0.9974901960784308  0.9974901960784308
0.997302083333334  0.997302083333334
0.9974583333333343  0.9974583333333343
0.9983958333333318  0.9983958333333318
0.9953124999999996  0.9953124999999996
0.9976666666666677  0.9976666666666677
0.997312500000001  0.997312500000001
0.9825104166666666  0.9825104166666666
0.9958958333333321  0.9958958333333321
0.998083333333334  0.998083333333334
0.9972812500000009  0.9972812500000009
0.9972291666666672  0.9972291666666672
0.8826239583333336  0.8826239583333336
0.6989916666666666  0.6989916666666666
0.8434854166666667  0.8434854166666667
0.997333333333334  0.997333333333334
0.9969999999999999  0.9969999999999999
0.9973020833333334  0.9973020833333334
0.9974895833333325  0.9974895833333325
0.9978645833333321  0.9978645833333321
0.9976562500000007  0.9976562500000007
0.9976562500000005  0.9976562500000005
0.9972395833333337  0.9972395833333337
0.9879479166666669  0.9879479166666669
0.7903666666666668  0.7903666666666668
0.9974062500000006  0.9974062500000006
0.9971249999999992  0.9971249999999992
0.9972604166666668  0.9972604166666668
0.9164531249999999  0.9164531249999999
0.8898906249999995  0.8898906249999995
0.6681520833333339  0.6681520833333339
0.9348343749999997  0.9348343749999997
0.9971666666666671  0.9971666666666671
0.9854906250000005  0.9854906250000005
0.9055343750000003  0.9055343750000003
0.9507843750000002  0.9507843750000002
0.9723437500000002  0.9723437500000002
0.9969895833333333  0.9969895833333333
0.8360197916666663  0.8360197916666663
0.9969895833333333  0.9969895833333333
0.9969999999999999  0.9969999999999999
0.9772458333333323  0.9772458333333323
0.971173255813953  0.971173255813953
0.8736260416666665  0.8736260416666665
0.8322885416666667  0.8322885416666667
0.8980020833333334  0.8980020833333334
0.841247916666667  0.841247916666667
0.8732458333333334  0.8732458333333334
0.8313333333333334  0.8313333333333334
0.997656249999999  0.997656249999999
0.9734270833333339  0.9734270833333339
0.9970520833333335  0.9970520833333335
0.9465239583333335  0.9465239583333335
0.8898156249999998  0.8898156249999998
0.8854854166666659  0.8854854166666659
0.9977187500000018  0.9977187500000018
0.806197916666667  0.806197916666667
0.9278593749999995  0.9278593749999995
0.896339583333334  0.896339583333334
0.7193729166666659  0.7193729166666659
0.6984031249999997  0.6984031249999997
0.5637833333333332  0.5637833333333332
0.9651177083333328  0.9651177083333328
0.8029520833333333  0.8029520833333333
0.9953229166666665  0.9953229166666665
0.9794270833333336  0.9794270833333336
0.9839322916666673  0.9839322916666673
0.9775489583333336  0.9775489583333336
0.9896614583333335  0.9896614583333335
0.9970312500000001  0.9970312500000001
0.9269041666666656  0.9269041666666656
0.7235958333333333  0.7235958333333333
0.8820760416666663  0.8820760416666663
0.7303916666666668  0.7303916666666668
0.9732677083333328  0.9732677083333328
0.8891947916666669  0.8891947916666669
0.8230500000000001  0.8230500000000001
0.8159572916666669  0.8159572916666669
0.9691135416666669  0.9691135416666669
0.7840281249999999  0.7840281249999999
0.6556885416666663  0.6556885416666663
0.7110677083333335  0.7110677083333335
0.6739395833333337  0.6739395833333337
0.8175427083333336  0.8175427083333336
0.7880427083333335  0.7880427083333335
0.7562322916666671  0.7562322916666671
0.7478666666666668  0.7478666666666668
0.9004874999999999  0.9004874999999999
0.9010437499999999  0.9010437499999999
0.8588000000000001  0.8588000000000001
0.7676270833333335  0.7676270833333335
0.6219218749999998  0.6219218749999998
0.9910520833333315  0.9910520833333315
0.7307156250000004  0.7307156250000004
0.8983937500000002  0.8983937500000002
0.78530625  0.78530625
0.7199541666666669  0.7199541666666669
0.8573614583333331  0.8573614583333331
0.8025697916666666  0.8025697916666666
0.9390020833333342  0.9390020833333342
0.9974062500000004  0.9974062500000004
0.9329760416666666  0.9329760416666666
0.8556427083333336  0.8556427083333336
0.6625822916666667  0.6625822916666667
0.71943125  0.71943125
0.7144729166666665  0.7144729166666665
0.6799218749999999  0.6799218749999999
0.6191458333333336  0.6191458333333336
0.64996875  0.64996875
0.5284656250000004  0.5284656250000004
0.4474343750000002  0.4474343750000002
0.8547031249999999  0.8547031249999999
0.9781562500000005  0.9781562500000005
0.9353614583333335  0.9353614583333335
0.997229166666667  0.997229166666667
0.8781666666666665  0.8781666666666665
0.7145010416666667  0.7145010416666667
0.7813343749999997  0.7813343749999997
0.8166333333333337  0.8166333333333337
0.997489583333334  0.997489583333334
0.6441760416666666  0.6441760416666666
0.44645625  0.44645625
0.5298697916666666  0.5298697916666666
0.7074760416666664  0.7074760416666664
0.9981770833333325  0.9981770833333325
0.9970104166666666  0.9970104166666666
0.9975208333333342  0.9975208333333342
0.8384364583333336  0.8384364583333336
0.8178958333333334  0.8178958333333334
0.791978125  0.791978125
0.9426729166666672  0.9426729166666672
0.7683562499999995  0.7683562499999995
0.7945166666666669  0.7945166666666669
0.6687427083333332  0.6687427083333332
0.8448218749999996  0.8448218749999996
0.9616281250000007  0.9616281250000007
0.6283666666666669  0.6283666666666669
0.8485687500000004  0.8485687500000004
0.9194781249999999  0.9194781249999999
0.9069604166666672  0.9069604166666672
0.9174000000000005  0.9174000000000005
0.8260781249999993  0.8260781249999993
0.639346875  0.639346875
0.661815625  0.661815625
0.7055645833333338  0.7055645833333338
0.6488125000000001  0.6488125000000001
0.4531572916666666  0.4531572916666666
0.839535416666667  0.839535416666667
0.6714239583333333  0.6714239583333333
0.5773218749999999  0.5773218749999999
0.592728125  0.592728125
0.6374770833333332  0.6374770833333332
0.6676864583333334  0.6676864583333334
0.6075666666666664  0.6075666666666664
0.6622468749999997  0.6622468749999997
0.9664604166666657  0.9664604166666657
0.8439531249999996  0.8439531249999996
0.7139020833333332  0.7139020833333332
0.854102083333333  0.854102083333333
0.5730000000000001  0.5730000000000001
0.4806927083333332  0.4806927083333332
0.44799895833333336  0.44799895833333336
0.5584520833333332  0.5584520833333332
0.5622104166666665  0.5622104166666665
0.708678125  0.708678125
0.997885416666668  0.997885416666668
0.8027145833333337  0.8027145833333337
0.9725447916666673  0.9725447916666673
0.8744645833333338  0.8744645833333338
0.7044916666666668  0.7044916666666668
0.6396656250000001  0.6396656250000001
0.5303208333333334  0.5303208333333334
0.688890625  0.688890625
0.9971249999999998  0.9971249999999998
0.9971145833333334  0.9971145833333334
0.8319958333333336  0.8319958333333336
0.802769791666667  0.802769791666667
0.7439958333333333  0.7439958333333333
0.8896406250000001  0.8896406250000001
0.7369312499999998  0.7369312499999998
0.9971041666666671  0.9971041666666671
0.9979999999999997  0.9979999999999997
0.9843687500000005  0.9843687500000005
0.8368499999999999  0.8368499999999999
0.7068031250000004  0.7068031250000004
0.9126041666666674  0.9126041666666674
0.7186291666666667  0.7186291666666667
0.9536979166666665  0.9536979166666665
0.8895531250000006  0.8895531250000006
0.856715625  0.856715625
0.8951854166666662  0.8951854166666662
0.7991968750000004  0.7991968750000004
0.825311458333333  0.825311458333333
0.8039614583333337  0.8039614583333337
0.8496604166666668  0.8496604166666668
0.8892125000000004  0.8892125000000004
0.8419218749999997  0.8419218749999997
0.6017010416666669  0.6017010416666669
0.7021541666666667  0.7021541666666667
0.7217270833333331  0.7217270833333331
0.7287468749999997  0.7287468749999997
0.7956031250000002  0.7956031250000002
0.6659218750000001  0.6659218750000001
0.6644656250000002  0.6644656250000002
0.597545833333333  0.597545833333333
0.8950833333333338  0.8950833333333338
0.7416645833333335  0.7416645833333335
0.7572197916666669  0.7572197916666669
0.8999291666666666  0.8999291666666666
0.8521364583333334  0.8521364583333334
0.7689281250000002  0.7689281250000002
0.729044791666667  0.729044791666667
0.688678125  0.688678125
0.7112447916666668  0.7112447916666668
0.8264718749999999  0.8264718749999999
0.8300385416666665  0.8300385416666665
0.6845895833333334  0.6845895833333334
0.6627989583333332  0.6627989583333332
0.6634937500000001  0.6634937500000001
0.7132760416666664  0.7132760416666664
0.72361875  0.72361875
0.8714510416666665  0.8714510416666665
0.7354729166666668  0.7354729166666668
0.7910802083333334  0.7910802083333334
0.8607968749999998  0.8607968749999998
0.8024947916666669  0.8024947916666669
0.8749010416666668  0.8749010416666668
0.9917187499999988  0.9917187499999988
0.7523218750000001  0.7523218750000001
0.8057468749999996  0.8057468749999996
0.9603208333333337  0.9603208333333337
0.9971041666666671  0.9971041666666671
0.9119072916666666  0.9119072916666666
0.9872187500000003  0.9872187500000003
0.9970729166666668  0.9970729166666668
0.9428583333333336  0.9428583333333336
0.9350406250000002  0.9350406250000002
0.9048322916666668  0.9048322916666668
0.8461510416666662  0.8461510416666662
0.9973645833333334  0.9973645833333334
0.7318739583333334  0.7318739583333334
0.7800052083333331  0.7800052083333331
0.8775208333333331  0.8775208333333331
0.8259218750000001  0.8259218750000001
0.6768114583333334  0.6768114583333334
0.849211458333333  0.849211458333333
0.9972083333333336  0.9972083333333336
0.9912604166666672  0.9912604166666672
0.9179927083333338  0.9179927083333338
0.8759104166666667  0.8759104166666667
0.930691666666667  0.930691666666667
0.9644833333333332  0.9644833333333332
0.9975833333333339  0.9975833333333339
0.9946458333333328  0.9946458333333328
0.8392802083333335  0.8392802083333335
0.90481875  0.90481875
0.9207312500000007  0.9207312500000007
0.9832927083333339  0.9832927083333339
0.8713406250000001  0.8713406250000001
0.9391531249999996  0.9391531249999996
0.9975520833333344  0.9975520833333344
0.8447166666666668  0.8447166666666668
0.997677083333334  0.997677083333334
0.9968749999999996  0.9968749999999996
0.9765315789473678  0.9765315789473678
0.8798843749999996  0.8798843749999996
0.7313906249999994  0.7313906249999994
0.8643427083333328  0.8643427083333328
0.6559831578947366  0.6559831578947366
0.9388812499999996  0.9388812499999996
0.9972395833333333  0.9972395833333333
0.9523916666666657  0.9523916666666657
0.8983541666666663  0.8983541666666663
0.8225124999999993  0.8225124999999993
0.7665999999999991  0.7665999999999991
0.7931999999999987  0.7931999999999987
0.9578718749999992  0.9578718749999992
0.9463864583333321  0.9463864583333321
0.9042333333333322  0.9042333333333322
0.9964687499999991  0.9964687499999991
0.9912812499999988  0.9912812499999988
0.9920729166666666  0.9920729166666666
0.9268031249999996  0.9268031249999996
0.9076083333333328  0.9076083333333328
0.9377770833333331  0.9377770833333331
0.799266666666666  0.799266666666666
0.8124697916666661  0.8124697916666661
0.9461281249999991  0.9461281249999991
0.9389416666666658  0.9389416666666658
0.898132291666666  0.898132291666666
0.9227114583333331  0.9227114583333331
0.9969687499999997  0.9969687499999997
0.9975416666666672  0.9975416666666672
0.9210624999999998  0.9210624999999998
0.8934562499999988  0.8934562499999988
0.8121270833333324  0.8121270833333324
0.804276041666666  0.804276041666666
0.9970729166666655  0.9970729166666655
0.9960104166666645  0.9960104166666645
0.9763999999999993  0.9763999999999993
0.9959999999999978  0.9959999999999978
0.9964999999999996  0.9964999999999996
0.997510416666666  0.997510416666666
0.9972499999999995  0.9972499999999995
0.9964999999999994  0.9964999999999994
0.9965624999999995  0.9965624999999995
0.9965104166666657  0.9965104166666657
0.9855135416666659  0.9855135416666659
0.9963854166666658  0.9963854166666658
0.9965729166666661  0.9965729166666661
0.996270833333332  0.996270833333332
0.99690625  0.99690625
0.9961473684210508  0.9961473684210508
0.9965416666666662  0.9965416666666662
0.9967291666666663  0.9967291666666663
0.9970104166666665  0.9970104166666665
0.9973437499999989  0.9973437499999989
0.9965208333333311  0.9965208333333311
0.9574252631578934  0.9574252631578934
0.9959999999999978  0.9959999999999978
0.9959999999999978  0.9959999999999978
0.9970312499999998  0.9970312499999998
0.9969583333333332  0.9969583333333332
0.9965937499999995  0.9965937499999995
0.995989583333331  0.995989583333331
0.9959999999999978  0.9959999999999978
0.9963958333333325  0.9963958333333325
0.9661749999999985  0.9661749999999985
0.8841062499999992  0.8841062499999992
0.949186458333332  0.949186458333332
0.9959895833333313  0.9959895833333313
0.9959583333333312  0.9959583333333312
0.995989583333331  0.995989583333331
0.9959999999999978  0.9959999999999978
0.9965416666666659  0.9965416666666659
0.9959791666666642  0.9959791666666642
0.9958020833333312  0.9958020833333312
0.995494736842104  0.995494736842104
0.9956562499999986  0.9956562499999986
0.9959999999999978  0.9959999999999978
0.995989583333331  0.995989583333331
0.9959999999999978  0.9959999999999978
0.9960729166666646  0.9960729166666646
0.9963645833333323  0.9963645833333323
0.9960208333333311  0.9960208333333311
0.9964062499999984  0.9964062499999984
0.9878541666666654  0.9878541666666654
0.9959374999999979  0.9959374999999979
0.9961979166666651  0.9961979166666651
0.9960729166666656  0.9960729166666656
0.964713541666665  0.964713541666665
0.965044791666666  0.965044791666666
0.8845749999999991  0.8845749999999991
0.840068749999999  0.840068749999999
0.9961041666666647  0.9961041666666647
0.9957916666666649  0.9957916666666649
0.9959999999999978  0.9959999999999978
0.9964999999999992  0.9964999999999992