No comments
1096
1 2 3 4 5 6 7 8 9 10 11 12 13 14 15 16 17 18 19 20 21 22 23 24 25 26 27 28 29 30 31 32 33 34 35 36 37 38 39 40 41 42 43 44 45 46 47 48 49 50 51 52 53 54 55 56 57 58 59 60 61 62 63 64 65 66 67 68 69 70 71 72 73 74 75 76 77 78 79 80 81 82 83 84 85 86 87 88 89 90 91 92 93 94 95 96 97 98 99 100 101 102 103 104 105 106 107 108 109 110 111 112 113 114 115 116 117 118 119 120 121 122 123 124 125 126 127 128 129 130 131 132 133 134 135 136 137 138 139 140 141 142 143 144 145 146 147 148 149 150 151 152 153 154 155 156 157 158 159 160 161 162 163 164 165 166 167 168 169 170 171 172 173 174 175 176 177 178 179 180 181 182 183 184 185 186 187 188 189 190 191 192 193 194 195 196 197 198 199 200 201 202 203 204 205 206 207 208 209 210 211 212 213 214 215 216 217 218 219 220 221 222 223 224 225 226 227 228 229 230 231 232 233 234 235 236 237 238 239 240 241 242 243 244 245 246 247 248 249 250 251 252 253 254 255 256 257 258 259 260 261 262 263 264 265 266 267 268 269 270 271 272 273 274 275 276 277 278 279 280 281 282 283 284 285 286 287 288 289 290 291 292 293 294 295 296 297 298 299 300 301 302 303 304 305 306 307 308 309 310 311 312 313 314 315 316 317 318 319 320 321 322 323 324 325 326 327 328 329 330 331 332 333 334 335 336 337 338 339 340 341 342 343 344 345 346 347 348 349 350 351 352 353 354 355 356 357 358 359 360 361 362 363 364 365 366 367 368 369 370 371 372 373 374 375 376 377 378 379 380 381 382 383 384 385 386 387 388 389 390 391 392 393 394 395 396 397 398 399 400 401 402 403 404 405 406 407 408 409 410 411 412 413 414 415 416 417 418 419 420 421 422 423 424 425 426 427 428 429 430 431 432 433 434 435 436 437 438 439 440 441 442 443 444 445 446 447 448 449 450 451 452 453 454 455 456 457 458 459 460 461 462 463 464 465 466 467 468 469 470 471 472 473 474 475 476 477 478 479 480 481 482 483 484 485 486 487 488 489 490 491 492 493 494 495 496 497 498 499 500 501 502 503 504 505 506 507 508 509 510 511 512 513 514 515 516 517 518 519 520 521 522 523 524 525 526 527 528 529 530 531 532 533 534 535 536 537 538 539 540 541 542 543 544 545 546 547 548 549 550 551 552 553 554 555 556 557 558 559 560 561 562 563 564 565 566 567 568 569 570 571 572 573 574 575 576 577 578 579 580 581 582 583 584 585 586 587 588 589 590 591 592 593 594 595 596 597 598 599 600 601 602 603 604 605 606 607 608 609 610 611 612 613 614 615 616 617 618 619 620 621 622 623 624 625 626 627 628 629 630 631 632 633 634 635 636 637 638 639 640 641 642 643 644 645 646 647 648 649 650 651 652 653 654 655 656 657 658 659 660 661 662 663 664 665 666 667 668 669 670 671 672 673 674 675 676 677 678 679 680 681 682 683 684 685 686 687 688 689 690 691 692 693 694 695 696 697 698 699 700 701 702 703 704 705 706 707 708 709 710 711 712 713 714 715 716 717 718 719 720 721 722 723 724 725 726 727 728 729 730 731 732 733 734 735 736 737 738 739 740 741 742 743 744 745 746 747 748 749 750 751 752 753 754 755 756 757 758 759 760 761 762 763 764 765 766 767 768 769 770 771 772 773 774 775 776 777 778 779 780 781 782 783 784 785 786 787 788 789 790 791 792 793 794 795 796 797 798 799 800 801 802 803 804 805 806 807 808 809 810 811 812 813 814 815 816 817 818 819 820 821 822 823 824 825 826 827 828 829 830 831 832 833 834 835 836 837 838 839 840 841 842 843 844 845 846 847 848 849 850 851 852 853 854 855 856 857 858 859 860 861 862 863 864 865 866 867 868 869 870 871 872 873 874 875 876 877 878 879 880 881 882 883 884 885 886 887 888 889 890 891 892 893 894 895 896 897 898 899 900 901 902 903 904 905 906 907 908 909 910 911 912 913 914 915 916 917 918 919 920 921 922 923 924 925 926 927 928 929 930 931 932 933 934 935 936 937 938 939 940 941 942 943 944 945 946 947 948 949 950 951 952 953 954 955 956 957 958 959 960 961 962 963 964 965 966 967 968 969 970 971 972 973 974 975 976 977 978 979 980 981 982 983 984 985 986 987 988 989 990 991 992 993 994 995 996 997 998 999 1000 1001 1002 1003 1004 1005 1006 1007 1008 1009 1010 1011 1012 1013 1014 1015 1016 1017 1018 1019 1020 1021 1022 1023 1024 1025 1026 1027 1028 1029 1030 1031 1032 1033 1034 1035 1036 1037 1038 1039 1040 1041 1042 1043 1044 1045 1046 1047 1048 1049 1050 1051 1052 1053 1054 1055 1056 1057 1058 1059 1060 1061 1062 1063 1064 1065 1066 1067 1068 1069 1070 1071 1072 1073 1074 1075 1076 1077 1078 1079 1080 1081 1082 1083 1084 1085 1086 1087 1088 1089 1090 1091 1092 1093 1094 1095 1096
2
1 2
47.4249375  47.4249375
10.06816666666667  10.06816666666667
6.141187499999997  6.141187499999997
37.733625  37.733625
21.09159375  21.09159375
12.37604166666667  12.37604166666667
7.268447916666669  7.268447916666669
8.211260416666669  8.211260416666669
19.98451041666667  19.98451041666667
21.585375  21.585375
38.9848125  38.9848125
25.30145833333333  25.30145833333333
23.3700625  23.3700625
36.00351041666668  36.00351041666668
48.26132291666665  48.26132291666665
45.83286458333334  45.83286458333334
28.52628125  28.52628125
22.82569791666666  22.82569791666666
49.80015625000001  49.80015625000001
52.31543750000001  52.31543750000001
8.205520833333336  8.205520833333336
22.43497916666666  22.43497916666666
51.69813541666667  51.69813541666667
14.93938541666667  14.93938541666667
9.353979166666667  9.353979166666667
45.93233333333335  45.93233333333335
32.97481250000001  32.97481250000001
23.61828125000001  23.61828125000001
18.80752083333333  18.80752083333333
36.19368749999999  36.19368749999999
19.74579166666667  19.74579166666667
10.78835416666666  10.78835416666666
21.43952083333333  21.43952083333333
34.27960416666667  34.27960416666667
52.89381250000002  52.89381250000002
29.78946875000001  29.78946875000001
23.5284375  23.5284375
76.42128125  76.42128125
66.72707291666669  66.72707291666669
25.41773958333333  25.41773958333333
39.35910416666666  39.35910416666666
29.82295833333333  29.82295833333333
62.06537499999997  62.06537499999997
27.43777083333333  27.43777083333333
75.19290625000001  75.19290625000001
24.09210416666667  24.09210416666667
40.20665625  40.20665625
49.75426041666667  49.75426041666667
32.73235416666667  32.73235416666667
65.86128124999999  65.86128124999999
39.61645833333333  39.61645833333333
50.51371875  50.51371875
18.66659375000001  18.66659375000001
42.89535416666664  42.89535416666664
64.03481250000002  64.03481250000002
37.00110416666665  37.00110416666665
61.95840625000003  61.95840625000003
66.44614583333332  66.44614583333332
63.39907291666668  63.39907291666668
72.82734374999998  72.82734374999998
31.84652083333333  31.84652083333333
26.04906250000001  26.04906250000001
98.70254166666666  98.70254166666666
122.1848854166667  122.1848854166667
33.51426041666666  33.51426041666666
17.92917708333333  17.92917708333333
101.8679583333334  101.8679583333334
38.69321875000002  38.69321875000002
52.40956249999997  52.40956249999997
102.086  102.086
91.14136458333331  91.14136458333331
82.33422916666666  82.33422916666666
171.4698229166667  171.4698229166667
159.0012708333333  159.0012708333333
156.7004375  156.7004375
110.6658333333333  110.6658333333333
156.0632395833334  156.0632395833334
88.56585416666667  88.56585416666667
44.89678125000002  44.89678125000002
122.3344479166667  122.3344479166667
187.3400104166666  187.3400104166666
197.05365625  197.05365625
199.7920000000001  199.7920000000001
201.2011562500001  201.2011562500001
189.50953125  189.50953125
189.6971666666668  189.6971666666668
187.6229479166667  187.6229479166667
46.87535416666665  46.87535416666665
140.57146875  140.57146875
138.3851458333333  138.3851458333333
218.7205208333333  218.7205208333333
114.15225  114.15225
158.5695208333334  158.5695208333334
179.35365625  179.35365625
229.24825  229.24825
234.2561458333333  234.2561458333333
224.1121562500001  224.1121562500001
230.1789479166666  230.1789479166666
212.72859375  212.72859375
236.9602708333334  236.9602708333334
244.0650000000001  244.0650000000001
247.3912604166667  247.3912604166667
138.4051666666666  138.4051666666666
208.46796875  208.46796875
207.3018854166667  207.3018854166667
244.4237395833333  244.4237395833333
262.2015729166667  262.2015729166667
272.8323125000001  272.8323125000001
275.7932708333334  275.7932708333334
277.9299999999999  277.9299999999999
273.6012916666667  273.6012916666667
274.1255833333334  274.1255833333334
279.9552812500002  279.9552812500002
230.76259375  230.76259375
179.3371770833332  179.3371770833332
232.7885937499999  232.7885937499999
278.2544583333333  278.2544583333333
232.6623541666667  232.6623541666667
111.4484479166666  111.4484479166666
156.443375  156.443375
210.5314791666666  210.5314791666666
173.7388437499999  173.7388437499999
169.4643229166667  169.4643229166667
109.0882395833334  109.0882395833334
235.2851770833332  235.2851770833332
268.41334375  268.41334375
139.38159375  139.38159375
301.6868541666667  301.6868541666667
313.3222812500001  313.3222812500001
207.6104791666666  207.6104791666666
32.64273958333332  32.64273958333332
237.6453645833333  237.6453645833333
207.9840625000002  207.9840625000002
261.2360729166667  261.2360729166667
317.8944583333333  317.8944583333333
207.8276770833334  207.8276770833334
307.1745312499999  307.1745312499999
227.2985208333333  227.2985208333333
175.4540104166667  175.4540104166667
314.3849375  314.3849375
323.8546458333332  323.8546458333332
267.6083020833333  267.6083020833333
114.182  114.182
173.9718854166667  173.9718854166667
122.148  122.148
287.3147916666665  287.3147916666665
327.3712291666667  327.3712291666667
256.9220520833335  256.9220520833335
270.4884375  270.4884375
262.4558437500002  262.4558437500002
268.9251979166666  268.9251979166666
347.4613645833331  347.4613645833331
314.2652604166666  314.2652604166666
343.09996875  343.09996875
240.7542604166667  240.7542604166667
184.8189270833334  184.8189270833334
248.1490416666667  248.1490416666667
125.2141145833333  125.2141145833333
254.4814479166667  254.4814479166667
229.23559375  229.23559375
298.2573854166667  298.2573854166667
122.7582604166667  122.7582604166667
282.6945  282.6945
226.2435104166666  226.2435104166666
260.9824062500001  260.9824062500001
335.0708541666666  335.0708541666666
324.2700833333333  324.2700833333333
250.6434687499999  250.6434687499999
151.5219791666666  151.5219791666666
119.10184375  119.10184375
47.90450000000003  47.90450000000003
42.46391666666666  42.46391666666666
306.6219062500001  306.6219062500001
362.9955729166667  362.9955729166667
199.5336874999999  199.5336874999999
278.6190729166667  278.6190729166667
211.5599791666666  211.5599791666666
279.44115625  279.44115625
239.6265208333334  239.6265208333334
227.0043125  227.0043125
311.0090208333333  311.0090208333333
136.58465625  136.58465625
251.0156458333332  251.0156458333332
267.7818645833332  267.7818645833332
280.8623749999999  280.8623749999999
220.1069999999999  220.1069999999999
279.6810312500001  279.6810312500001
244.7400833333332  244.7400833333332
144.8903854166666  144.8903854166666
129.8957291666667  129.8957291666667
149.7404062500001  149.7404062500001
284.7633541666667  284.7633541666667
289.03584375  289.03584375
281.8649583333333  281.8649583333333
318.3815624999999  318.3815624999999
128.7932395833334  128.7932395833334
221.92221875  221.92221875
166.2286041666667  166.2286041666667
285.1506562500001  285.1506562500001
237.8075520833334  237.8075520833334
200.9899895833334  200.9899895833334
273.5884895833333  273.5884895833333
282.8840625  282.8840625
229.9516979166666  229.9516979166666
271.5192604166666  271.5192604166666
212.2224270833333  212.2224270833333
166.11721875  166.11721875
236.5034270833333  236.5034270833333
223.4200520833333  223.4200520833333
215.9564791666668  215.9564791666668
299.6849375  299.6849375
306.0486770833333  306.0486770833333
300.0227604166668  300.0227604166668
107.42578125  107.42578125
118.4611979166667  118.4611979166667
184.633  184.633
289.7649479166668  289.7649479166668
294.3173020833335  294.3173020833335
269.0637187499999  269.0637187499999
232.3242395833334  232.3242395833334
204.7236458333333  204.7236458333333
175.7420104166666  175.7420104166666
270.8420104166667  270.8420104166667
284.714  284.714
227.4301875000001  227.4301875000001
104.6947395833333  104.6947395833333
194.6121145833334  194.6121145833334
271.16190625  271.16190625
243.4609895833332  243.4609895833332
111.8340833333333  111.8340833333333
172.8170729166668  172.8170729166668
235.5195520833333  235.5195520833333
242.7953958333334  242.7953958333334
88.95069791666667  88.95069791666667
193.42240625  193.42240625
161.8713958333334  161.8713958333334
192.4759375000001  192.4759375000001
75.04278124999996  75.04278124999996
139.98884375  139.98884375
129.6734895833333  129.6734895833333
157.8215625  157.8215625
85.59536458333332  85.59536458333332
143.77678125  143.77678125
131.6526458333334  131.6526458333334
112.7434895833333  112.7434895833333
189.5843645833333  189.5843645833333
108.9624270833334  108.9624270833334
64.80495833333335  64.80495833333335
188.21125  188.21125
144.4316770833333  144.4316770833333
138.3600729166667  138.3600729166667
131.82603125  131.82603125
178.4748958333333  178.4748958333333
199.0965625000001  199.0965625000001
183.0400416666666  183.0400416666666
170.8604270833335  170.8604270833335
181.7073020833334  181.7073020833334
179.8413958333335  179.8413958333335
173.0190416666666  173.0190416666666
185.7304791666667  185.7304791666667
186.1858645833333  186.1858645833333
165.69384375  165.69384375
172.8224166666667  172.8224166666667
171.4033541666666  171.4033541666666
163.937  163.937
156.7196041666666  156.7196041666666
125.3867708333333  125.3867708333333
35.42375000000001  35.42375000000001
14.61467708333332  14.61467708333332
60.88747916666668  60.88747916666668
146.7731145833334  146.7731145833334
106.9434479166667  106.9434479166667
74.25497916666664  74.25497916666664
41.75922916666668  41.75922916666668
43.28835416666667  43.28835416666667
128.1628854166667  128.1628854166667
108.9256875  108.9256875
81.70445833333333  81.70445833333333
79.45059375000001  79.45059375000001
83.4867916666667  83.4867916666667
85.73335416666667  85.73335416666667
76.6455  76.6455
55.14269791666668  55.14269791666668
67.53765624999997  67.53765624999997
60.98994791666666  60.98994791666666
61.03685416666664  61.03685416666664
14.22733333333334  14.22733333333334
29.34039583333334  29.34039583333334
44.10486458333336  44.10486458333336
78.73038541666666  78.73038541666666
32.13864583333331  32.13864583333331
64.06640625000001  64.06640625000001
64.30650000000001  64.30650000000001
40.18860416666666  40.18860416666666
67.87640625  67.87640625
40.10590625000001  40.10590625000001
73.83888541666668  73.83888541666668
83.09403125  83.09403125
37.92558333333333  37.92558333333333
49.16851041666666  49.16851041666666
38.71533333333335  38.71533333333335
58.98456250000003  58.98456250000003
15.75864583333333  15.75864583333333
26.52646874999998  26.52646874999998
22.31380208333334  22.31380208333334
36.28260416666667  36.28260416666667
61.96988541666672  61.96988541666672
54.7486875  54.7486875
73.45985416666666  73.45985416666666
18.50698958333333  18.50698958333333
67.78291666666667  67.78291666666667
51.52368750000002  51.52368750000002
12.67486458333333  12.67486458333333
7.233510416666667  7.233510416666667
7.672510416666666  7.672510416666666
22.0446875  22.0446875
44.51273958333334  44.51273958333334
39.16190625000001  39.16190625000001
55.64548958333333  55.64548958333333
29.63691666666668  29.63691666666668
33.4624375  33.4624375
23.74176041666666  23.74176041666666
17.57702083333334  17.57702083333334
77.72304477611938  77.72304477611938
37.40251358442165  37.40251358442165
37.02885825441365  37.02885825441365
36.65520292440564  36.65520292440564
36.28154759439764  36.28154759439764
35.90789226438963  35.90789226438963
35.53423693438163  35.53423693438163
35.16058160437363  35.16058160437363
38.51374999999999  38.51374999999999
26.02054166666666  26.02054166666666
22.73564583333335  22.73564583333335
11.96076041666666  11.96076041666666
11.91628125  11.91628125
16.64052083333333  16.64052083333333
32.05040624999999  32.05040624999999
40.49939583333333  40.49939583333333
14.98251041666666  14.98251041666666
13.5556875  13.5556875
17.27261458333333  17.27261458333333
33.19215625  33.19215625
38.56599999999999  38.56599999999999
26.89739583333332  26.89739583333332
9.754  9.754
33.34231250000001  33.34231250000001
11.11692708333334  11.11692708333334
13.82642708333334  13.82642708333334
12.20647916666667  12.20647916666667
20.77464583333333  20.77464583333333
17.36654166666666  17.36654166666666
26.35874999999998  26.35874999999998
34.23115625000001  34.23115625000001
32.54818749999998  32.54818749999998
22.68948958333334  22.68948958333334
8.619437500000002  8.619437500000002
19.60819791666667  19.60819791666667
16.78047916666666  16.78047916666666
15.80068749999999  15.80068749999999
13.49161458333334  13.49161458333334
15.04953125000001  15.04953125000001
36.14233333333333  36.14233333333333
16.39866666666667  16.39866666666667
20.2864375  20.2864375
23.26251041666669  23.26251041666669
47.4249375  47.4249375
10.06816666666667  10.06816666666667
6.141187499999997  6.141187499999997
37.733625  37.733625
21.09159375  21.09159375
12.37604166666667  12.37604166666667
7.268447916666669  7.268447916666669
8.211260416666669  8.211260416666669
19.98451041666667  19.98451041666667
21.585375  21.585375
38.9848125  38.9848125
25.30145833333333  25.30145833333333
23.3700625  23.3700625
36.00351041666668  36.00351041666668
48.26132291666665  48.26132291666665
45.83286458333334  45.83286458333334
28.52628125  28.52628125
22.82569791666666  22.82569791666666
49.80015625000001  49.80015625000001
52.31543750000001  52.31543750000001
8.205520833333336  8.205520833333336
22.43497916666666  22.43497916666666
51.69813541666667  51.69813541666667
14.93938541666667  14.93938541666667
9.353979166666667  9.353979166666667
45.93233333333335  45.93233333333335
32.97481250000001  32.97481250000001
23.61828125000001  23.61828125000001
18.80752083333333  18.80752083333333
36.19368749999999  36.19368749999999
19.74579166666667  19.74579166666667
10.78835416666666  10.78835416666666
21.43952083333333  21.43952083333333
34.27960416666667  34.27960416666667
52.89381250000002  52.89381250000002
29.78946875000001  29.78946875000001
23.5284375  23.5284375
76.42128125  76.42128125
66.72707291666669  66.72707291666669
25.41773958333333  25.41773958333333
39.35910416666666  39.35910416666666
29.82295833333333  29.82295833333333
62.06537499999997  62.06537499999997
27.43777083333333  27.43777083333333
75.19290625000001  75.19290625000001
24.09210416666667  24.09210416666667
40.20665625  40.20665625
49.75426041666667  49.75426041666667
32.73235416666667  32.73235416666667
65.86128124999999  65.86128124999999
39.61645833333333  39.61645833333333
50.51371875  50.51371875
18.66659375000001  18.66659375000001
42.89535416666664  42.89535416666664
64.03481250000002  64.03481250000002
37.00110416666665  37.00110416666665
61.95840625000003  61.95840625000003
66.44614583333332  66.44614583333332
63.39907291666668  63.39907291666668
72.82734374999998  72.82734374999998
31.84652083333333  31.84652083333333
26.04906250000001  26.04906250000001
98.70254166666666  98.70254166666666
122.1848854166667  122.1848854166667
33.51426041666666  33.51426041666666
17.92917708333333  17.92917708333333
101.8679583333334  101.8679583333334
38.69321875000002  38.69321875000002
52.40956249999997  52.40956249999997
102.086  102.086
91.14136458333331  91.14136458333331
82.33422916666666  82.33422916666666
171.4698229166667  171.4698229166667
159.0012708333333  159.0012708333333
156.7004375  156.7004375
110.6658333333333  110.6658333333333
156.0632395833334  156.0632395833334
88.56585416666667  88.56585416666667
44.89678125000002  44.89678125000002
122.3344479166667  122.3344479166667
187.3400104166666  187.3400104166666
197.05365625  197.05365625
199.7920000000001  199.7920000000001
201.2011562500001  201.2011562500001
189.50953125  189.50953125
189.6971666666668  189.6971666666668
187.6229479166667  187.6229479166667
46.87535416666665  46.87535416666665
140.57146875  140.57146875
138.3851458333333  138.3851458333333
218.7205208333333  218.7205208333333
114.15225  114.15225
158.5695208333334  158.5695208333334
179.35365625  179.35365625
229.24825  229.24825
234.2561458333333  234.2561458333333
224.1121562500001  224.1121562500001
230.1789479166666  230.1789479166666
212.72859375  212.72859375
236.9602708333334  236.9602708333334
244.0650000000001  244.0650000000001
247.3912604166667  247.3912604166667
138.4051666666666  138.4051666666666
208.46796875  208.46796875
207.3018854166667  207.3018854166667
244.4237395833333  244.4237395833333
262.2015729166667  262.2015729166667
272.8323125000001  272.8323125000001
275.7932708333334  275.7932708333334
277.9299999999999  277.9299999999999
273.6012916666667  273.6012916666667
274.1255833333334  274.1255833333334
279.9552812500002  279.9552812500002
230.76259375  230.76259375
179.3371770833332  179.3371770833332
232.7885937499999  232.7885937499999
278.2544583333333  278.2544583333333
232.6623541666667  232.6623541666667
111.4484479166666  111.4484479166666
156.443375  156.443375
210.5314791666666  210.5314791666666
173.7388437499999  173.7388437499999
169.4643229166667  169.4643229166667
109.0882395833334  109.0882395833334
235.2851770833332  235.2851770833332
268.41334375  268.41334375
139.38159375  139.38159375
301.6868541666667  301.6868541666667
313.3222812500001  313.3222812500001
207.6104791666666  207.6104791666666
32.64273958333332  32.64273958333332
237.6453645833333  237.6453645833333
207.9840625000002  207.9840625000002
261.2360729166667  261.2360729166667
317.8944583333333  317.8944583333333
207.8276770833334  207.8276770833334
307.1745312499999  307.1745312499999
227.2985208333333  227.2985208333333
175.4540104166667  175.4540104166667
314.3849375  314.3849375
323.8546458333332  323.8546458333332
267.6083020833333  267.6083020833333
114.182  114.182
173.9718854166667  173.9718854166667
122.148  122.148
287.3147916666665  287.3147916666665
327.3712291666667  327.3712291666667
256.9220520833335  256.9220520833335
270.4884375  270.4884375
262.4558437500002  262.4558437500002
268.9251979166666  268.9251979166666
347.4613645833331  347.4613645833331
314.2652604166666  314.2652604166666
343.09996875  343.09996875
240.7542604166667  240.7542604166667
184.8189270833334  184.8189270833334
248.1490416666667  248.1490416666667
125.2141145833333  125.2141145833333
254.4814479166667  254.4814479166667
229.23559375  229.23559375
298.2573854166667  298.2573854166667
122.7582604166667  122.7582604166667
282.6945  282.6945
226.2435104166666  226.2435104166666
260.9824062500001  260.9824062500001
335.0708541666666  335.0708541666666
324.2700833333333  324.2700833333333
250.6434687499999  250.6434687499999
151.5219791666666  151.5219791666666
119.10184375  119.10184375
47.90450000000003  47.90450000000003
42.46391666666666  42.46391666666666
306.6219062500001  306.6219062500001
362.9955729166667  362.9955729166667
199.5336874999999  199.5336874999999
278.6190729166667  278.6190729166667
211.5599791666666  211.5599791666666
279.44115625  279.44115625
239.6265208333334  239.6265208333334
227.0043125  227.0043125
311.0090208333333  311.0090208333333
136.58465625  136.58465625
251.0156458333332  251.0156458333332
267.7818645833332  267.7818645833332
280.8623749999999  280.8623749999999
220.1069999999999  220.1069999999999
279.6810312500001  279.6810312500001
244.7400833333332  244.7400833333332
144.8903854166666  144.8903854166666
129.8957291666667  129.8957291666667
149.7404062500001  149.7404062500001
284.7633541666667  284.7633541666667
289.03584375  289.03584375
281.8649583333333  281.8649583333333
318.3815624999999  318.3815624999999
128.7932395833334  128.7932395833334
221.92221875  221.92221875
166.2286041666667  166.2286041666667
285.1506562500001  285.1506562500001
237.8075520833334  237.8075520833334
200.9899895833334  200.9899895833334
273.5884895833333  273.5884895833333
282.8840625  282.8840625
229.9516979166666  229.9516979166666
271.5192604166666  271.5192604166666
212.2224270833333  212.2224270833333
166.11721875  166.11721875
236.5034270833333  236.5034270833333
223.4200520833333  223.4200520833333
215.9564791666668  215.9564791666668
299.6849375  299.6849375
306.0486770833333  306.0486770833333
300.0227604166668  300.0227604166668
107.42578125  107.42578125
118.4611979166667  118.4611979166667
184.633  184.633
289.7649479166668  289.7649479166668
294.3173020833335  294.3173020833335
269.0637187499999  269.0637187499999
232.3242395833334  232.3242395833334
204.7236458333333  204.7236458333333
175.7420104166666  175.7420104166666
270.8420104166667  270.8420104166667
284.714  284.714
227.4301875000001  227.4301875000001
104.6947395833333  104.6947395833333
194.6121145833334  194.6121145833334
271.16190625  271.16190625
243.4609895833332  243.4609895833332
111.8340833333333  111.8340833333333
172.8170729166668  172.8170729166668
235.5195520833333  235.5195520833333
242.7953958333334  242.7953958333334
88.95069791666667  88.95069791666667
193.42240625  193.42240625
161.8713958333334  161.8713958333334
192.4759375000001  192.4759375000001
75.04278124999996  75.04278124999996
139.98884375  139.98884375
129.6734895833333  129.6734895833333
157.8215625  157.8215625
85.59536458333332  85.59536458333332
143.77678125  143.77678125
131.6526458333334  131.6526458333334
112.7434895833333  112.7434895833333
189.5843645833333  189.5843645833333
108.9624270833334  108.9624270833334
64.80495833333335  64.80495833333335
188.21125  188.21125
144.4316770833333  144.4316770833333
138.3600729166667  138.3600729166667
131.82603125  131.82603125
178.4748958333333  178.4748958333333
199.0965625000001  199.0965625000001
183.0400416666666  183.0400416666666
170.8604270833335  170.8604270833335
181.7073020833334  181.7073020833334
179.8413958333335  179.8413958333335
173.0190416666666  173.0190416666666
185.7304791666667  185.7304791666667
186.1858645833333  186.1858645833333
165.69384375  165.69384375
172.8224166666667  172.8224166666667
171.4033541666666  171.4033541666666
163.937  163.937
156.7196041666666  156.7196041666666
125.3867708333333  125.3867708333333
35.42375000000001  35.42375000000001
14.61467708333332  14.61467708333332
60.88747916666668  60.88747916666668
146.7731145833334  146.7731145833334
106.9434479166667  106.9434479166667
74.25497916666664  74.25497916666664
41.75922916666668  41.75922916666668
43.28835416666667  43.28835416666667
128.1628854166667  128.1628854166667
108.9256875  108.9256875
81.70445833333333  81.70445833333333
79.45059375000001  79.45059375000001
83.4867916666667  83.4867916666667
85.73335416666667  85.73335416666667
76.6455  76.6455
55.14269791666668  55.14269791666668
67.53765624999997  67.53765624999997
60.98994791666666  60.98994791666666
61.03685416666664  61.03685416666664
14.22733333333334  14.22733333333334
29.34039583333334  29.34039583333334
44.10486458333336  44.10486458333336
78.73038541666666  78.73038541666666
32.13864583333331  32.13864583333331
64.06640625000001  64.06640625000001
64.30650000000001  64.30650000000001
40.18860416666666  40.18860416666666
67.87640625  67.87640625
40.10590625000001  40.10590625000001
73.83888541666668  73.83888541666668
83.09403125  83.09403125
37.92558333333333  37.92558333333333
49.16851041666666  49.16851041666666
38.71533333333335  38.71533333333335
58.98456250000003  58.98456250000003
15.75864583333333  15.75864583333333
26.52646874999998  26.52646874999998
22.31380208333334  22.31380208333334
36.28260416666667  36.28260416666667
61.96988541666672  61.96988541666672
54.7486875  54.7486875
73.45985416666666  73.45985416666666
18.50698958333333  18.50698958333333
67.78291666666667  67.78291666666667
51.52368750000002  51.52368750000002
12.67486458333333  12.67486458333333
7.233510416666667  7.233510416666667
7.672510416666666  7.672510416666666
22.0446875  22.0446875
44.51273958333334  44.51273958333334
39.16190625000001  39.16190625000001
55.64548958333333  55.64548958333333
29.63691666666668  29.63691666666668
33.4624375  33.4624375
23.74176041666666  23.74176041666666
17.57702083333334  17.57702083333334
77.72304477611938  77.72304477611938
37.40251358442165  37.40251358442165
37.02885825441365  37.02885825441365
36.65520292440564  36.65520292440564
36.28154759439764  36.28154759439764
35.90789226438963  35.90789226438963
35.53423693438163  35.53423693438163
35.16058160437363  35.16058160437363
38.51374999999999  38.51374999999999
26.02054166666666  26.02054166666666
22.73564583333335  22.73564583333335
11.96076041666666  11.96076041666666
11.91628125  11.91628125
16.64052083333333  16.64052083333333
32.05040624999999  32.05040624999999
40.49939583333333  40.49939583333333
14.98251041666666  14.98251041666666
13.5556875  13.5556875
17.27261458333333  17.27261458333333
33.19215625  33.19215625
38.56599999999999  38.56599999999999
26.89739583333332  26.89739583333332
9.754  9.754
33.34231250000001  33.34231250000001
11.11692708333334  11.11692708333334
13.82642708333334  13.82642708333334
12.20647916666667  12.20647916666667
20.77464583333333  20.77464583333333
17.36654166666666  17.36654166666666
26.35874999999998  26.35874999999998
34.23115625000001  34.23115625000001
32.54818749999998  32.54818749999998
22.68948958333334  22.68948958333334
8.619437500000002  8.619437500000002
19.60819791666667  19.60819791666667
16.78047916666666  16.78047916666666
15.80068749999999  15.80068749999999
13.49161458333334  13.49161458333334
15.04953125000001  15.04953125000001
36.14233333333333  36.14233333333333
16.39866666666667  16.39866666666667
20.2864375  20.2864375
23.26251041666669  23.26251041666669
47.4249375  47.4249375
10.06816666666667  10.06816666666667
6.141187499999997  6.141187499999997
37.733625  37.733625
21.09159375  21.09159375
12.37604166666667  12.37604166666667
7.268447916666669  7.268447916666669
12.91426041666666  12.91426041666666
14.70757291666666  14.70757291666666
12.50942708333332  12.50942708333332
8.308010416666662  8.308010416666662
12.4858125  12.4858125
34.02891666666667  34.02891666666667
18.94996875  18.94996875
22.92325  22.92325
18.151  18.151
16.22707291666667  16.22707291666667
14.73672916666666  14.73672916666666
35.51408333333334  35.51408333333334
39.70809375  39.70809375
16.60276041666667  16.60276041666667
6.807416666666673  6.807416666666673
13.58772916666667  13.58772916666667
20.14172916666666  20.14172916666666
44.47565624999999  44.47565624999999
38.48200000000001  38.48200000000001
25.54311458333335  25.54311458333335
38.48454166666667  38.48454166666667
41.45831250000001  41.45831250000001
65.11458333333333  65.11458333333333
63.43631250000001  63.43631250000001
27.29455208333333  27.29455208333333
31.78695833333333  31.78695833333333
22.62620833333333  22.62620833333333
28.29647916666665  28.29647916666665
32.39663541666665  32.39663541666665
16.41870833333333  16.41870833333333
25.50117708333335  25.50117708333335
41.96065625  41.96065625
58.10671874999998  58.10671874999998
88.92760416666668  88.92760416666668
85.30159375000005  85.30159375000005
47.47712499999998  47.47712499999998
48.35730208333334  48.35730208333334
71.0925625  71.0925625
42.7259583333333  42.7259583333333
22.90444791666667  22.90444791666667
82.03877083333334  82.03877083333334
41.56797674418605  41.56797674418605
83.69471875  83.69471875
104.8332291666667  104.8332291666667
110.362375  110.362375
87.31803125  87.31803125
93.98616666666673  93.98616666666673
105.3699375  105.3699375
34.54154166666667  34.54154166666667
73.59820833333333  73.59820833333333
28.66895833333334  28.66895833333334
91.20815624999996  91.20815624999996
118.214875  118.214875
123.3225625  123.3225625
18.71214583333333  18.71214583333333
127.87215625  127.87215625
93.55651041666664  93.55651041666664
33.82079166666666  33.82079166666666
151.2381354166668  151.2381354166668
137.48203125  137.48203125
147.8999479166667  147.8999479166667
52.44089583333336  52.44089583333336
98.65865625000008  98.65865625000008
51.42332291666665  51.42332291666665
74.0496041666667  74.0496041666667
93.3800833333333  93.3800833333333
42.37669791666666  42.37669791666666
78.42544791666666  78.42544791666666
68.11352083333335  68.11352083333335
97.68693749999994  97.68693749999994
112.4188645833333  112.4188645833333
62.03885416666663  62.03885416666663
169.9515833333333  169.9515833333333
57.8441875  57.8441875
105.72765625  105.72765625
158.2569791666666  158.2569791666666
137.21978125  137.21978125
98.34809374999999  98.34809374999999
153.98290625  153.98290625
96.65875000000001  96.65875000000001
199.3805416666666  199.3805416666666
206.3758125  206.3758125
96.51602083333331  96.51602083333331
201.7898854166667  201.7898854166667
128.1384791666667  128.1384791666667
195.28346875  195.28346875
69.51084375000002  69.51084375000002
160.90559375  160.90559375
109.1213020833333  109.1213020833333
132.24759375  132.24759375
194.18603125  194.18603125
60.05979166666665  60.05979166666665
194.5605625  194.5605625
79.82687499999999  79.82687499999999
182.4616875000002  182.4616875000002
131.1071458333334  131.1071458333334
94.82996875000009  94.82996875000009
142.5789479166667  142.5789479166667
119.51725  119.51725
104.2450104166667  104.2450104166667
144.0765520833333  144.0765520833333
225.6014895833333  225.6014895833333
226.1582187500001  226.1582187500001
184.3994583333333  184.3994583333333
207.6547604166666  207.6547604166666
186.53203125  186.53203125
169.2286458333333  169.2286458333333
199.0022812499999  199.0022812499999
287.1573437500001  287.1573437500001
259.5486458333335  259.5486458333335
95.7082395833333  95.7082395833333
57.86318749999999  57.86318749999999
141.7253333333333  141.7253333333333
58.51981250000004  58.51981250000004
147.94971875  147.94971875
138.5965208333333  138.5965208333333
202.8690833333334  202.8690833333334
243.3433333333335  243.3433333333335
116.2608125  116.2608125
228.4685208333333  228.4685208333333
293.6268749999999  293.6268749999999
298.0108541666667  298.0108541666667
289.4845729166667  289.4845729166667
96.4761041666667  96.4761041666667
44.48314583333334  44.48314583333334
90.13869791666667  90.13869791666667
228.7379374999999  228.7379374999999
212.1371666666667  212.1371666666667
216.1371562499999  216.1371562499999
192.27415625  192.27415625
272.8683020833333  272.8683020833333
218.7731354166667  218.7731354166667
277.59184375  277.59184375
212.4797916666667  212.4797916666667
213.0760833333332  213.0760833333332
293.9125729166666  293.9125729166666
175.5965520833332  175.5965520833332
194.8603020833333  194.8603020833333
169.4504375  169.4504375
168.7950104166666  168.7950104166666
192.4328333333333  192.4328333333333
317.7319895833335  317.7319895833335
342.3939479166665  342.3939479166665
234.5547187500001  234.5547187500001
272.1490520833334  272.1490520833334
332.6233541666667  332.6233541666667
94.93340625000002  94.93340625000002
330.8153020833334  330.8153020833334
313.377  313.377
316.5224479166667  316.5224479166667
292.1366458333332  292.1366458333332
339.5018020833334  339.5018020833334
313.4446458333334  313.4446458333334
312.3148541666667  312.3148541666667
103.6994479166667  103.6994479166667
154.6654166666666  154.6654166666666
336.7703750000001  336.7703750000001
203.8988125  203.8988125
343.2178645833334  343.2178645833334
325.7030208333334  325.7030208333334
334.56078125  334.56078125
299.3372708333333  299.3372708333333
296.0009791666669  296.0009791666669
266.2833020833334  266.2833020833334
63.00006249999999  63.00006249999999
243.4594270833333  243.4594270833333
129.4540729166667  129.4540729166667
181.905875  181.905875
257.933625  257.933625
323.1944062500001  323.1944062500001
321.0078854166666  321.0078854166666
190.8620000000001  190.8620000000001
34.33370833333334  34.33370833333334
51.94291666666667  51.94291666666667
260.3620000000001  260.3620000000001
203.3621458333334  203.3621458333334
273.0046770833334  273.0046770833334
189.5610520833334  189.5610520833334
287.8094166666667  287.8094166666667
108.9289375000001  108.9289375000001
96.57454166666669  96.57454166666669
125.341625  125.341625
269.6089791666666  269.6089791666666
286.58421875  286.58421875
191.5418125000002  191.5418125000002
300.1070208333333  300.1070208333333
156.2435520833334  156.2435520833334
213.6234062499999  213.6234062499999
239.0600625  239.0600625
197.9931770833332  197.9931770833332
288.6370729166666  288.6370729166666
190.9725208333333  190.9725208333333
220.9480937500001  220.9480937500001
170.5644166666667  170.5644166666667
138.3542187500001  138.3542187500001
166.05065625  166.05065625
279.6170729166665  279.6170729166665
230.3245520833331  230.3245520833331
232.7419583333333  232.7419583333333
262.8396979166666  262.8396979166666
167.1603749999999  167.1603749999999
221.7816875  221.7816875
266.0918020833333  266.0918020833333
265.9992708333334  265.9992708333334
153.8808854166667  153.8808854166667
227.5788333333334  227.5788333333334
158.4171250000001  158.4171250000001
180.5737291666667  180.5737291666667
177.1721979166668  177.1721979166668
192.1650104166665  192.1650104166665
211.8260104166666  211.8260104166666
207.8826979166668  207.8826979166668
218.0991041666666  218.0991041666666
183.7916770833333  183.7916770833333
197.8971249999999  197.8971249999999
252.3033854166666  252.3033854166666
229.8429479166668  229.8429479166668
261.3770729166667  261.3770729166667
220.4884583333334  220.4884583333334
210.4636458333335  210.4636458333335
96.78966666666669  96.78966666666669
138.2347395833333  138.2347395833333
109.6451875  109.6451875
106.2794375  106.2794375
174.2936145833334  174.2936145833334
128.1927604166667  128.1927604166667
40.66454166666666  40.66454166666666
226.5458333333333  226.5458333333333
177.7337083333333  177.7337083333333
130.1993437500001  130.1993437500001
103.3334270833333  103.3334270833333
177.2209166666667  177.2209166666667
87.33258333333337  87.33258333333337
68.984  68.984
134.3234479166667  134.3234479166667
173.1000729166667  173.1000729166667
194.5672291666667  194.5672291666667
215.6299479166667  215.6299479166667
179.9927291666667  179.9927291666667
205.6000937499999  205.6000937499999
188.2286250000001  188.2286250000001
177.0382604166668  177.0382604166668
202.4793749999998  202.4793749999998
207.4261145833334  207.4261145833334
174.3038541666667  174.3038541666667
103.0368020833333  103.0368020833333
125.0416041666667  125.0416041666667
142.02765625  142.02765625
176.1694062500001  176.1694062500001
110.0112604166667  110.0112604166667
84.37309375  84.37309375
64.73594791666666  64.73594791666666
47.90213541666671  47.90213541666671
69.29045833333332  69.29045833333332
92.56891666666667  92.56891666666667
80.60264583333334  80.60264583333334
77.01842708333335  77.01842708333335
88.24486458333331  88.24486458333331
89.87986458333337  89.87986458333337
70.40189583333336  70.40189583333336
141.9823229166667  141.9823229166667
89.32230208333328  89.32230208333328
31.7456666666666  31.7456666666666
52.72994736842099  52.72994736842099
129.4205312499999  129.4205312499999
140.3826874999998  140.3826874999998
120.9220833333332  120.9220833333332
123.7992947368419  123.7992947368419
56.32112499999996  56.32112499999996
55.39198958333332  55.39198958333332
71.08318749999988  71.08318749999988
128.5654999999998  128.5654999999998
123.9652187499998  123.9652187499998
131.9440104166665  131.9440104166665
129.1763541666666  129.1763541666666
78.73120833333321  78.73120833333321
80.13796874999996  80.13796874999996
104.9746354166665  104.9746354166665
31.65521874999995  31.65521874999995
37.91517708333326  37.91517708333326
68.6283020833332  68.6283020833332
74.30284374999987  74.30284374999987
85.51744791666651  85.51744791666651
72.22971874999989  72.22971874999989
45.57967708333323  45.57967708333323
45.13333333333322  45.13333333333322
33.77973958333328  33.77973958333328
77.5344479166665  77.5344479166665
93.5158229166665  93.5158229166665
84.54680208333323  84.54680208333323
34.20804166666662  34.20804166666662
35.52281249999991  35.52281249999991
85.85923958333325  85.85923958333325
86.41422916666646  86.41422916666646
79.99188541666659  79.99188541666659
70.09547916666655  70.09547916666655
29.58637499999995  29.58637499999995
13.74186458333332  13.74186458333332
64.17304166666655  64.17304166666655
5.666781249999985  5.666781249999985
23.30865624999998  23.30865624999998
37.69637499999997  37.69637499999997
23.95345833333329  23.95345833333329
19.44286458333332  19.44286458333332
39.64191666666661  39.64191666666661
58.96980208333321  58.96980208333321
66.54222916666662  66.54222916666662
23.30458333333329  23.30458333333329
31.9916979166666  31.9916979166666
17.21783333333332  17.21783333333332
9.411145833333322  9.411145833333322
14.89175789473683  14.89175789473683
11.15772916666665  11.15772916666665
21.93948958333328  21.93948958333328
6.042937499999987  6.042937499999987
10.65893749999999  10.65893749999999
13.54688541666665  13.54688541666665
40.28916842105254  40.28916842105254
11.85160416666665  11.85160416666665
15.23335416666665  15.23335416666665
10.81721874999998  10.81721874999998
20.74456249999997  20.74456249999997
30.01089583333328  30.01089583333328
18.15683333333332  18.15683333333332
11.92918749999999  11.92918749999999
8.677447916666656  8.677447916666656
6.735124999999986  6.735124999999986
31.78414583333328  31.78414583333328
39.91656249999995  39.91656249999995
12.36126041666666  12.36126041666666
12.09682291666665  12.09682291666665
14.98465624999999  14.98465624999999
14.06457291666665  14.06457291666665
21.28059374999997  21.28059374999997
11.85737499999999  11.85737499999999
9.840124999999992  9.840124999999992
19.83302105263157  19.83302105263157
22.35632291666665  22.35632291666665
11.41926041666665  11.41926041666665
8.69602083333332  8.69602083333332
8.306479166666653  8.306479166666653
14.82101041666665  14.82101041666665
7.885604166666656  7.885604166666656
6.489802083333327  6.489802083333327
9.378010416666653  9.378010416666653
36.11333333333324  36.11333333333324
22.37062499999998  22.37062499999998
33.68059374999992  33.68059374999992
15.34874999999997  15.34874999999997
5.440322916666655  5.440322916666655
37.99845833333325  37.99845833333325
42.59968749999989  42.59968749999989
19.43040624999998  19.43040624999998
15.10017708333331  15.10017708333331
10.76583333333331  10.76583333333331
10.94014583333332  10.94014583333332
9.330614583333317  9.330614583333317