StorAll	Snow	Intercp	Surface	Soil	SoilL1	SoilL2	SoilL3	RZW	GW	ET	EvapS	EvapI	EvapT	Leakage	SrfOut	GWOut	AllOut	SrftoCh	GWtoCh	Rchrge	Precip
-56.9512	-nan	-nan	-nan	-51.9474	-56.9512	-55.7733	-56.9493	-56.9979	-56.6772	-56.9979	-183.825	-183.825	-109.811	-nan	-nan	-nan	-57	-56.9979	-99.5389	-nan	-56.9978	-0.10244	0
-56.8957	-nan	-nan	-nan	-44.9044	-56.8957	-54.0678	-56.9493	-56.9979	-56.286	-56.9979	-187.108	-187.108	-191.469	-nan	-56.2537	-nan	-57	-56.9979	-81.9243	-nan	-56.9978	0	0
-56.6894	-52.9217	-53.092	-nan	-42.8442	-56.6913	-48.533	-56.783	-56.9972	-54.8741	-56.9972	-264.407	-264.897	-282.68	-nan	-55.2638	-nan	-52.8301	-56.9973	-69.1221	-nan	-56.9971	-0.0977703	0
-56.4532	-52.7507	-53.0139	-nan	-44.7606	-56.4564	-42.9626	-56.3879	-56.9943	-53.2816	-56.9943	-192.241	-192.241	-476.868	-nan	-nan	-nan	-52.6661	-56.9948	-58.5893	-nan	-56.9939	-0.0982	0
-56.437	-nan	-53.0139	-nan	-42.8992	-56.4402	-42.4324	-56.3879	-56.9943	-53.165	-56.9943	-158.862	-158.862	-430.522	-nan	-nan	-nan	-52.6661	-56.9948	-59.4308	-nan	-56.9939	0	0
-56.4315	-52.5363	-53.0136	-nan	-48.0943	-56.4346	-42.2462	-56.3879	-56.9943	-53.1249	-56.9943	-129.623	-130.797	-391.295	-nan	-48.6699	-nan	-52.5363	-56.9948	-55.1486	-52.5363	-56.9939	0	0
-56.4195	-nan	-53.0136	-nan	-38.3057	-56.4226	-41.8491	-56.3879	-56.9943	-53.0383	-56.9943	-156.449	-156.449	-417.572	-nan	-nan	-nan	-52.5363	-56.9948	-57.6282	-nan	-56.9939	0	0
-56.3942	-48.8455	-51.6204	-nan	-51.7304	-56.3988	-41.311	-56.3608	-56.9941	-52.8786	-56.9941	-468.196	-nan	-nan	-536.428	-48.1551	-nan	-48.7543	-56.9947	-49.6045	-nan	-56.9937	-0.0991554	0
-56.1604	-nan	-49.8519	-nan	-55.5885	-56.169	-36.6976	-55.769	-56.9881	-51.3563	-56.9881	-nan	-nan	-nan	-nan	-nan	-nan	1	-56.9897	0.890364	-nan	-56.987	-0.0966251	0
-56.0037	-nan	-49.3647	-nan	-56.7159	-56.0144	-33.8178	-55.3176	-56.9826	-50.343	-56.9826	-45.2862	-nan	-nan	-nan	-45.2862	-nan	1	-56.9851	0.804997	-nan	-56.9808	-0.095744	0
-55.9835	-50.0754	-49.3528	-nan	-44.6438	-55.9943	-33.1117	-55.3176	-56.9826	-50.1943	-56.9826	-130.469	-130.585	-304.772	-nan	-43.6042	-nan	-50.0754	-56.9851	-58.0771	-50.0754	-56.9808	0	0
-55.951	-53.2667	-49.3429	-nan	-41.8583	-55.9617	-31.9481	-55.3176	-56.9826	-49.9529	-56.9826	-125.171	-125.171	-181.765	-nan	-43.1549	-nan	-53.2667	-56.9851	-63.6851	-53.2667	-56.9808	0	0
-55.9541	-nan	-49.3429	-nan	-47.8815	-55.9648	-32.0039	-55.3176	-56.9826	-49.9726	-56.9826	-37.6995	-37.5906	-313.653	-nan	-42.3865	-nan	-53.2667	-56.9851	-52.6191	-nan	-56.9808	0	0
-55.9502	-59.6495	-47.9727	-nan	-47.7055	-55.9623	-31.8083	-55.3176	-56.9826	-49.9483	-56.9826	-65.6625	-62.9349	-153.282	-73.8531	-41.9968	-nan	-59.6495	-56.9851	-60.6997	-57.7153	-56.9808	-nan	0
-55.9334	-nan	-48.3328	-nan	-46.2267	-55.9441	-30.9978	-55.3175	-56.9826	-49.8035	-56.9826	-68.0616	-84.6616	-109.987	-43.6192	-41.5722	-nan	-59.6495	-56.9851	-62.1367	-nan	-56.9808	-nan	0
-55.9305	-nan	-48.3328	-nan	-51.4457	-55.9412	-30.8191	-55.3175	-56.9826	-49.7781	-56.9826	-62.6734	-63.5318	-116.356	-nan	-41.7687	-nan	-59.6495	-56.9851	-59.9734	-nan	-56.9808	0	0
-55.9273	-nan	-48.3328	-nan	-53.3115	-55.938	-30.5887	-55.3175	-56.9826	-49.7479	-56.9826	-60.3104	-60.3394	-111.983	-nan	-41.6951	-nan	-59.6495	-56.9851	-59.7424	-nan	-56.9808	0	0
-55.9255	-72.2302	-48.7763	-nan	-55.3049	-55.9358	-30.555	-55.3175	-56.9826	-49.734	-56.9826	-30.5993	-30.4711	-125.156	-nan	-41.6184	-nan	-72.0499	-56.9851	-68.552	-nan	-56.9808	0	0
-55.9274	-nan	-48.7763	-nan	-57.8619	-55.9377	-30.5665	-55.3175	-56.9826	-49.7449	-56.9826	-34.5413	-34.5413	-158.992	-nan	-41.5997	-nan	-72.0499	-56.9851	-69.9475	-nan	-56.9808	0	0
-55.9312	-nan	-48.7763	-nan	-59.525	-55.9415	-30.627	-55.3175	-56.9826	-49.7692	-56.9826	-31.2432	-31.2432	-113.724	-nan	-nan	-nan	-72.0499	-56.9851	-69.569	-nan	-56.9808	0	0
-55.9284	-nan	-48.7763	-nan	-58.8976	-55.9387	-30.4144	-55.3175	-56.9826	-49.7421	-56.9826	-58.229	-58.229	-89.9999	-nan	-41.6947	-nan	-72.0499	-56.9851	-70.6461	-nan	-56.9808	0	0
-55.9188	-27.155	-48.3869	-nan	-39.8414	-55.9298	-30.2158	-55.3175	-56.9826	-49.6833	-56.9826	-70.5373	-70.5957	-1595.17	-nan	-41.6422	-nan	-27.1017	-56.9851	-28.0197	-nan	-56.9808	0	0
-55.9125	-nan	-48.3869	-nan	-45.0413	-55.9235	-29.9703	-55.3175	-56.9826	-49.6353	-56.9826	-111.882	-111.882	-542.869	-nan	-nan	-nan	-27.1017	-56.9851	-29.889	-nan	-56.9808	0	0
-55.8967	-nan	-48.3869	-nan	-43.2073	-55.9077	-29.3617	-55.3175	-56.9826	-49.5166	-56.9826	-111.708	-111.708	-193.055	-nan	-41.3984	-nan	-27.1017	-56.9851	-32.7128	-nan	-56.9809	0	0
-55.9029	-nan	-48.4011	-nan	-57.456	-55.9138	-29.4768	-55.3175	-56.9826	-49.5561	-56.9826	-31.0884	-29.222	-557.221	-46.5814	-40.1754	-nan	-27.1017	-56.9851	-27.3706	-nan	-56.9809	0	0
-55.9168	-nan	-48.4011	-nan	-71.8881	-55.9277	-29.86	-55.3175	-56.9826	-49.6527	-56.9826	-29.6141	-29.6141	-843.129	-nan	-nan	-nan	-27.1017	-56.985	-27.258	-nan	-56.9809	0	0
-55.9049	-108.433	-50.5237	-nan	-71.7245	-55.913	-29.602	-55.3175	-56.9826	-49.5582	-56.9826	-41.316	-nan	-nan	-nan	-41.316	-nan	-108.212	-56.985	-107.977	-nan	-56.9809	0	0
-55.6094	-124.687	-75.1177	-nan	-71.6524	-55.5664	-24.613	-54.2213	-56.9666	-47.3706	-56.9666	-89.5956	-nan	-nan	-94.3405	-40.7186	-nan	-124.482	-56.9724	-123.3	-nan	-56.9638	-0.0943908	0
-55.5912	-104.193	-75.8988	-nan	-74.8492	-55.5438	-25.1564	-53.9282	-56.9618	-47.271	-56.9618	-72.9689	-25.8497	-71.2423	-149.501	-37.1148	-nan	-104.004	-56.9685	-102.137	-nan	-56.9587	-0.0938851	0
-55.4141	-nan	-72.4057	-nan	-69.7261	-55.3689	-23.0903	-53.149	-56.9464	-46.1941	-56.9463	-124.843	-25.1442	-545.707	-345.664	-37.8775	-nan	1	-56.9561	-3.05198	-nan	-56.9425	-0.0925816	0
-55.3977	-nan	-69.1814	-nan	-67.8136	-55.3621	-22.9942	-53.1225	-56.9459	-46.1514	-56.9458	-125.21	-nan	-nan	-148.911	-35.6097	-nan	1	-56.9558	-6.7461	-nan	-56.9419	-0.0853922	0
-55.1266	-nan	-74.9368	-nan	-67.3093	-55.0653	-19.6397	-51.7934	-56.9128	-44.3537	-56.9128	-57.7235	-nan	-nan	-62.1537	-35.7901	-nan	1	-56.9291	-0.899026	-nan	-56.9073	-0.0903853	0
-55.0484	-nan	-73.9274	-nan	-60.5255	-54.9862	-19.0575	-51.3701	-56.9016	-43.8937	-56.9015	-39.1188	-19.8814	-307.445	-219.483	-33.7635	-nan	1	-56.92	-1.40351	-nan	-56.8956	-0.0896506	0
-54.831	-nan	-41.7065	-nan	-38.4689	-54.8764	-18.0089	-50.8401	-56.8865	-43.2437	-56.8864	-1469.24	-18.9008	-702.212	-4555.24	-32.4172	-nan	1	-56.9078	-47.1004	-nan	-56.8798	-0.0889177	0
-54.7366	-nan	-40.643	-nan	-32.7489	-54.7868	-16.7559	-50.496	-56.8764	-42.6893	-56.8763	-106.08	-81.6899	-243.206	-402.317	-32.5625	-nan	1	-56.8997	-5.35147	-nan	-56.8692	-0.0878445	0
-54.7048	-45.4732	-40.5986	-nan	-28.5106	-54.7551	-15.6794	-50.496	-56.8764	-42.4528	-56.8763	-90.7859	-90.7859	-97.5176	-nan	-32.0108	-nan	-45.3935	-56.8996	-49.7312	-nan	-56.8693	0	0
-54.705	-43.757	-40.5834	-nan	-27.8779	-54.7553	-15.6171	-50.496	-56.8764	-42.4492	-56.8763	-37.4282	-37.5174	-74.2071	-nan	-31.3644	-nan	-43.757	-56.8996	-43.5718	-43.757	-56.8693	0	0
-54.6866	-nan	-37.4349	-nan	-28.2767	-54.748	-15.5441	-50.4915	-56.8763	-42.4078	-56.8762	-430.604	-15.251	-100.55	-1162.37	-30.8426	-nan	1	-56.8995	-7.56062	-nan	-56.8691	-0.0363374	0
-54.6743	-40.119	-37.368	-nan	-24.8925	-54.7358	-14.9742	-50.4915	-56.8763	-42.3054	-56.8762	-75.3688	-76.5545	-79.413	-nan	-31.2259	-nan	-40.119	-56.8995	-44.8213	-40.119	-56.8691	0	0
-54.5506	-nan	-29.6672	-nan	-22.0138	-54.6312	-13.3201	-50.1743	-56.8673	-41.6471	-56.8672	-79.974	-73.1605	-48.261	-90.4811	-29.688	-nan	1	-56.8924	-36.5942	-nan	-56.8594	-0.0890062	0
-54.2321	-nan	-34.7546	-nan	-31.7858	-54.3103	-11.6129	-48.3775	-56.8038	-39.8716	-56.8036	-25.042	-13.9046	-33.0577	-81.3967	-29.2839	-nan	1	-56.8415	-3.70868	-nan	-56.7947	-0.084752	0
-54.1741	-nan	-31.4921	-nan	-24.9294	-54.2619	-10.2159	-48.3501	-56.8027	-39.5286	-56.8026	-84.7512	-74.4323	-58.6383	-105.251	-26.9303	-nan	1	-56.8407	-28.0199	-nan	-56.7936	-0.077082	0
-54.1329	-nan	-29.3538	-nan	-20.8973	-54.2272	-8.6557	-48.3516	-56.8027	-39.2417	-56.8026	-97.8359	-87.2463	-64.6968	-155.245	-26.2073	-nan	1	-56.8407	-27.5152	-nan	-56.7935	-nan	0
-54.0995	-nan	-28.0821	-nan	-20.4135	-54.1978	-7.29552	-48.3533	-56.8027	-38.9975	-56.8026	-93.435	-84.5285	-59.551	-185	-25.7516	-nan	1	-56.8407	-23.1467	-nan	-56.7935	0	0
-54.056	-32.2036	-20.3543	-nan	-20.3631	-54.1844	-7.19797	-48.3551	-56.8027	-38.9271	-56.8027	-590.047	-22.3748	-249.159	-1676.62	-23.9594	-nan	-32.1442	-56.8406	-62.1451	-nan	-56.7934	0	0
-54.0619	-nan	-20.3555	-nan	-25.6419	-54.1893	-7.07072	-48.3568	-56.8027	-38.9446	-56.8027	-20.3123	-20.1505	-38.9583	-20.2055	-24.8516	-nan	-32.1442	-56.8406	-29.8767	-nan	-56.7934	0	0
-53.9727	-nan	-22.4376	-nan	-26.5175	-54.0787	-7.03711	-47.7976	-56.7836	-38.3761	-56.7836	-23.5787	-7.66738	-39.7568	-29.8302	-23.8763	-nan	1	-56.826	-11.6605	-nan	-56.7743	-0.0824751	0
-53.9934	-nan	-22.4402	-nan	-27.9636	-54.0927	-6.94575	-47.7993	-56.7836	-38.4387	-56.7836	-17.0915	-12.5768	-36.2047	-22.4014	-23.8206	-nan	1	-56.826	-5.69619	-nan	-56.7742	-nan	0
-53.9858	-nan	-23.0884	-nan	-32.0146	-54.0818	-6.46887	-47.8013	-56.7836	-38.3522	-56.7836	-26.2599	-27.3188	-32.6823	-22.7212	-24.4478	-nan	1	-56.826	-6.90223	-nan	-56.7741	0	0
-53.7807	-nan	-28.1175	-nan	-39.7956	-53.8725	-5.74335	-46.6989	-56.742	-37.2388	-56.7421	-12.0214	-7.85494	-40.7551	-78.607	-24.6153	-nan	1	-56.7939	-1.2402	-nan	-56.734	-0.0814142	0
-53.8051	-59.484	-27.6321	-nan	-38.2565	-53.8958	-6.14081	-46.7016	-56.742	-37.3865	-56.7421	-18.9483	-6.94721	-39.9641	-43.0004	-22.8384	-nan	-59.484	-56.7939	-50.5505	-60.2195	-56.7339	0	0
-53.5185	-nan	-18.6916	-nan	-14.619	-53.6484	-4.05945	-45.5777	-56.6957	-35.9945	-56.6961	-178.237	-121.844	-209.049	-294.863	-23.7037	-nan	1	-56.7572	-36.0131	-nan	-56.6906	-0.0815328	0
-53.5414	-nan	-19.1519	-nan	-32.6172	-53.6488	-4.49893	-45.4955	-56.692	-36.0361	-56.6924	-18.2473	-4.67953	-32.9795	-25.7249	-20.828	-nan	1	-56.7545	-8.82045	-nan	-56.6865	-0.0795792	0
-52.9003	-nan	-29.0535	-nan	-34.0485	-53.0034	-3.49061	-41.773	-56.4747	-32.9455	-56.477	-13.0211	-5.14802	-36.1629	-41.1184	-22.6004	-nan	1	-56.5819	-0.891931	-nan	-56.4962	-0.0746219	0
-52.6699	-nan	-28.7861	-nan	-27.8057	-52.7796	-2.82467	-40.5756	-56.3991	-31.8711	-56.4024	-47.7468	-21.6807	-81.4142	-95.994	-20.07	-nan	1	-56.5213	-7.88991	-9.84601	-56.4355	-0.0732261	0
-52.6955	-75.308	-29.5283	-nan	-36.7491	-52.8021	-4.43487	-40.4328	-56.3887	-32.1338	-56.3922	-12.9274	-4.40924	-39.2373	-28.9222	-19.9372	-nan	-75.1824	-56.513	-68.424	-14.2836	-56.4265	-0.073201	0
-52.5887	-106.538	-34.0955	-nan	-86.6996	-52.6784	-5.08999	-39.617	-56.3292	-31.6647	-56.3336	-10.5877	-5.86114	-659.014	-36.2918	-18.3984	-nan	-106.367	-56.4654	-98.9909	-26.1713	-56.3802	-0.0718627	0
-52.5368	-68.0644	-35.0178	-nan	-67.9282	-52.6239	-5.26012	-39.2913	-56.3039	-31.4604	-56.3087	-8.54813	-5.77408	-734.144	-34.499	-21.7596	-nan	-67.9515	-56.4452	-64.8921	-23.0991	-56.3596	-0.0714558	0
-52.5444	-60.936	-35.0072	-nan	-56.3443	-52.6315	-5.33935	-39.3092	-56.3038	-31.519	-56.3087	-8.74735	-8.74735	-345.375	-nan	-21.865	-nan	-60.936	-56.4451	-58.0595	-24.5946	-56.3583	0	0
-52.5252	-53.4457	-34.3824	-nan	-47.2127	-52.6123	-6.4176	-39.0621	-56.283	-31.5627	-56.2883	-42.3311	-6.91457	-269.024	-53.2013	-20.8179	-nan	-53.3646	-56.4285	-51.6604	-23.6456	-56.3415	-0.0721312	0
-52.3851	-nan	-34.958	-nan	-40.3232	-52.4721	-6.28421	-38.3358	-56.2216	-30.9811	-56.228	-30.033	-7.35525	-159.738	-64.7421	-22.5402	-nan	1	-56.4283	-2.22409	-18.7275	-56.2965	-2.10981e-06	0
-52.4109	-nan	-34.958	-nan	-44.4914	-52.4981	-6.98814	-38.3578	-56.2215	-31.1824	-56.228	-7.17124	-7.11321	-46.3114	-nan	-22.2576	-nan	-53.558	-56.4281	-51.7675	-31.1284	-56.2951	0	0
-52.3029	-75.2573	-36.9276	-nan	-58.6752	-52.3834	-7.17426	-37.7656	-56.167	-30.754	-56.1747	-7.9695	-7.9695	-293.076	-nan	-nan	-nan	-75.1363	-56.4277	-73.4463	-29.8946	-56.2572	0	0
-52.2862	-nan	-36.0112	-nan	-44.8318	-52.3712	-6.58025	-37.7889	-56.1669	-30.6635	-56.1748	-100.894	-74.7804	-506.579	-349.852	-22.8889	-nan	-75.1363	-56.4273	-76.5223	-30.7281	-56.2557	0	0
-52.2824	-65.8	-35.6422	-nan	-39.6286	-52.364	-5.88658	-37.8121	-56.1668	-30.5823	-56.1748	-41.8972	-43.1007	-72.9785	-41.7692	-21.6752	-nan	-65.8	-56.427	-61.2589	-31.4687	-56.2542	-5.59033	0
-51.9419	-nan	-43.1803	-nan	-58.8024	-51.991	-5.90933	-36.0306	-55.9899	-29.1401	-56.0019	-19.8385	-7.20268	-60.3471	-46.1379	-20.8737	-nan	1	-56.426	-0.483755	-11.7051	-56.1407	-1.66367e-07	0
-51.9394	-105.108	-44.1001	-nan	-85.6955	-51.9839	-6.76415	-35.8904	-55.9729	-29.2303	-55.9853	-6.96963	-6.96963	-357.959	-nan	-nan	-nan	-104.946	-56.425	-101.831	-30.6772	-56.1278	0	0
-51.9633	-nan	-43.9125	-nan	-68.7016	-52.0073	-7.14209	-35.9167	-55.9727	-29.3833	-55.9853	-26.3958	-7.94825	-267.554	-48.6176	-20.9094	-nan	-104.946	-56.424	-88.3259	-30.089	-56.1256	0	0
-51.9093	-49.613	-44.0659	-nan	-44.818	-51.9532	-7.24185	-35.7241	-55.9495	-29.2108	-55.9626	-7.94335	-7.81521	-654.309	-nan	-22.6807	-nan	-49.5359	-56.4229	-47.9661	-25.2416	-56.1084	-6.18786e-07	0
-51.7715	-60.5906	-44.8998	-nan	-45.2084	-51.8119	-7.88039	-34.9814	-55.8612	-28.7829	-55.8764	-27.4593	-8.64882	-184.242	-64.849	-20.7816	-nan	-60.4868	-56.4215	-57.2384	-22.0576	-56.0515	-1.55422e-07	0
-51.6493	-nan	-42.2962	-nan	-32.9729	-51.7059	-7.36267	-34.5824	-55.812	-28.3564	-55.8285	-120.837	-27.7529	-229.745	-446.002	-22.8145	-nan	1	-56.4199	-10.565	-20.0187	-56.0223	-8.4059e-06	0
-51.4078	-26.6117	-26.6983	-nan	-22.1546	-51.547	-5.49414	-34.1216	-55.7569	-27.5733	-55.7748	-140.178	-84.9835	-150.012	-175.024	-20.7865	-nan	-26.5656	-56.4182	-69.227	-17.7012	-55.9891	-2.0046e-05	0
-51.3198	-nan	-19.9675	-nan	-9.89211	-51.4891	-3.16306	-34.1528	-55.7567	-27.1135	-55.7747	-119.593	-93.8888	-72.6147	-166.559	-19.8786	-nan	1	-56.4164	-32.4514	-25.217	-55.9865	-2.53923	0
-51.2591	-nan	-18.0786	-nan	-2.72674	-51.436	-0.885242	-34.1842	-55.7564	-26.6821	-55.7747	-117.884	-108.22	-63.0621	-164.794	-18.5403	-nan	1	-56.4147	-20.5273	-24.9006	-55.9839	0	0
-51.0921	-nan	-0.314986	-nan	14.2757	-51.3032	5.22619	-34.2157	-55.7562	-25.5344	-55.7747	-85.8998	-99.2235	-21.5871	-80.6962	-15.0132	-nan	1	-56.413	-45.9272	-20.919	-55.9813	-nan	0
-51.0375	-nan	3.46721	-nan	9.19086	-51.2494	8.12807	-34.2468	-55.756	-25.0467	-55.7746	-65.2515	-84.4486	-27.5461	-54.3356	-12.3807	-nan	1	-56.4113	-21.1589	-19.7343	-55.9789	-nan	0
-51.0234	-nan	3.46721	-nan	4.8108	-51.2353	8.97371	-34.2783	-55.7558	-24.9318	-55.7746	-64.4778	-68.839	-1.81702	-nan	-12.1406	-nan	1	-56.4097	-6.08367	-20.2244	-55.9765	0	0
-50.9991	-nan	3.64007	-nan	3.81225	-51.2061	10.9179	-34.3088	-55.7556	-24.6472	-55.7746	-45.3132	-65.393	-2.98901	-2.90057	-10.8816	-nan	1	-56.4081	-11.8051	-19.7012	-55.9742	-nan	0
-50.9895	-nan	3.64028	-nan	-6.03405	-51.1951	11.8821	-34.3404	-55.7554	-24.5378	-55.7745	-39.5301	-46.0331	-8.79734	3.60971	-10.0967	-nan	1	-56.4065	-6.52916	-20.2699	-55.972	0	0
-50.9739	-nan	3.64108	-nan	-3.3441	-51.1743	13.364	-34.3712	-55.7551	-24.34	-55.7745	-39.3858	-54.1302	-5.30658	3.60971	-8.13097	-nan	1	-56.4049	-9.78121	-20.1031	-55.9698	0	0
-50.932	-nan	3.64276	-nan	1.33616	-51.1222	16.3172	-34.4014	-55.7548	-23.8797	-55.7743	-50.8957	-72.2058	-2.35597	3.60971	-7.83646	-nan	1	-56.4033	-18.014	-17.4335	-55.9677	0	0
-50.876	-nan	4.80281	-nan	5.22711	-51.0608	19.6882	-34.4315	-55.7545	-23.3479	-55.7742	-64.958	-81.0343	-5.79593	-19.0764	-5.36631	-nan	1	-56.4018	-24.3651	-15.072	-55.9655	0	0
-50.8291	-nan	5.70123	-nan	5.48167	-51.01	22.558	-34.4608	-55.7542	-22.9102	-55.774	-65.8412	-79.6181	-7.84727	-19.1891	-3.68036	-nan	1	-56.4003	-22.7211	-14.1661	-55.9634	0	0
-50.7843	-nan	7.65516	-nan	6.67094	-50.9598	25.5046	-34.4892	-55.7539	-22.4723	-55.7738	-58.5104	-74.8013	-11.052	-23.8661	-1.96478	-nan	1	-56.3988	-22.0117	-13.4078	-55.9614	0	0
-50.7404	-nan	11.7264	-nan	8.60902	-50.9058	29.0603	-34.5167	-55.7536	-21.9705	-55.7736	-46.0285	-70.5606	-5.73835	-22.5699	-1.25862	-nan	1	-56.3973	-22.7233	-11.2108	-55.9593	0	0
-50.7224	-nan	13.5977	-nan	6.8988	-50.8737	31.9371	-34.5435	-55.7533	-21.6227	-55.7735	-28.7252	-59.7537	-3.77327	-3.09424	0.834894	-nan	1	-56.3959	-14.4963	-9.41204	-55.9573	0	0
-50.7249	-nan	13.5964	-nan	3.02394	-50.8701	33.6053	-34.5689	-55.753	-21.4988	-55.7733	-16.1213	-39.1255	-2.03597	13.6291	1.39361	-nan	1	-56.3944	-6.96701	-8.92749	-55.9553	0	0
-50.7208	-nan	13.596	-nan	-1.14886	-50.8646	34.9157	-34.595	-55.7528	-21.4026	-55.7732	-20.9352	-32.2008	-1.81425	13.6291	0.853596	-nan	1	-56.393	-6.55471	-9.395	-55.9533	0	0
-50.6786	-34.7613	10.5876	-nan	-6.47957	-50.8247	34.6317	-34.621	-55.7526	-21.2454	-55.7732	-24.0852	-24.0852	-5.68294	-nan	0.741991	-nan	-34.6952	-56.3916	-32.824	-9.0117	-55.9513	0	0
-50.6729	-nan	10.7479	-nan	-3.54554	-50.8169	35.3691	-34.6466	-55.7524	-21.183	-55.7732	-33.9772	-42.2828	-4.66788	1.16209	1.7964	-nan	-34.6952	-56.3902	-34.6418	-10.6747	-55.9494	0	0
-50.6604	-nan	10.7376	-nan	-0.457016	-50.8033	36.4868	-34.6723	-55.7522	-21.066	-55.7732	-41.809	-46.3074	-7.4529	12.0755	2.77063	-nan	-34.6952	-56.3888	-36.1937	-10.8884	-55.9476	0	0
-50.6535	-nan	10.752	-nan	1.2095	-50.7911	37.5775	-34.6978	-55.752	-20.9584	-55.7731	-27.6537	-43.0346	-12.3218	10.3701	4.47827	-nan	-34.6952	-56.3875	-33.0622	-10.6879	-55.9457	0	0
-50.658	-nan	10.9293	-nan	1.19974	-50.793	38.3081	-34.7219	-55.7518	-20.9387	-55.7731	-12.5794	-25.3315	-9.98786	2.87322	4.20727	-nan	-34.6952	-56.3862	-28.786	-10.6428	-55.9439	-nan	0
-50.6644	-nan	11.8204	-nan	3.26657	-50.7964	39.2811	-34.746	-55.7516	-20.9052	-55.7731	-14.3913	-34.574	-21.4074	-12.26	4.34599	-nan	-34.6952	-56.3848	-28.0011	-11.3232	-55.9421	-nan	0
-50.6681	-nan	11.8201	-nan	2.37141	-50.7976	40.1086	-34.7701	-55.7514	-20.8754	-55.7731	-14.3109	-35.4973	-21.9015	11.8377	4.16544	-nan	-34.6952	-56.3835	-29.5801	-11.825	-55.9403	-nan	0
-50.6813	-nan	13.4239	-nan	7.79662	-50.8081	42.1171	-34.7904	-55.7512	-20.7889	-55.7731	-12.8267	-43.0189	-13.0852	-21.0918	4.9598	-nan	-34.6952	-56.3822	-23.8918	-11.6341	-55.9386	-nan	0
-50.7244	-nan	16.2611	-nan	11.033	-50.8463	44.4134	-34.8076	-55.751	-20.796	-55.7731	-7.11101	-40.773	-6.72784	-18.65	5.568	-nan	-34.6952	-56.3808	-17.5213	-12.1845	-55.9368	-nan	0
-50.7521	-nan	16.2611	-nan	6.72041	-50.8743	45.7566	-34.8279	-55.7508	-20.8422	-55.773	-4.18406	-26.8962	-9.97911	-nan	4.86336	-nan	-34.6952	-56.3795	-20.0459	-7.44832	-55.9351	-nan	0
-50.7733	-nan	16.2611	-nan	5.74784	-50.8956	46.8727	-34.8481	-55.7506	-20.8808	-55.773	-4.7959	-25.2487	-16.9751	-nan	4.44472	-nan	-34.6952	-56.3782	-23.1813	-6.97139	-55.9334	-nan	0
-50.792	-nan	16.2653	-nan	5.21449	-50.9113	47.9629	-34.8695	-55.7504	-20.9	-55.773	-4.76247	-27.2978	-12.8191	16.1036	4.9448	-nan	-34.6952	-56.377	-24.5118	-6.87333	-55.9318	-nan	0
-50.8046	-nan	16.5723	-nan	7.94887	-50.9206	49.256	-34.8911	-55.7502	-20.8776	-55.773	-9.1911	-39.3326	-24.0225	7.12281	4.97664	-nan	14.1428	-56.3758	6.26174	-6.25493	-55.9301	-nan	0
-50.8156	-nan	16.5722	-nan	6.94539	-50.927	50.3237	-34.9134	-55.7501	-20.8611	-55.773	-8.4311	-37.4758	-20.934	16.5736	4.72914	-nan	14.3183	-56.3745	7.57214	-5.6904	-55.9286	-nan	0
-50.8452	-nan	16.6211	-nan	8.39351	-50.9566	51.2835	-34.9321	-55.7499	-20.9486	-55.7729	-2.88311	-29.1009	-26.4156	-0.765815	4.79391	-nan	14.5259	-56.3733	7.81488	-6.05137	-55.927	-nan	0
-50.7212	-15.0424	12.8322	-nan	8.12153	-50.8399	46.7221	-34.953	-55.7497	-20.545	-55.7729	-14.2308	-38.4637	-21.4462	-14.7352	5.20184	-nan	8.09293	-56.3722	1.62419	-2.91498	-55.9254	0	0
-50.7187	-nan	14.517	-nan	9.23333	-50.8356	47.9883	-34.974	-55.7495	-20.4666	-55.7729	-23.0828	-44.5786	-41.3834	-26.4342	5.40763	-nan	15.3032	-56.371	6.35959	-4.04344	-55.9239	-nan	0
-50.7354	-nan	15.2171	-nan	7.31001	-50.8503	48.826	-34.9947	-55.7493	-20.4975	-55.7729	-6.51234	-30.2092	-38.4611	-8.80229	5.50173	-nan	15.0659	-56.3699	8.86766	-4.49413	-55.9224	-nan	0
-50.7628	-nan	15.3424	-nan	6.69559	-50.8774	49.6684	-35.0122	-55.7492	-20.5798	-55.7729	-2.64399	-25.0775	-38.9596	-7.03923	4.78164	-nan	14.6976	-56.3687	8.82986	-4.59347	-55.9209	-nan	0
-50.7856	-nan	15.9965	-nan	9.09548	-50.896	50.9867	-35.0308	-55.749	-20.5948	-55.7728	-5.50113	-33.184	-22.9664	2.09396	5.33129	-nan	15.6772	-56.3676	7.98361	-5.29734	-55.9194	-nan	0
-50.8167	-nan	18.5256	-nan	16.5717	-50.9249	52.9683	-35.0462	-55.7488	-20.6039	-55.7728	-7.56734	-45.3565	-20.3552	-25.8582	5.89599	-nan	15.6772	-56.3664	4.66759	-7.30462	-55.9179	-nan	0
-50.8423	-nan	22.3293	-nan	17.0492	-50.9438	55.0637	-35.0634	-55.7486	-20.5659	-55.7728	-8.88866	-48.823	-5.7351	-11.5453	6.37189	-nan	15.6772	-56.3653	3.77033	-5.54792	-55.9164	-nan	0
-50.8744	-nan	23.6323	-nan	13.6567	-50.9704	56.4574	-35.08	-55.7484	-20.6102	-55.7727	-4.03396	-39.1249	-9.9178	5.45433	5.4768	-nan	15.6772	-56.3641	6.49041	-0.274442	-55.915	-nan	0
-50.9206	-nan	24.2258	-nan	11.9	-51.0113	57.6788	-35.0939	-55.7482	-20.7278	-55.7727	-0.830317	-33.3284	-7.87257	14.9743	5.51653	-nan	15.6772	-56.363	7.45421	1.32287	-55.9135	-nan	0
-50.9639	-nan	24.2278	-nan	9.23561	-51.0516	58.3259	-35.1089	-55.7481	-20.8803	-55.7727	0.559674	-21.9705	-12.9378	24.1732	4.19765	-nan	15.6772	-56.3619	9.00578	4.49482	-55.9121	-nan	0
-51.0057	-nan	24.2271	-nan	5.39669	-51.0913	58.6397	-35.1241	-55.7479	-21.0524	-55.7726	0.869873	-14.383	-23.1408	24.2546	2.79873	-nan	15.6772	-56.3608	9.92688	5.93307	-55.9106	-nan	0
-51.0444	-nan	24.2271	-nan	4.56351	-51.1301	58.9046	-35.1396	-55.7477	-21.223	-55.7726	-0.79752	-14.1405	-31.2058	-nan	1.58304	-nan	15.6772	-56.3597	9.86584	5.14863	-55.9092	-nan	0
-51.0765	-nan	24.211	-nan	4.75657	-51.1562	59.2869	-35.1594	-55.7476	-21.3357	-55.7726	0.304597	-24.481	-19.306	24.4401	3.25896	-nan	15.6772	-56.3587	10.7807	4.31524	-55.9078	-nan	0
-51.1071	-nan	24.211	-nan	3.03597	-51.1837	59.4156	-35.1782	-55.7474	-21.4673	-55.7725	-1.17786	-20.9068	-31.2184	24.2094	0.70518	-nan	15.6772	-56.3577	10.6645	4.7045	-55.9065	-nan	0
-51.1527	-nan	24.2104	-nan	4.65137	-51.2274	59.7821	-35.1921	-55.7472	-21.6502	-55.7725	-1.32222	-22.3427	-23.8913	24.2327	1.14248	-nan	15.6772	-56.3566	8.78737	2.54529	-55.9051	-nan	0
-51.1849	-nan	21.5116	-nan	3.2981	-51.2581	58.7059	-35.2057	-55.747	-21.8041	-55.7725	0.209735	-14.1791	-16.1993	7.96761	1.73954	-nan	1	-56.3556	0.572751	2.73778	-55.9038	-0.619143	0
-51.0385	-nan	-2.55387	-nan	-33.1958	-51.1036	48.8314	-35.2308	-55.7469	-21.3322	-55.7725	-11.9474	29.0246	-36.1483	-26.9885	3.53441	-nan	22.8877	-56.3546	14.0923	2.2637	-55.9025	-0.671306	0
-51.087	-nan	0.805276	-nan	-25.9786	-51.1434	48.2193	-35.2503	-55.7467	-21.5798	-55.7725	3.58683	39.797	-22.849	-16.7402	2.40549	-nan	20.2164	-56.3537	14.6906	-1.80646	-55.9011	-nan	0
-51.1298	-nan	0.859441	-nan	-18.3667	-51.1824	48.0375	-35.2665	-55.7465	-21.7684	-55.7724	0.90864	6.95406	-17.3626	-13.1628	1.20845	-nan	1	-56.3527	0.874736	-4.44047	-55.8998	-0.578617	0
-51.1209	-nan	-4.49963	-nan	-31.2184	-51.1674	46.0945	-35.2872	-55.7464	-21.7828	-55.7724	0.332271	23.4009	-25.9205	-18.2424	-0.319308	-nan	17.2856	-56.3518	13.1786	-2.23899	-55.8986	-0.577362	0
-51.1529	-nan	-3.5213	-nan	-21.4427	-51.1949	45.8634	-35.3008	-55.7462	-21.9421	-55.7724	1.07714	15.1296	-17.6889	-11.8219	0.652102	-nan	15.8005	-56.3508	11.6655	-5.22535	-55.8973	0	0
-51.1175	-nan	-10.6079	-nan	-27.9844	-51.156	43.2616	-35.317	-55.7458	-21.8684	-55.7721	-6.25458	23.3434	-20.9673	-29.7497	0.510382	-nan	10.7627	-56.35	7.39474	-4.76286	-55.896	0	0
-51.0802	-59.4601	-16.8387	-nan	-26.1609	-51.1134	40.6489	-35.3277	-55.7451	-21.7714	-55.7717	-12.6355	7.65886	-21.2935	-39.7364	1.59746	-nan	3.80546	-56.3491	-1.45165	-9.36716	-55.8948	0	0
-51.1302	-nan	-15.8623	-nan	-17.3527	-51.1607	40.8587	-35.3367	-55.7445	-21.9745	-55.7713	-1.83371	-0.527584	-16.3163	-24.6652	0.819831	-nan	12.1156	-56.3481	5.95891	-10.7014	-55.8935	0	0
-51.1524	-nan	-15.8444	-nan	-18.1225	-51.1817	40.6607	-35.3557	-55.7442	-22.103	-55.7711	2.07556	15.0128	-16.2036	-16.2889	-2.40368	-nan	10.8253	-56.3473	8.81671	-10.3091	-55.8922	0	0
-51.2149	-nan	-15.431	-nan	-13.1209	-51.2419	40.9674	-35.3642	-55.7438	-22.3465	-55.7709	-2.15107	-4.58576	-13.3574	-20.045	-0.594925	-nan	10.8253	-56.3463	4.28733	-13.6217	-55.8909	0	0
-51.2899	-nan	-14.9684	-nan	-11.6794	-51.3153	41.5829	-35.3722	-55.7437	-22.6223	-55.7708	-2.59877	-11.5256	-12.4095	-21.1051	-0.464985	-nan	10.8253	-56.3453	3.10216	-17.068	-55.8896	0	0
-51.346	-nan	-15.8747	-nan	-13.9631	-51.3701	41.1601	-35.3853	-55.7435	-22.8849	-55.7707	0.0815445	14.8566	-14.4896	-21.1276	-1.2833	-nan	1	-56.3444	0.45342	-14.8106	-55.8883	-0.512926	0
-51.0121	-nan	-33.1515	-nan	-32.7027	-51.0437	31.4425	-35.3972	-55.7426	-21.7266	-55.77	-42.4743	-7.59141	-49.2179	-97.976	-2.87478	-nan	3.08494	-56.3436	-3.87619	-2.88812	-55.8871	0	0
-51.0057	-nan	-19.4172	-nan	-9.57688	-51.0448	33.0458	-35.4023	-55.7411	-21.6138	-55.7684	-37.3188	-36.0881	-42.6862	-65.1703	-1.80673	-nan	8.33055	-56.3427	-13.5631	-11.6057	-55.8858	0	0
-51.0236	-nan	-12.6893	-nan	-5.35141	-51.0658	34.0837	-35.4168	-55.7407	-21.627	-55.7682	-17.574	-25.9445	-28.9462	-72.7354	-0.855042	-nan	8.24021	-56.3419	-3.13889	-11.9347	-55.8845	0	0
-51.05	-nan	-8.13345	-nan	-3.24081	-51.0928	35.5815	-35.4288	-55.7404	-21.627	-55.768	-12.2869	-27.1353	-20.3866	-56.063	-0.302457	-nan	8.24021	-56.341	-2.39979	-13.7918	-55.8832	0	0
-51.0979	-nan	-3.91297	-nan	-2.16473	-51.141	36.9867	-35.4358	-55.7402	-21.7177	-55.7679	-8.81216	-32.9446	-32.199	-53.5339	-0.128458	-nan	8.24021	-56.3401	-1.94793	-13.2286	-55.8819	0	0
-51.1348	-nan	-1.38065	-nan	-3.2968	-51.1768	37.7525	-35.4476	-55.74	-21.8176	-55.7678	-7.50194	-21.6611	-31.1159	-33.9684	-1.41728	-nan	8.24021	-56.3393	0.303381	-11.68	-55.8807	0	0
-51.1769	-nan	-0.352077	-nan	-2.96755	-51.2198	38.0762	-35.452	-55.7397	-21.9431	-55.7675	-5.30328	-22.4432	-32.5802	-35.8374	-0.627042	-nan	1	-56.3384	-2.82701	-12.065	-55.8793	-0.187275	0
-51.2417	-nan	1.64435	-nan	-2.88019	-51.283	38.662	-35.4582	-55.7394	-22.173	-55.7674	-3.35153	-12.8877	-36.4924	-25.1792	-0.721263	-nan	1	-56.3375	-1.58468	-14.4292	-55.878	0	0
-51.2872	-nan	1.63372	-nan	-5.55112	-51.3258	38.7458	-35.4715	-55.7392	-22.3637	-55.7673	-0.734249	1.19244	-23.8535	1.79012	-1.31126	-nan	1	-56.3367	0.116424	-13.3124	-55.8768	0	0
-51.358	-nan	3.47844	-nan	-0.349887	-51.3955	39.9543	-35.4744	-55.739	-22.5787	-55.7671	-4.71942	-31.7628	-25.1188	-25.8406	0.393754	-nan	1	-56.3358	-2.69605	-18.0303	-55.8754	0	0
-51.433	-nan	5.90989	-nan	1.25899	-51.4702	41.3791	-35.4753	-55.7388	-22.8054	-55.7671	-5.31646	-40.9681	-20.064	-39.4841	0.65446	-nan	1	-56.3348	-3.44561	-15.3864	-55.8741	0	0
-51.4984	-nan	6.46277	-nan	-1.03397	-51.538	41.6243	-35.4741	-55.7386	-23.046	-55.767	-3.74766	-39.8733	-16.4038	-45.4869	1.44183	-nan	1	-56.3338	-2.58159	-12.5971	-55.8727	-0.53694	0
-51.4107	-nan	-6.59745	-nan	-12.0557	-51.4527	36.8164	-35.4931	-55.7385	-22.7857	-55.7669	-5.2328	25.1999	-10.9978	-27.7753	-1.34763	-nan	1	-56.333	-2.10172	-7.90305	-55.8715	-0.315958	0
-50.9526	-nan	-20.6899	-nan	-16.8508	-51.0116	25.5363	-35.2979	-55.7371	-21.2654	-55.7654	-18.8471	10.7793	-11.1782	-38.5119	-1.90181	-nan	3.6799	-56.3323	-7.78356	-1.02724	-55.8702	0	0
-50.827	-nan	-21.302	-nan	-19.5724	-50.8878	22.5943	-34.5325	-55.7332	-21.0123	-55.7605	-10.9694	18.3857	-24.888	-33.8531	0.0802259	-nan	3.04962	-56.3315	-4.09566	-2.99042	-55.8689	0	0
-50.9196	-nan	-21.5722	-nan	-19.6923	-50.9704	23.0886	-34.5258	-55.7316	-21.2917	-55.7583	-3.60324	2.32292	-18.1206	-21.9209	-1.27619	-nan	1	-56.3307	-2.25638	-16.0942	-55.8675	-0.0290142	0
-51.0394	-nan	-18.7986	-nan	-13.3952	-51.0894	24.3135	-34.5173	-55.7314	-21.6289	-55.7582	-6.04889	-14.587	-19.0093	-44.895	-1.6285	-nan	1	-56.3298	-4.41399	-18.829	-55.866	0	0
-51.1114	-nan	-17.8752	-nan	-13.082	-51.1602	25.2109	-34.5162	-55.7312	-21.8067	-55.7582	-6.05639	-8.99495	-13.7511	-38.1344	-2.40493	-nan	1	-56.3289	-4.13914	-17.6574	-55.8645	-0.459132	0
-51.1925	-nan	-15.4316	-nan	-9.25116	-51.2417	26.9596	-34.512	-55.731	-21.9712	-55.7581	-8.65135	-23.9075	-17.8289	-52.9411	-2.86141	-nan	1	-56.328	-6.1516	-16.5296	-55.8631	0	0
-51.2729	-nan	-12.819	-nan	-7.78941	-51.3224	28.437	-34.5091	-55.7308	-22.1708	-55.758	-8.04732	-26.7905	-16.8578	-52.0393	-2.19432	-nan	1	-56.3271	-5.67132	-15.2537	-55.8617	0	0
-51.3739	-nan	-11.19	-nan	-8.85595	-51.4224	28.7497	-34.5074	-55.7307	-22.567	-55.7579	-3.00075	-3.37534	-16.3651	-36.3216	-1.5207	-nan	1	-56.3261	-1.98323	-15.0637	-55.8602	0	0
-51.4913	-nan	-8.69597	-nan	-9.57011	-51.5399	29.5964	-34.4987	-55.7305	-22.996	-55.7578	-4.55631	-25.4564	-14.0242	-49.4391	-0.935188	-nan	1	-56.3251	-3.4786	-15.9843	-55.8587	0	0
-51.6075	-nan	-6.30651	-nan	-10.3319	-51.6561	30.0935	-34.4914	-55.7303	-23.4587	-55.7577	-4.2011	-26.3726	-15.2867	-48.4463	-1.15657	-nan	1	-56.3239	-3.30391	-15.1906	-55.8572	0	0
-51.7061	-nan	-3.52586	-nan	-10.8138	-51.755	30.7746	-34.4921	-55.7301	-23.8394	-55.7576	-6.08726	-41.2917	-15.4899	-51.963	-1.87391	-nan	1	-56.3228	-4.81308	-14.4308	-55.8557	0	0
-51.7817	-nan	-1.97344	-nan	-11.0223	-51.8308	30.9075	-34.5003	-55.7299	-24.1552	-55.7575	-5.70769	-35.2997	-15.1698	-38.6822	-2.00474	-nan	1	-56.3218	-4.34831	-13.3327	-55.8542	-0.566181	0
-51.8008	-nan	-1.22122	-nan	-11.5081	-51.8519	30.0806	-34.5169	-55.7297	-24.2575	-55.7575	-7.74789	-35.1227	-15.4921	-34.4377	-2.73326	-nan	1	-56.3209	-5.18985	-11.776	-55.8528	-0.464036	0
-51.863	-nan	0.0228274	-nan	-11.8637	-51.9122	30.5189	-34.5296	-55.7295	-24.5	-55.7574	-7.68583	-45.5541	-14.5491	-20.1846	-3.08198	-nan	1	-56.3199	-5.6177	-10.8226	-55.8514	0	0
-51.8286	-nan	-5.19092	-nan	-13.4664	-51.8781	28.0074	-34.5531	-55.7294	-24.4143	-55.7574	-5.48214	12.8226	-14.9251	-16.8747	-4.42731	-nan	1	-56.3193	-2.55613	-11.5082	-55.85	-0.307018	0
-51.883	-nan	-2.47093	-nan	-12.8213	-51.9322	27.6187	-34.5666	-55.7292	-24.669	-55.7573	-8.36225	-29.2038	-19.0944	-40.0148	-4.91281	-nan	1	-56.3184	-5.84007	-13.4472	-55.8486	-0.517885	0
-51.9558	-nan	-0.802802	-nan	-12.7217	-52.0035	27.6805	-34.5801	-55.729	-24.9839	-55.7572	-7.29172	-39.6277	-15.9085	-26.0861	-4.12635	-nan	1	-56.3174	-5.52675	-13.9521	-55.8472	0	0
-52.0251	-nan	-1.07889	-nan	-13.8456	-52.0707	27.453	-34.5947	-55.7288	-25.2887	-55.7572	-6.43838	-38.0948	-14.8842	-6.46631	-4.16067	-nan	1	-56.3164	-5.16512	-14.1148	-55.846	-0.872311	0
-52.0339	-nan	-2.76496	-nan	-14.4591	-52.0782	26.0276	-34.6202	-55.7287	-25.3914	-55.7572	-4.05931	14.4136	-16.2005	-5.16841	-5.37915	-nan	1	-56.3157	-2.34972	-14.7468	-55.8449	-0.827413	0
-52.1181	-nan	-1.02419	-nan	-14.8827	-52.1611	25.5033	-34.6373	-55.7285	-25.8003	-55.7572	-6.30516	-22.5298	-16.0824	-27.5053	-4.90582	-nan	1	-56.3147	-5.3261	-16.4627	-55.8437	-nan	0
-51.2123	-nan	-0.692309	-nan	-4.2968	-51.3232	12.2552	-34.1958	-55.7284	-22.369	-55.7571	-15.5352	-33.0526	-15.2444	-20.2116	-7.14607	-nan	1	-56.3139	-10.5282	-1.18323	-55.8422	-0.485199	0
-51.2883	-nan	-0.393296	-nan	-9.02531	-51.3986	15.19	-34.176	-55.7252	-22.3032	-55.7523	-13.2774	-34.5953	-14.9604	-18.6003	-5.85026	-nan	1	-56.313	-10.6779	-14.5431	-55.841	0	0
-51.392	-nan	-0.136372	-nan	-12.6908	-51.495	17.9894	-34.1643	-55.725	-22.3593	-55.7522	-10.9869	-38.1926	-16.6388	-3.51254	-4.96523	-nan	1	-56.312	-9.28613	-14.2109	-55.8398	-nan	0
-51.498	-nan	-0.138224	-nan	-14.9551	-51.5922	19.144	-34.1613	-55.7249	-22.6333	-55.7522	-7.05249	-26.0172	-17.8726	-0.117754	-4.5809	-nan	1	-56.3111	-5.82907	-14.4649	-55.8386	-nan	0
-51.5971	-nan	-0.145852	-nan	-15.4771	-51.6852	20.0423	-34.162	-55.7247	-22.9349	-55.7522	-6.28173	-19.5868	-17.9489	-0.036478	-4.49809	-nan	1	-56.3102	-5.17498	-14.9091	-55.8374	-nan	0
-51.6552	-nan	-0.616115	-nan	-16.1282	-51.7385	20.0909	-34.1762	-55.7246	-23.1623	-55.7522	-4.14572	-2.50756	-17.1913	-1.47697	-4.77349	-nan	1	-56.3094	-3.11872	-16.6321	-55.8363	-0.938237	0
-51.6963	-nan	-1.02505	-nan	-16.5682	-51.7736	19.6112	-34.1979	-55.7245	-23.3691	-55.7522	-0.907794	14.4751	-17.9984	-2.5662	-4.23372	-nan	1	-56.3088	-0.540712	-18.0169	-55.8352	-0.83803	0
-51.5959	-nan	-6.66808	-nan	-16.158	-51.6746	17.4029	-34.2253	-55.7244	-23.0409	-55.7522	-9.84357	12.3305	-16.2426	-23.7392	-3.42855	-nan	1	-56.3083	-4.86549	-11.3802	-55.8342	-1.1217	0
-51.1673	-nan	-17.0377	-nan	-17.6529	-51.2752	12.3076	-33.5833	-55.7229	-21.708	-55.75	-29.011	15.7916	-36.3499	-56.2307	-5.11996	-nan	1	-56.3078	-8.56324	-2.76118	-55.8331	-0.00211783	0
-51.2827	-nan	-12.4261	-nan	-16.347	-51.3707	13.1527	-33.565	-55.719	-21.9747	-55.7438	-13.205	-17.2407	-16.9051	-28.581	-5.79931	-nan	1	-56.307	-11.1459	-19.6209	-55.8319	0	0
-51.3795	-nan	-9.34371	-nan	-16.9627	-51.4662	15.4865	-33.5551	-55.7188	-22.0523	-55.7438	-13.2036	-40.1247	-18.2213	-42.6376	-5.07522	-nan	1	-56.3061	-11.6201	-20.3777	-55.8306	-nan	0
-51.4586	-nan	-9.35774	-nan	-17.5819	-51.5387	16.0316	-33.5625	-55.7187	-22.2891	-55.7437	-6.38653	-10.9032	-19.0303	-9.18131	-4.98066	-nan	1	-56.3054	-5.31863	-20.1733	-55.8294	-nan	0
-51.5726	-nan	-9.36728	-nan	-17.9856	-51.6465	16.0851	-33.5647	-55.7185	-22.7295	-55.7437	-3.60791	3.77132	-19.3518	-9.25032	-4.3394	-nan	1	-56.3045	-3.19968	-20.7456	-55.8282	-nan	0
-51.6383	-nan	-9.65298	-nan	-18.6357	-51.7067	15.6643	-33.5792	-55.7184	-23.0284	-55.7437	-3.13474	12.9965	-20.2321	-9.79297	-5.26653	-nan	1	-56.3038	-2.70087	-21.94	-55.827	-0.876919	0
-51.7267	-nan	-8.50428	-nan	-19.045	-51.792	16.1158	-33.5865	-55.7183	-23.3382	-55.7437	-7.67007	-19.1862	-20.3986	-23.8046	-4.99288	-nan	1	-56.303	-7.10357	-21.7507	-55.8258	-nan	0
-51.7997	-nan	-8.50203	-nan	-19.663	-51.8602	16.3154	-33.5996	-55.7181	-23.6132	-55.7437	-6.44936	-15.1689	-20.7817	-8.53183	-4.97854	-nan	1	-56.3022	-5.98796	-22.6392	-55.8246	-nan	0
-51.7908	-nan	-9.42483	-nan	-20.3174	-51.8525	16.3146	-33.6154	-55.718	-23.51	-55.7437	-12.1716	-41.7694	-20.9271	-26.032	-5.27543	-nan	1	-56.3015	-11.2764	-21.2906	-55.8234	-0.917455	0
-51.8686	-nan	-6.25043	-nan	-21.3319	-51.9301	17.9675	-33.6199	-55.7178	-23.678	-55.7437	-12.5856	-54.6575	-22.0074	-47.6212	-4.57974	-nan	1	-56.3005	-12.3064	-19.2618	-55.8222	-nan	0
-51.5711	-nan	-12.8107	-nan	-18.4943	-51.6451	14.1151	-33.6409	-55.7177	-22.4891	-55.7437	-18.0488	-16.5451	-19.7096	-30.2475	-5.62114	-nan	1	-56.2999	-16.8918	-6.93482	-55.8211	-1.40795	0
-51.6576	-nan	-12.7406	-nan	-29.7832	-51.7243	14.6748	-33.6419	-55.7172	-22.7555	-55.7429	-7.78634	-18.753	-35.0738	-13.4083	-5.31222	-nan	1	-56.2992	-7.54942	-19.9449	-55.82	0	0
-51.7252	-nan	-12.6355	-nan	-34.6784	-51.7869	15.379	-33.6502	-55.717	-22.9323	-55.7429	-9.46019	-28.3507	-39.3591	-17.2141	-5.45876	-nan	1	-56.2984	-9.24106	-20.1741	-55.8188	-0.935341	0
-51.826	-nan	-11.0891	-nan	-31.657	-51.8856	16.5465	-33.6509	-55.7169	-23.2271	-55.7429	-9.1154	-33.2319	-41.6278	-31.419	-4.38095	-nan	1	-56.2975	-9.08564	-20.0868	-55.8176	-nan	0
-51.8987	-nan	-12.5155	-nan	-27.27	-51.9555	16.146	-33.6601	-55.7167	-23.5393	-55.7429	-4.90464	-4.5391	-33.8321	-17.9137	-4.07508	-nan	1	-56.2966	-4.99714	-19.4603	-55.8164	-0.98898	0
-51.9657	-nan	-8.84128	-nan	-36.857	-52.0233	17.0813	-33.6711	-55.7166	-23.7432	-55.7429	-12.4654	-47.3364	-32.9188	-57.5775	-5.14124	-nan	1	-56.2957	-12.554	-18.3591	-55.8152	-nan	0
-52	-nan	-8.04237	-nan	-21.9049	-52.0572	17.4315	-33.6877	-55.7165	-23.8304	-55.7429	-11.752	-50.3694	-25.6385	-33.9783	-5.11565	-nan	1	-56.2949	-11.8555	-17.4905	-55.8141	-1.00405	0
-52.0336	-nan	-8.02891	-nan	-24.3848	-52.0865	17.4342	-33.7125	-55.7163	-23.9748	-55.7429	-8.41887	-26.0937	-23.5584	-8.20498	-5.08546	-nan	1	-56.2944	-8.58565	-18.9871	-55.8131	-nan	0
-51.8467	-nan	-19.8506	-nan	-10.7088	-51.899	13.9863	-33.7383	-55.7162	-23.2176	-55.7429	-18.0564	12.9991	-10.7426	-37.8445	-4.79358	-nan	1	-56.2939	-17.1058	-9.50203	-55.812	-1.26622	0
-51.8327	-nan	-9.24396	-nan	-14.7359	-51.8999	13.5013	-33.7527	-55.7158	-23.2307	-55.7424	-21.1271	-12.7395	-14.8045	-86.4062	-5.99864	-nan	1	-56.2933	-20.0377	-16.2542	-55.811	-0.191002	0
-51.8929	-nan	-3.11337	-nan	-17.5775	-51.9625	14.3459	-33.7604	-55.7155	-23.4031	-55.742	-15.2244	-56.0208	-20.5642	-66.2996	-6.02939	-nan	1	-56.2926	-14.8967	-21.1364	-55.8099	0	0
-51.9546	-nan	1.37465	-nan	-20.7692	-52.0244	15.3454	-33.7721	-55.7153	-23.5631	-55.742	-13.6964	-58.8061	-24.4965	-51.3829	-5.6919	-nan	1	-56.2918	-13.6172	-21.0166	-55.8088	-nan	0
-52.0152	-nan	4.62754	-nan	-26.6398	-52.0837	15.9993	-33.7869	-55.7152	-23.7581	-55.742	-11.8302	-53.5468	-27.0634	-37.6424	-5.82788	-nan	1	-56.2911	-11.8822	-20.8074	-55.8077	-nan	0
-52.1112	-nan	7.78258	-nan	-44.5575	-52.1791	16.9487	-33.7957	-55.7151	-24.0886	-55.742	-9.79232	-57.8992	-47.2895	-40.095	-4.74509	-nan	1	-56.29	-9.86461	-20.0379	-55.8065	-nan	0
-51.9294	-nan	-14.4546	-nan	-11.8124	-51.9891	13.7353	-33.8198	-55.715	-23.2745	-55.742	-18.7119	9.06763	-10.9804	-42.924	-5.78003	-nan	1	-56.2895	-18.0786	-10.3702	-55.8055	-1.36281	0
-51.8846	-nan	-23.8059	-nan	-13.1082	-51.9321	12.3752	-33.8294	-55.7142	-23.0608	-55.7408	-13.5684	10.0029	-11.5323	-45.7595	-6.1599	-nan	1	-56.2889	-13.0021	-12.3808	-55.8044	-0.119622	0
-51.935	-nan	-22.1825	-nan	-16.9073	-51.98	12.1369	-33.8427	-55.7136	-23.313	-55.7397	-9.38117	9.58238	-17.212	-37.4916	-6.60651	-nan	1	-56.2884	-8.91966	-19.0679	-55.8034	0	0
-52.0313	-nan	-20.9831	-nan	-19.874	-52.0742	12.1195	-33.8543	-55.7134	-23.7241	-55.7396	-7.70034	-4.57527	-23.5062	-34.3653	-6.14012	-nan	1	-56.2876	-7.61629	-24.6784	-55.8023	0	0
-51.8419	-nan	-24.0114	-nan	-10.2527	-51.8923	10.131	-33.8574	-55.7129	-22.9212	-55.7389	-17.4262	-1.36464	-8.4454	-48.2324	-6.78542	-nan	1	-56.2869	-16.5624	-8.5207	-55.8012	-0.259382	0
-51.9093	-nan	-24.0012	-nan	-14.6149	-51.9545	10.4499	-33.8657	-55.7113	-23.1599	-55.7361	-9.32622	-12.0833	-16.8727	-24.0967	-6.51744	-nan	1	-56.2864	-8.97199	-24.4716	-55.8001	0	0
-51.9735	-nan	-20.4301	-nan	-18.1954	-52.0201	11.6396	-33.8759	-55.7112	-23.2925	-55.7361	-15.1368	-44.9348	-22.7661	-59.9214	-6.63013	-nan	1	-56.2857	-14.9317	-25.128	-55.799	0	0
-52.0381	-nan	-17.4419	-nan	-23.366	-52.0851	12.8643	-33.8888	-55.711	-23.4317	-55.7361	-14.1688	-48.3743	-29.4955	-53.518	-6.24383	-nan	1	-56.285	-14.1783	-24.6755	-55.7978	0	0
-52.0326	-nan	-18.0195	-nan	-26.9523	-52.0805	12.8915	-33.9071	-55.7109	-23.3456	-55.7362	-13.5275	-36.838	-26.5934	-42.8714	-6.23201	-nan	1	-56.2843	-13.5385	-23.7828	-55.7967	-0.911465	0
-52.1136	-nan	-15.5578	-nan	-33.4791	-52.161	13.6292	-33.9197	-55.7108	-23.6229	-55.7362	-10.6177	-33.1454	-33.5016	-45.5762	-5.5914	-nan	1	-56.2835	-10.6831	-24.4873	-55.7955	0	0
-52.17	-nan	-15.0832	-nan	-29.6106	-52.2145	13.7513	-33.9402	-55.7107	-23.8604	-55.7362	-8.70694	-21.2126	-29.8307	-21.2883	-6.11198	-nan	1	-56.2829	-8.83173	-24.4858	-55.7944	0	0
-52.102	-nan	-18.9775	-nan	-21.7211	-52.1478	12.4898	-33.9654	-55.7105	-23.5799	-55.7362	-10.7209	0.875561	-20.3153	-31.2175	-6.18451	-nan	1	-56.2824	-10.5791	-19.4169	-55.7934	-0.895894	0
-52.1677	-nan	-17.0778	-nan	-24.7575	-52.2124	12.751	-33.9802	-55.7104	-23.8366	-55.7362	-10.2525	-24.1511	-26.6632	-40.099	-5.92556	-nan	1	-56.2817	-10.2425	-24.5342	-55.7922	-0.922382	0
-52.2398	-nan	-14.098	-nan	-34.0576	-52.2846	13.2126	-33.9973	-55.7103	-24.1196	-55.7362	-10.936	-31.1443	-34.1736	-51.6454	-6.04535	-nan	1	-56.2809	-11.0127	-24.2464	-55.7911	0	0
-52.2811	-nan	-10.9788	-nan	-25.4525	-52.3263	13.8798	-34.0182	-55.7102	-24.2474	-55.7362	-15.0014	-50.5113	-30.1444	-55.1896	-6.88902	-nan	1	-56.2802	-15.116	-22.8476	-55.79	0	0
-52.3352	-nan	-7.36165	-nan	-39.4823	-52.381	14.5195	-34.0369	-55.71	-24.4396	-55.7362	-13.4028	-55.9945	-33.012	-58.3721	-6.46575	-nan	1	-56.2795	-13.5105	-22.6667	-55.7888	0	0
-52.3872	-nan	-4.29019	-nan	-27.7757	-52.4331	15.2115	-34.0533	-55.7099	-24.6204	-55.7362	-13.3583	-57.0479	-36.0338	-53.3811	-6.63703	-nan	1	-56.2787	-13.4716	-21.8459	-55.7877	0	0
-52.4462	-nan	-1.22813	-nan	-68.5457	-52.4924	15.7976	-34.0649	-55.7097	-24.8497	-55.7362	-12.243	-57.0085	-43.5549	-53.3127	-6.44642	-nan	1	-56.2778	-12.3535	-21.3152	-55.7865	0	0
-52.3579	-nan	-0.385133	-nan	-19.9989	-52.4164	14.3807	-34.0906	-55.7096	-24.4658	-55.7362	-16.7146	-44.7781	-20.446	-36.7454	-6.93201	-nan	1	-56.2772	-16.62	-17.4086	-55.7854	-0.813347	0
-52.3649	-nan	-0.377009	-nan	-21.9872	-52.4204	14.2904	-34.1174	-55.7095	-24.4853	-55.7362	-12.2264	-42.3278	-22.1842	-7.22666	-7.3155	-nan	1	-56.2768	-12.0454	-19.6277	-55.7844	-0.611164	0
-52.395	-nan	2.26625	-nan	-23.8244	-52.4489	14.7232	-34.1387	-55.7094	-24.5854	-55.7362	-15.3755	-59.3048	-23.9575	-32.787	-7.29173	-nan	1	-56.2762	-15.2989	-18.7889	-55.7833	0	0
-52.4524	-nan	4.65347	-nan	-30.4275	-52.5051	15.1063	-34.1496	-55.7093	-24.8174	-55.7362	-11.7586	-57.0494	-32.3101	-31.3553	-7.13145	-nan	1	-56.2753	-11.865	-18.3839	-55.7821	0	0
-52.5092	-nan	6.16387	-nan	-29.4373	-52.5601	15.4889	-34.1581	-55.7091	-25.0489	-55.7362	-11.3448	-52.7797	-39.3477	-18.8034	-7.2753	-nan	1	-56.2744	-11.4685	-18.2772	-55.7809	0	0
-52.5629	-nan	6.71999	-nan	-66.3462	-52.6115	15.6434	-34.1647	-55.709	-25.2901	-55.7362	-10.22	-41.3329	-40.9069	-3.12073	-7.46463	-nan	1	-56.2735	-10.3614	-17.7431	-55.7798	0	0
-52.6001	-nan	7.27457	-nan	-23.583	-52.6468	15.734	-34.1784	-55.7089	-25.4632	-55.7361	-11.5037	-40.683	-29.9336	-3.53361	-8.31805	-nan	1	-56.2727	-11.6879	-16.8603	-55.7786	0	0
-52.0544	-nan	-7.55719	-nan	-4.21648	-52.127	9.85882	-34.1966	-55.7088	-22.892	-55.7361	-21.1198	-28.8154	-4.21733	-25.8878	-9.27592	-nan	1	-56.2721	-19.821	-3.53528	-55.7776	-1.06966	0
-52.1069	-nan	-7.03236	-nan	-7.41101	-52.1799	11.317	-34.1937	-55.7079	-22.9495	-55.7347	-13.5038	-38.1529	-10.6892	-62.5309	-6.84282	-nan	1	-56.2715	-13.099	-16.1168	-55.7765	0	0
-52.1838	-nan	-2.98828	-nan	-50.6342	-52.2579	13.2389	-34.1934	-55.7078	-23.0699	-55.7347	-13.9503	-43.1645	-19.3853	-58.4313	-6.15513	-nan	1	-56.2707	-13.9324	-13.8065	-55.7753	0	0
-52.253	-nan	1.08317	-nan	-61.9195	-52.3279	15.2256	-34.191	-55.7077	-23.1698	-55.7346	-14.2548	-51.9048	-50.6854	-57.2542	-5.77865	-nan	1	-56.2699	-14.328	-10.611	-55.7741	0	0
-52.3171	-nan	4.79895	-nan	-38.1079	-52.3922	16.616	-34.1922	-55.7075	-23.3318	-55.7346	-12.7649	-50.7693	-40.9064	-51.5101	-5.24919	-nan	1	-56.269	-12.8555	-10.8227	-55.7729	0	0
-52.1058	-nan	4.39099	-nan	-8.05275	-52.2042	14.121	-34.2174	-55.7074	-22.4393	-55.7346	-13.2556	-30.9039	-9.3775	-18.6778	-5.33633	-nan	1	-56.2686	-13.1883	-5.42614	-55.7719	-0.533928	0
-51.9559	-nan	1.19179	-nan	-6.13411	-52.0587	12.6288	-34.2322	-55.7073	-21.7642	-55.7346	-7.93044	-20.9009	-5.45211	-8.31847	-5.45771	-nan	1	-56.2681	-7.70783	-4.05486	-55.7708	-0.684364	0
-52.0364	-nan	3.69594	-nan	-8.05621	-52.1346	14.8842	-34.2192	-55.7066	-21.816	-55.7334	-12.3662	-42.9019	-10.9842	-23.6782	-4.77184	-nan	1	-56.2674	-12.2491	-11.1334	-55.7697	0	0
-52.1162	-nan	3.63376	-nan	-31.3913	-52.2066	16.1207	-34.2216	-55.7065	-22.0106	-55.7333	-7.56904	-30.0772	-24.9685	4.39478	-4.16492	-nan	1	-56.2667	-7.65434	-10.707	-55.7685	0	0
-52.1121	-nan	1.13246	-nan	-14.1674	-52.1968	15.4823	-34.2496	-55.7064	-22.024	-55.7333	-1.34932	7.96142	-15.8667	-1.2583	-5.16324	-nan	1	-56.2664	-1.67737	-11.0194	-55.7675	-0.304646	0
-51.7681	-nan	-14.8881	-nan	-2.87417	-51.8573	11.7543	-34.0812	-55.7056	-20.6398	-55.7319	-18.4153	8.88541	-2.1369	-36.8405	-5.30971	-nan	1	-56.266	-16.4574	-1.56976	-55.7664	-0.0775273	0
-51.8605	-nan	-11.5487	-nan	-4.88977	-51.9445	13.0792	-34.0691	-55.7032	-20.8426	-55.7273	-11.2125	-23.8473	-6.65905	-35.1152	-3.83198	-nan	1	-56.2654	-10.8178	-13.6421	-55.7652	0	0
-51.95	-nan	-7.94838	-nan	-6.86161	-52.0333	15.0398	-34.0663	-55.703	-20.9787	-55.7272	-10.8096	-25.5466	-11.716	-46.6593	-3.15926	-nan	1	-56.2647	-10.7199	-14.3026	-55.764	0	0
-51.8594	-nan	-9.20852	-nan	-11.4516	-51.9495	13.8251	-34.0959	-55.7029	-20.6879	-55.7273	-4.97925	7.85155	-11.671	-19.6066	-4.61356	-nan	1	-56.2644	-5.05601	-9.41184	-55.7629	-0.198572	0
-51.8868	-nan	-5.78318	-nan	-14.1926	-51.9743	15.1033	-34.11	-55.7026	-20.6193	-55.7268	-15.0878	-34.9389	-15.5248	-35.2003	-2.91711	-nan	1	-56.2639	-14.9115	-12.8592	-55.7617	-0.220238	0
-51.9158	-nan	-3.63255	-nan	-17.1613	-52.0005	16.2585	-34.1276	-55.7025	-20.5891	-55.7268	-13.3426	-33.4457	-17.6504	-29.8387	-2.5654	-nan	1	-56.2635	-13.3088	-12.4927	-55.7606	-0.484898	0
-51.9578	-nan	-1.23442	-nan	-17.224	-52.0414	17.4767	-34.1392	-55.7023	-20.6205	-55.7267	-11.3238	-37.3728	-20.7865	-35.2119	-1.74236	-nan	1	-56.263	-11.4012	-12.3438	-55.7594	-0.615784	0
-51.79	-nan	-25.2607	-nan	-4.1346	-51.8513	12.9656	-34.1112	-55.7015	-20.1961	-55.7253	-22.0309	19.7437	-3.50345	-54.1702	-2.46308	-nan	1	-56.2627	-19.2823	-3.37978	-55.7583	-0.022773	0
-51.8218	-nan	-20.8734	-nan	-8.30369	-51.8844	12.7434	-34.1281	-55.6989	-20.4007	-55.7203	-13.9505	8.09617	-9.05265	-53.8702	-3.08379	-nan	1	-56.2623	-13.0026	-12.1561	-55.7571	-0.0175472	0
-51.8127	-nan	-22.4718	-nan	-10.0812	-51.8713	11.3516	-34.0801	-55.6981	-20.5335	-55.7187	-7.61831	14.9536	-8.75427	-33.9387	-2.87089	-nan	1	-56.262	-7.02907	-9.4881	-55.7559	-0.0473579	0
-51.8684	-nan	-18.9685	-nan	-13.6466	-51.931	11.7485	-34.0926	-55.6971	-20.7538	-55.717	-10.4792	-10.6395	-15.9606	-89.9623	-3.42945	-nan	1	-56.2615	-10.0543	-18.0333	-55.7547	0	0
-51.3852	-nan	-26.4369	-nan	-3.2121	-51.4664	7.53148	-31.7076	-55.6946	-19.3893	-55.7118	-23.9479	14.4569	-2.62071	-52.0521	-4.05441	-nan	1	-56.2612	-16.4253	-1.82644	-55.7533	-0.00785992	0
-51.0971	-nan	-34.4234	-nan	-6.8412	-51.1569	4.8494	-29.4535	-55.6834	-18.7941	-55.6947	-16.0224	8.89065	-3.74072	-37.0536	-3.65901	-nan	1	-56.2609	-11.3156	-2.86337	-55.7518	-0.00224972	0
-51.099	-nan	-30.4497	-nan	-8.11758	-51.1668	5.82714	-29.4571	-55.68	-18.6794	-55.6857	-31.2944	-31.0271	-8.41571	-73.5735	-4.69814	-nan	1	-56.2606	-25.4294	-17.9968	-55.7502	-0.00699685	0
-51.1097	-nan	-33.1683	-nan	-10.6667	-51.1668	4.5908	-29.4164	-55.6788	-18.9093	-55.684	-14.5366	7.07553	-10.5421	-38.6812	-3.89056	-nan	1	-56.2603	-12.0134	-12.3861	-55.7485	-0.0161325	0
-50.9891	-nan	-39.0499	-nan	-7.49889	-51.0309	2.5205	-28.2189	-55.6686	-18.8644	-55.6735	-22.581	5.63878	-6.23443	-64.0082	-4.92419	-nan	1	-56.2599	-19.8865	-5.9878	-55.7468	-0.0051207	0
-50.9026	-nan	-22.9998	-nan	-10.1255	-50.9998	1.74301	-27.8978	-55.6621	-18.9462	-55.6634	-80.5538	2.06526	-10.1944	-199.533	-5.89683	-nan	1	-56.2596	-61.2941	-12.4108	-55.7448	-0.00215358	0
-50.851	-nan	-12.2003	-nan	-14.4201	-50.9837	2.17769	-27.9133	-55.6602	-18.8328	-55.6598	-129.749	-63.3924	-15.2632	-363.928	-6.73493	-nan	1	-56.2593	-84.306	-19.1629	-55.7422	-0.00284069	0
-50.8403	-nan	-7.06494	-nan	-17.8725	-50.9822	3.72997	-27.9314	-55.6595	-18.5457	-55.6586	-38.0049	-76.735	-19.3534	-97.9299	-6.22541	-nan	1	-56.2589	-34.5379	-22.7812	-55.7402	0	0
-50.8365	-nan	-5.09428	-nan	-20.8761	-50.9779	4.9414	-27.9542	-55.6591	-18.324	-55.6578	-32.6415	-70.255	-20.6879	-46.9702	-5.37225	-nan	1	-56.2586	-29.6303	-21.2481	-55.7383	0	0
-50.8643	-nan	-4.6251	-nan	-23.3426	-51.0034	5.89698	-27.9729	-55.6586	-18.2479	-55.657	-16.4539	-45.2702	-24.1025	-21.4296	-4.56688	-nan	1	-56.2582	-15.7104	-23.4431	-55.7364	0	0
-50.9242	-nan	-4.64894	-nan	-24.5142	-51.0588	5.65419	-27.9929	-55.6583	-18.4876	-55.6564	-3.25352	0.876632	-23.3865	-3.96471	-4.1916	-nan	1	-56.2579	-3.24566	-22.3667	-55.7345	0	0
-50.9465	-nan	-4.66882	-nan	-25.3272	-51.0755	6.79271	-28.0117	-55.6578	-18.3617	-55.6557	-17.5294	-51.0095	-24.7432	-4.20405	-4.75203	-nan	1	-56.2575	-16.8801	-23.0983	-55.7326	0	0
-50.9769	-nan	-4.68659	-nan	-26.4002	-51.1002	8.10072	-28.0278	-55.6575	-18.2406	-55.6554	-15.7931	-50.2562	-26.9646	-4.29849	-4.22036	-nan	1	-56.2571	-15.4568	-24.498	-55.7307	0	0
-51.0287	-nan	-4.69841	-nan	-27.2983	-51.1513	8.76972	-28.0408	-55.6573	-18.3233	-55.6553	-8.9823	-26.5584	-27.8984	-3.18884	-3.99082	-nan	1	-56.2567	-8.9368	-24.5482	-55.7288	0	0
-51.0758	-nan	-4.71239	-nan	-26.5642	-51.1943	8.92924	-28.058	-55.6571	-18.4661	-55.6552	-5.89656	-12.5898	-24.971	-4.31546	-4.07685	-nan	1	-56.2563	-5.93459	-23.0354	-55.7269	0	0
-51.135	-nan	-4.72681	-nan	-26.221	-51.2504	8.75355	-28.0728	-55.6568	-18.7075	-55.6548	-3.02423	4.49929	-24.642	-4.21213	-4.41672	-nan	1	-56.2559	-3.11002	-23.2072	-55.725	0	0
-51.2034	-nan	-4.73261	-nan	-27.5661	-51.3177	8.4689	-28.086	-55.6565	-19.0057	-55.6544	-2.91871	5.88048	-27.712	-4.26911	-4.83442	-nan	1	-56.2554	-2.98421	-25.8793	-55.723	0	0
-51.2628	-nan	-4.74506	-nan	-28.8907	-51.3744	8.41443	-28.1011	-55.6562	-19.2322	-55.6543	-4.35382	-0.800991	-29.4526	-4.27099	-5.30459	-nan	1	-56.255	-4.39692	-26.9896	-55.7211	0	0
-51.2761	-nan	-4.76258	-nan	-30.738	-51.3838	10.1445	-28.1176	-55.656	-19.0328	-55.6544	-20.5652	-50.4666	-31.1645	-4.27565	-5.76265	-nan	1	-56.2546	-20.3847	-26.1035	-55.7192	0	0
-51.2917	-nan	-4.79332	-nan	-27.9831	-51.3923	11.0085	-28.137	-55.6559	-18.9583	-55.6545	-17.381	-49.6648	-28.0491	-4.32525	-5.56387	-nan	1	-56.2542	-17.3822	-24.8458	-55.7173	0	0
-51.3213	-nan	-4.82507	-nan	-28.7433	-51.4161	11.7434	-28.1547	-55.6557	-18.9593	-55.6545	-12.6928	-40.5976	-28.5087	-4.2903	-4.52182	-nan	1	-56.2538	-12.7583	-24.138	-55.7154	0	0
-51.3586	-nan	-4.85113	-nan	-30.0064	-51.4492	11.9875	-28.1716	-55.6555	-19.0655	-55.6546	-8.03567	-20.1649	-28.7196	-4.28215	-4.69925	-nan	1	-56.2533	-8.19831	-24.048	-55.7136	0	0
-51.3957	-nan	-4.88192	-nan	-27.7158	-51.4815	11.7673	-28.1899	-55.6553	-19.2324	-55.6547	-3.67725	2.33593	-27.4023	-4.30071	-5.25137	-nan	1	-56.2529	-3.92236	-24.4244	-55.7117	0	0
-51.442	-nan	-4.9125	-nan	-28.6679	-51.5235	11.186	-28.2084	-55.655	-19.4836	-55.6544	-2.17768	11.8202	-28.1541	-4.32859	-4.99875	-nan	1	-56.2525	-2.40742	-25.7921	-55.7098	0	0
-51.4918	-nan	-4.94259	-nan	-29.4653	-51.5692	10.3289	-28.2283	-55.6547	-19.7845	-55.6541	-2.56987	13.5058	-28.4195	-4.34555	-5.29524	-nan	1	-56.2521	-2.76047	-26.953	-55.7079	0	0
-51.5286	-nan	-4.97164	-nan	-30.4522	-51.6025	9.55394	-28.2502	-55.6544	-20.0308	-55.6537	-2.42203	8.38848	-29.1345	-4.34956	-6.41502	-nan	1	-56.2517	-2.61831	-28.3184	-55.7061	0	0
-51.3553	-nan	-31.8104	-nan	-10.8785	-51.4021	7.65665	-28.2739	-55.6535	-19.3716	-55.651	-49.5892	8.96172	-9.7669	-105.963	-7.82344	-nan	1	-56.2515	-23.3922	-9.13777	-55.7042	-0.00127973	0
-50.1714	-nan	-50.8266	-nan	-41.848	-50.1682	2.61074	-23.6765	-55.5599	-16.2154	-55.5667	-55.5061	2.25745	-69.004	-233.056	-5.76572	-nan	1	-56.2513	-6.79678	-1.01364	-55.6901	-1.98111e-06	0
-50.2117	-nan	-50.4051	-nan	-35.1095	-50.2108	1.76669	-23.6683	-55.5515	-16.529	-55.5532	-17.7247	1.4548	-24.5095	-70.1059	-5.35285	-nan	1	-56.2511	-6.66224	-27.2552	-55.6725	0	0
-50.2593	-nan	-48.1462	-nan	-29.3141	-50.2688	1.00456	-23.6851	-55.5509	-16.8384	-55.5523	-28.4402	1.405	-24.5713	-75.7108	-5.97812	-nan	1	-56.2507	-22.8167	-28.6137	-55.6699	0	0
-50.3002	-nan	-46.4767	-nan	-27.5446	-50.3168	0.12642	-23.7045	-55.5503	-17.1442	-55.5513	-26.6334	1.30909	-25.9772	-97.0765	-6.9404	-nan	1	-56.2505	-20.8659	-28.6519	-55.6674	0	0
-50.3025	-nan	-42.2906	-nan	-28.0518	-50.3362	-0.223407	-23.7248	-55.5497	-17.2782	-55.5502	-73.059	-1.81298	-26.6322	-178.712	-7.78959	-nan	1	-56.2502	-51.9167	-28.8669	-55.6647	0	0
-50.2917	-nan	-37.1568	-nan	-27.7847	-50.3459	-0.726544	-23.7447	-55.5489	-17.4137	-55.5489	-101.084	-0.961998	-26.0222	-195.353	-7.84958	-nan	1	-56.25	-66.2522	-27.5492	-55.6616	-0.0020655	0
-50.2981	-nan	-37.3856	-nan	-24.5417	-50.3533	-1.91175	-23.7639	-55.548	-17.6724	-55.5473	-3.88014	-3.61368	-22.0392	-nan	-8.84382	-nan	1	-56.2498	-1.54024	-22.3312	-55.658	-0.000222683	0
-50.3587	-nan	-37.3542	-nan	-27.1579	-50.4143	-3.13708	-23.7809	-55.5471	-18.074	-55.5457	-7.72004	-4.61065	-26.8715	-169.24	-8.61788	-nan	1	-56.2495	-5.94541	-30.9015	-55.6546	0	0
-50.2879	-nan	-36.6265	-nan	-21.429	-50.3496	-3.06825	-23.6819	-55.5393	-17.9117	-55.5382	-30.3341	-15.9285	-18.1562	-99.2411	-8.98142	-nan	1	-56.2493	-22.9785	-17.6815	-55.6504	-0.00130157	0
-50.2384	-nan	-27.5311	-nan	-24.9138	-50.3373	-2.58274	-23.7015	-55.5379	-17.804	-55.5357	-98.1404	-37.2239	-25.1799	-225.478	-9.09644	-nan	1	-56.249	-77.1483	-29.5712	-55.6464	-0.00227353	0
-50.2655	-nan	-27.7874	-nan	-27.6445	-50.3601	-3.02195	-23.7213	-55.5371	-17.9606	-55.5342	-14.7426	-10.2834	-27.4942	-26.5709	-9.13936	-nan	1	-56.2488	-12.5556	-29.4072	-55.6434	-0.00621186	0
-50.2706	-nan	-29.0697	-nan	-23.5865	-50.3622	-4.11954	-23.6703	-55.5321	-18.1961	-55.5292	-11.1546	-4.41577	-20.7976	-28.5656	-10.1367	-nan	1	-56.2486	-8.3483	-21.1479	-55.6397	-0.000606449	0
-50.1204	-nan	-17.8688	-nan	-18.3246	-50.2567	-2.95547	-23.4692	-55.5199	-17.7269	-55.5175	-102.118	-67.8107	-15.7712	-180.522	-10.7897	-nan	1	-56.2483	-80.9577	-15.407	-55.6344	-0.000480374	0
-50.014	-nan	-18.8323	-nan	-13.3051	-50.1512	-3.04691	-23.0802	-55.499	-17.5231	-55.4976	-16.8781	-11.0787	-11.5991	-22.7209	-9.9835	-nan	1	-56.2481	-10.434	-11.455	-55.6268	-0.000171291	0
-50.0151	-nan	-18.8286	-nan	-18.3958	-50.1519	-2.85276	-23.0965	-55.4973	-17.5046	-55.4943	-32.3924	-35.8274	-19.8949	-18.7496	-10.3257	-nan	-30.778	-56.2479	-31.8315	-27.7622	-55.6218	-0.000454329	0
-50.0081	-nan	-18.8268	-nan	-22.9635	-50.1427	-2.27854	-23.1142	-55.4965	-17.3871	-55.4929	-41.679	-49.9919	-24.3626	-18.7429	-10.3549	-nan	-38.38	-56.2477	-40.7655	-28.1753	-55.6187	-0.00083457	0
-49.9768	-64.1343	-20.1366	-nan	-20.4277	-50.1072	-2.55426	-23.0402	-55.4909	-17.3709	-55.487	-11.1638	-6.62417	-18.6469	-20.1273	-10.1578	-nan	-64.0299	-56.2475	-34.8814	-18.6489	-55.6145	-0.000107233	0
-50.0208	-77.0702	-20.3416	-nan	-24.3497	-50.149	-3.77372	-23.0568	-55.4895	-17.7231	-55.4845	-7.7633	-3.55112	-24.6617	-20.1434	-10.362	-nan	-76.9734	-56.2473	-36.8891	-28.8503	-55.6103	-0.000267458	0
-49.2122	-nan	-42.5423	-nan	-50.8058	-49.2535	-5.33316	-20.2625	-55.1796	-16.4444	-55.2115	-15.0601	-6.88408	-264.276	-44.2138	-11.4259	-nan	0.758859	-56.2469	-0.0206752	-1.58584	-55.5482	0	0
-49.1662	-nan	-42.9953	-nan	-38.3881	-49.2048	-5.52637	-20.1454	-55.1362	-16.4365	-55.1598	-31.7181	-4.95166	-131.014	-44.2193	-9.70688	-nan	-0.666974	-56.2466	-3.37434	-19.0472	-55.5247	0	0
-49.1128	-nan	-33.6415	-nan	-35.9937	-49.209	-6.26207	-20.1169	-55.1228	-16.6071	-55.1464	-359.477	-15.1027	-36.2293	-1052.04	-9.68373	-nan	-2.49588	-56.2462	-92.7614	-26.2446	-55.518	0	0
-49.1034	-nan	-33.837	-nan	-39.6505	-49.1973	-6.44252	-20.0969	-55.1103	-16.6408	-55.1344	-20.1928	-12.4625	-33.8089	-33.539	-10.4056	-nan	-3.04201	-56.2457	-10.4126	-26.7361	-55.5114	0	0
-49.0803	-nan	-34.0921	-nan	-41.3975	-49.1734	-6.62062	-20.0522	-55.0912	-16.6577	-55.1169	-19.7482	-14.9368	-38.8003	-34.7482	-10.7105	-nan	-2.15505	-56.2453	-7.53851	-24.2418	-55.5033	0	0
-49.0845	-nan	-33.1613	-nan	-46.2748	-49.1823	-6.82377	-20.0679	-55.0899	-16.7273	-55.1147	-56.9804	-14.5509	-50.6569	-138.837	-11.0283	-nan	-6.71443	-56.2449	-19.8584	-33.5103	-55.4994	-0.000537359	0
-49.0959	-nan	-32.2124	-nan	-43.7291	-49.1986	-7.09894	-20.0843	-55.0889	-16.8225	-55.1133	-41.7077	-19.5906	-67.5177	-152.406	-11.2539	-nan	-7.29082	-56.2445	-17.8737	-33.8981	-55.4955	-0.00109141	0
-49.1058	-nan	-32.2683	-nan	-42.9712	-49.209	-7.75683	-20.0995	-55.0876	-16.982	-55.1117	-15.1753	-13.2888	-144.279	-85.5506	-11.8966	-nan	-4.37457	-56.244	-5.95614	-28.8359	-55.4914	0	0
-49.1211	-nan	-32.3029	-nan	-48.2418	-49.2239	-8.16435	-20.1154	-55.0864	-17.1002	-55.11	-8.41695	-3.72129	-160.653	-nan	-11.9049	-nan	-7.87107	-56.2436	-8.09326	-33.8985	-55.4875	-0.00152906	0
-48.6853	-nan	-19.7381	-nan	-22.047	-48.8808	-7.48234	-19.5619	-54.8448	-16.5394	-54.9007	-1126.54	-5.51251	-186.162	-3268.34	-11.9576	-nan	0.367598	-56.2429	-43.6537	-5.842	-55.4106	0	0
-48.6853	-nan	-19.7569	-nan	-25.7401	-48.8803	-7.51726	-19.5666	-54.8403	-16.5638	-54.8936	-27.7872	-31.1998	-138.489	-19.541	-11.0797	-nan	-8.28083	-56.2421	-10.3849	-33.9702	-55.4062	0	0
-48.68	-nan	-19.7555	-nan	-32.8778	-48.8748	-7.04361	-19.5825	-54.8392	-16.4767	-54.8923	-41.7002	-46.6716	-65.0688	-nan	-11.4761	-nan	-8.57388	-56.2414	-16.7795	-34.552	-55.4018	-0.00201005	0
-48.6827	-nan	-19.817	-nan	-39.4677	-48.8776	-7.17554	-19.5988	-54.8381	-16.5208	-54.8911	-20.2484	-20.2484	-62.3623	-nan	-nan	-nan	-8.90241	-56.2407	-10.8592	-33.3189	-55.3974	0	0
-48.688	-nan	-19.8136	-nan	-46.6627	-48.8827	-7.1197	-19.6149	-54.837	-16.5327	-54.8898	-28.879	-28.879	-46.0195	-nan	-nan	-nan	-9.07996	-56.2399	-15.0607	-33.9339	-55.3931	0	0
-48.7062	-nan	-19.8124	-nan	-48.9027	-48.901	-7.47809	-19.6312	-54.836	-16.6452	-54.8887	-20.3531	-20.3531	-47.3815	-nan	-nan	-nan	-9.56221	-56.2392	-12.8897	-33.5534	-55.3887	0	0
-48.6451	-nan	-20.4094	-nan	-42.4161	-48.8398	-7.45531	-19.5904	-54.8119	-16.5677	-54.8671	-17.5947	-17.7932	-38.4328	-nan	-12.8215	-nan	-1.96721	-56.2385	-5.41178	-17.9298	-55.377	0	0
-48.3656	-nan	-22.2564	-nan	-30.0129	-48.5598	-7.23385	-19.141	-54.5954	-16.1982	-54.6741	-14.4962	-13.4141	-102.696	-22.1336	-12.9131	-nan	0.0261729	-56.2374	-1.12917	-6.45997	-55.3099	0	0
-48.1712	-nan	-5.00713	-nan	-37.9605	-48.4965	-7.23191	-19.0422	-54.5417	-16.1392	-54.6219	-2385.68	-nan	-nan	-2616.65	-11.8651	-nan	-2.46778	-56.2362	-132.799	-17.9789	-55.2904	0	0
-48.1283	-nan	-5.12279	-nan	-18.8682	-48.4556	-6.98785	-19.0018	-54.5152	-16.0544	-54.5966	-75.561	-75.9496	-48.8409	-4.76637	-11.9164	-nan	-4.46644	-56.235	-9.77086	-23.424	-55.2782	0	0
-47.9345	-nan	-6.58527	-nan	-33.7833	-48.2649	-6.77113	-18.7066	-54.3672	-15.7925	-54.4604	-12.1319	-nan	-nan	-nan	-12.1319	-nan	-0.665937	-56.2335	-0.843282	-9.39267	-55.2304	0	0
-47.9306	-nan	-6.58516	-nan	-34.5677	-48.261	-6.58352	-18.7171	-54.3622	-15.7686	-54.4528	-54.2313	-57.7669	-184.721	-nan	-11.4383	-nan	-11.5421	-56.232	-15.9659	-33.9951	-55.2251	-6.61114e-05	0
-47.9129	-nan	-6.58516	-nan	-31.4705	-48.2433	-5.92101	-18.7332	-54.3604	-15.6299	-54.451	-84.797	-84.797	-77.7029	-nan	-nan	-nan	-11.2786	-56.2305	-24.0011	-34.1767	-55.2197	0	0
-47.8903	-nan	-6.58761	-nan	-36.2594	-48.2189	-4.98863	-18.7493	-54.3588	-15.4305	-54.4493	-70.9321	-84.5178	-45.5509	-6.12472	-10.9933	-nan	-10.7385	-56.2291	-27.8257	-33.9828	-55.2144	0	0
-47.894	-nan	-6.58803	-nan	-38.4831	-48.2224	-5.06062	-18.7654	-54.3571	-15.4642	-54.4476	-26.8343	-28.8815	-60.5313	-6.12465	-10.5519	-nan	-10.9878	-56.2276	-13.0532	-33.4644	-55.2091	0	0
-47.8834	-nan	-6.58831	-nan	-44.3338	-48.2116	-4.54208	-18.7811	-54.3554	-15.3652	-54.4458	-54.2162	-59.8136	-50.594	-6.13511	-10.646	-nan	-10.6462	-56.2262	-22.7685	-33.6774	-55.2037	0	0
-47.8653	-nan	-6.51953	-nan	-45.67	-48.1894	-3.67335	-18.7969	-54.3538	-15.1834	-54.4442	-57.1145	-81.3555	-43.9515	-11.2893	-9.65121	-nan	-10.0522	-56.2248	-28.8419	-33.1098	-55.1984	0	0
-47.8672	-nan	-6.51978	-nan	-46.4295	-48.1912	-3.62734	-18.8127	-54.3521	-15.193	-54.4426	-32.2051	-33.1276	-42.7167	-6.12491	-10.0972	-nan	-9.95575	-56.2233	-15.7896	-32.4698	-55.1931	0	0
-47.8665	-nan	-6.61263	-nan	-46.269	-48.1907	-3.70522	-18.8282	-54.3504	-15.2203	-54.4408	-26.7751	-27.4344	-41.0618	-6.17352	-10.18	-nan	-9.98989	-56.2219	-13.8295	-31.6043	-55.1878	-1.73921e-06	0
-47.874	-nan	-6.61263	-nan	-46.4475	-48.1984	-3.94001	-18.8437	-54.3486	-15.2908	-54.4387	-18.6697	-18.6697	-39.8138	-nan	-nan	-nan	-10.351	-56.2205	-11.717	-32.2405	-55.1825	0	0
-47.8854	-nan	-6.61263	-nan	-46.3479	-48.2099	-4.29859	-18.8592	-54.3468	-15.3901	-54.4367	-25.7159	-25.7159	-43.3433	-nan	-nan	-nan	-10.7045	-56.2191	-12.3707	-32.8318	-55.1772	0	0
-47.8945	-nan	-6.61263	-nan	-44.3089	-48.2192	-4.59189	-18.8748	-54.345	-15.4737	-54.4347	-14.1329	-14.1329	-78.1315	-nan	-nan	-nan	-11.0504	-56.2178	-11.5288	-33.3633	-55.172	0	0
-47.8973	-nan	-6.61263	-nan	-49.1148	-48.222	-4.72683	-18.8903	-54.3432	-15.5174	-54.4326	-nan	-nan	-nan	-nan	-nan	-nan	-11.3888	-56.2164	-11.6535	-33.9239	-55.1667	0	0
-47.9273	-nan	-6.61263	-nan	-44.6869	-48.2524	-5.55496	-18.9059	-54.3414	-15.734	-54.4305	-17.6734	-18.5325	-79.0754	-nan	-10.4359	-nan	-12.0081	-56.215	-13.1424	-34.6781	-55.1614	0	0
-47.9294	-nan	-6.94332	-nan	-42.9761	-48.255	-6.04853	-18.9215	-54.3396	-15.8428	-54.4283	-13.7754	-13.7754	-68.0251	-nan	-nan	-nan	-7.59957	-56.2137	-8.38408	-29.6705	-55.1561	0	0
-47.8939	-nan	-7.23784	-nan	-34.4749	-48.2218	-6.07832	-18.932	-54.3373	-15.8083	-54.4251	-21.0344	-25.4652	-63.137	-6.5558	-11.1586	-nan	-4.34204	-56.2123	-5.75856	-23.3773	-55.1508	0	0
-47.8975	-nan	-7.23695	-nan	-32.9544	-48.2254	-6.16609	-18.9474	-54.3349	-15.8457	-54.4217	-39.0381	-39.0381	-241.748	-nan	-nan	-nan	-12.9355	-56.211	-14.897	-34.7691	-55.1455	0	0
-47.8528	-nan	-7.30614	-nan	-25.1529	-48.182	-5.39263	-18.9464	-54.3297	-15.644	-54.4164	-96.4412	-97.0184	-146.84	-nan	-11.0887	-nan	-7.24061	-56.2097	-20.2647	-27.9683	-55.1396	0	0
-47.8325	-15.8853	-7.30433	-nan	-22.3756	-48.1615	-4.68907	-18.9611	-54.3278	-15.4928	-54.4137	-108.979	-108.979	-38.159	-nan	-nan	-nan	-11.8642	-56.2083	-25.483	-33.8258	-55.1343	0	0
-47.7657	-nan	-3.96881	-nan	-33.8703	-48.1007	-2.53044	-18.9752	-54.3262	-15.0056	-54.412	-82.613	-112.219	-61.4866	-61.3384	-9.00721	-nan	-10.0076	-56.207	-49.4789	-33.3189	-55.129	0	0
-47.6973	-nan	-2.71112	-nan	-37.8754	-48.043	-1.58575	-18.9764	-54.3208	-14.7388	-54.4065	-85.4224	-97.8251	-75.5567	-94.6186	-7.70469	-nan	-4.42445	-56.2057	-32.2032	-23.9573	-55.1228	0	0
-47.6766	-nan	-2.06856	-nan	-36.9145	-48.0231	-0.806855	-18.9894	-54.3188	-14.5762	-54.4038	-71.607	-86.8579	-121.686	-57.4917	-7.05673	-nan	-8.54836	-56.2044	-26.4654	-30.6122	-55.1175	0	0
-47.6577	-nan	-2.07828	-nan	-33.3746	-47.9978	0.127854	-19.0026	-54.3173	-14.3763	-54.402	-55.4975	-92.3401	-118.901	-1.54561	-5.50849	-nan	-7.861	-56.2031	-22.2929	-30.2088	-55.1122	0	0
-47.6389	-nan	-2.09039	-nan	-31.6148	-47.9747	0.986203	-19.0156	-54.3158	-14.1946	-54.4002	-62.2994	-93.2001	-103.165	-1.12329	-4.57743	-nan	-7.25684	-56.2018	-22.1067	-29.9134	-55.1069	0	0
-47.6285	-28.3807	-2.27333	-nan	-39.1913	-47.9619	1.03398	-19.0283	-54.3141	-14.1715	-54.3981	-22.1222	-36.544	-64.207	-5.46571	-4.41409	-nan	-11.2613	-56.2006	-13.8606	-28.7143	-55.1016	0	0
-47.6342	-nan	-2.2734	-nan	-44.8301	-47.9672	0.865543	-19.0407	-54.3122	-14.2247	-54.3956	0.320836	2.58685	-55.0993	-2.22498	-5.90734	-nan	-7.67352	-56.1993	-7.41604	-30.1881	-55.0963	0	0
-47.6384	-nan	-2.26197	-nan	-46.3712	-47.9689	0.861384	-19.0534	-54.3105	-14.2424	-54.3934	-19.3434	-31.3688	-49.6773	-3.62709	-4.49889	-nan	-7.87322	-56.198	-10.733	-31.1107	-55.091	0	0
-47.6491	-49.9809	-2.32419	-nan	-47.1783	-47.9757	0.687861	-19.066	-54.3089	-14.2995	-54.3913	-7.95775	-10.8959	-46.9945	-3.79774	-4.93462	-nan	-8.01685	-56.1968	-8.28361	-31.5706	-55.0858	-2.77334e-05	0
-47.6497	-nan	-2.31253	-nan	-47.7964	-47.9719	0.940927	-19.0781	-54.3073	-14.2617	-54.3893	-27.5341	-42.7587	-45.2838	-3.14989	-4.38538	-nan	-7.86128	-56.1955	-15.1831	-32.1301	-55.0805	0	0
-47.6564	-nan	-2.30418	-nan	-48.0789	-47.9738	1.01714	-19.0903	-54.3058	-14.2657	-54.3875	-15.857	-25.1079	-45.0775	-2.84429	-4.2922	-nan	-7.82025	-56.1943	-11.0849	-32.2935	-55.0752	0	0
-47.6584	-nan	-2.29823	-nan	-46.308	-47.9729	1.1466	-19.1023	-54.3043	-14.2549	-54.3856	-24.7686	-36.3482	-100.807	-2.9054	-4.0033	-nan	-7.77817	-56.1931	-11.7489	-32.3787	-55.0699	0	0
-47.6535	-nan	-2.29399	-nan	-41.433	-47.9624	1.6862	-19.1142	-54.3028	-14.1552	-54.3837	-33.4998	-50.3992	-115.335	-2.52812	-3.99937	-nan	-7.23796	-56.1918	-14.0256	-32.7369	-55.0647	0	0
-47.6639	-nan	-2.29069	-nan	-44.8299	-47.9686	1.60163	-19.1261	-54.3013	-14.1953	-54.3819	-7.75917	-11.7678	-140.327	-2.51838	-3.72986	-nan	-7.3195	-56.1906	-7.50979	-32.2682	-55.0594	0	0
-47.6817	-nan	-2.29041	-nan	-48.5458	-47.9835	1.19142	-19.1378	-54.2998	-14.3081	-54.38	-3.63143	-4.75136	-166.457	-2.31808	-3.98574	-nan	-7.68353	-56.1894	-7.49428	-32.5592	-55.0542	0	0
-47.7028	-nan	-2.29069	-nan	-47.8167	-48.0017	0.656463	-19.1495	-54.2982	-14.4482	-54.3779	-1.09514	4.36553	-123.794	-2.26412	-5.14229	-nan	-7.98453	-56.1882	-7.66824	-33.1326	-55.0489	0	0
-47.734	-nan	-2.29097	-nan	-44.6853	-48.0299	-0.0939995	-19.1612	-54.2966	-14.6455	-54.3758	-2.69356	-2.49105	-111.579	-2.26484	-5.23635	-nan	-8.54566	-56.187	-8.10547	-34.1735	-55.0436	0	0
-47.7479	-nan	-2.29121	-nan	-40.8767	-48.0412	-0.309146	-19.1729	-54.2951	-14.7176	-54.3739	-6.8033	-8.71634	-91.2	-2.26612	-5.56837	-nan	-8.78198	-56.1858	-8.67543	-34.5889	-55.0384	0	0
-47.7589	-58.4509	-2.54867	-nan	-38.7452	-48.0485	-0.622436	-19.1845	-54.2936	-14.7974	-54.3718	-11.415	-13.4414	-67.3579	-7.44866	-5.10389	-nan	-8.80918	-56.1846	-9.2461	-34.3804	-55.0331	0	0
-47.764	-nan	-2.5249	-nan	-39.8658	-48.0509	-0.554179	-19.196	-54.2921	-14.8032	-54.3699	-18.0846	-23.6062	-52.6486	-4.79122	-5.1473	-nan	-8.71462	-56.1834	-9.83514	-34.7988	-55.0279	0	0
-47.7766	-nan	-2.5075	-nan	-41.6957	-48.0608	-0.74725	-19.2075	-54.2907	-14.8682	-54.3682	-10.0646	-12.8521	-48.4688	-4.18766	-5.14109	-nan	-8.84348	-56.1822	-9.05273	-34.8309	-55.0226	0	0
-47.8002	-nan	-2.50578	-nan	-42.6627	-48.0821	-1.36026	-19.2191	-54.2893	-15.0269	-54.3664	-4.30401	-5.39354	-40.0541	-2.7034	-5.6256	-nan	-9.28267	-56.1811	-9.05409	-34.9753	-55.0174	0	0
-47.801	-67.8418	-2.63571	-nan	-43.8456	-48.0827	-1.48796	-19.2305	-54.2879	-15.0615	-54.3645	-0.111658	0.0949499	-40.1953	-2.46938	-7.47	-nan	-10.761	-56.1799	-10.751	-34.984	-55.0121	0	0
-47.8049	-nan	-2.6359	-nan	-45.1652	-48.0863	-1.62193	-19.2419	-54.2864	-15.1034	-54.3624	-0.212236	0.907246	-40.9226	-2.46541	-7.5638	-nan	-9.80356	-56.1788	-9.75148	-35.9917	-55.0069	0	0
-47.8471	-nan	-2.63836	-nan	-46.9441	-48.1243	-2.71002	-19.2534	-54.2849	-15.3756	-54.3604	-2.53681	-2.27129	-41.2655	-2.48844	-6.89869	-nan	-10.9338	-56.1776	-10.2272	-37.2235	-55.0016	0	0
-47.8494	-nan	-2.63836	-nan	-47.317	-48.1266	-2.82722	-19.2649	-54.2835	-15.4118	-54.3585	1.84891	6.26096	-45.6539	-nan	-8.65772	-nan	-11.1772	-56.1764	-11.2363	-37.2511	-54.9964	0	0
-47.8767	-83.6594	-3.93439	-nan	-50.8703	-48.1483	-3.99488	-19.2765	-54.282	-15.6664	-54.3563	-3.19324	-3.09533	-41.9533	-3.1259	-8.39495	-nan	-9.17997	-56.1753	-8.87484	-32.8531	-54.9912	0	0
-47.9099	-nan	-3.93566	-nan	-54.5039	-48.1814	-4.93795	-19.2882	-54.2804	-15.9048	-54.3539	-4.32628	-4.3868	-46.0371	-3.08921	-9.56381	-nan	-13.3303	-56.1742	-13.0195	-39.067	-54.9861	0	0
-47.9301	-nan	-3.94193	-nan	-54.9452	-48.1997	-5.37342	-19.2998	-54.279	-16.0259	-54.3521	-9.70912	-11.7412	-89.3139	-3.1326	-9.15788	-nan	-13.701	-56.173	-13.4575	-39.6607	-54.9809	0	0
-47.9495	-nan	-3.95234	-nan	-53.8798	-48.2158	-5.75417	-19.3113	-54.2777	-16.1328	-54.3503	-9.24571	-12.4777	-81.6005	-3.13355	-8.96812	-nan	-14.0156	-56.1719	-13.6608	-39.7405	-54.9757	0	0
-47.9672	-nan	-4.49358	-nan	-52.1827	-48.2315	-6.46606	-19.3228	-54.2763	-16.2982	-54.3484	-7.94264	-9.08455	-96.2641	-3.38653	-11.0744	-nan	-11.2758	-56.1708	-11.1986	-36.627	-54.9706	0	0
-47.7481	-nan	-11.5974	-nan	-41.199	-47.9894	-6.12359	-19.0287	-54.1463	-15.8867	-54.233	-9.05312	3.06119	-39.2306	-9.07726	-11.7862	-nan	-0.139698	-56.1694	-0.522977	-8.31812	-54.9307	0	0
-47.6825	-nan	-14.2388	-nan	-46.0214	-47.9133	-7.05902	-18.8464	-54.0558	-15.9895	-54.1499	-5.22482	-4.94264	-32.2274	-nan	-11.1374	-nan	-1.4457	-56.1679	-1.69039	-15.1898	-54.904	0	0
-47.6939	-nan	-15.9533	-nan	-51.8772	-47.9164	-8.85232	-18.7691	-54.0056	-16.3714	-54.1047	-9.11957	-7.44802	-36.6604	-13.4512	-11.8048	-nan	-3.56014	-56.1664	-4.20716	-21.963	-54.8867	0	0
-47.6505	-75.7159	-16.0463	-nan	-51.1851	-47.8715	-8.74521	-18.7191	-53.9696	-16.3112	-54.0722	-33.2252	-17.7479	-55.634	-62.5189	-11.7096	-nan	-24.1644	-56.1647	-25.7609	-35.6384	-54.8726	0	0
-47.6476	-nan	-15.3992	-nan	-48.307	-47.8672	-8.43552	-18.7291	-53.9684	-16.2564	-54.0708	-39.832	-39.6343	-82.7209	-40.0963	-10.9703	-nan	-16.5341	-56.1631	-22.217	-41.2559	-54.8668	0	0
-47.6277	-nan	-14.691	-nan	-40.7393	-47.8289	-6.93348	-18.74	-53.9671	-15.9258	-54.0695	-41.1017	-73.0216	-87.9329	-21.506	-10.3404	-nan	-16.5341	-56.1614	-28.628	-40.5936	-54.8611	0	0
-47.6355	-nan	-14.6933	-nan	-43.7848	-47.8329	-6.96682	-18.7509	-53.9658	-15.9484	-54.0682	-18.0846	-20.897	-96.0619	-14.5718	-9.88376	-nan	-16.5341	-56.1598	-16.9565	-38.8102	-54.8553	0	0
-47.6604	-87.9135	-15.4425	-nan	-54.0381	-47.8545	-7.9009	-18.7615	-53.9645	-16.1667	-54.0668	-9.37656	-7.23227	-47.9359	-14.8822	-11.6669	-nan	-34.253	-56.1582	-32.1912	-41.6446	-54.8495	0	0
-47.6903	-nan	-15.4494	-nan	-55.0438	-47.8819	-8.64251	-18.7722	-53.9633	-16.3577	-54.0655	-11.3621	-8.89531	-47.413	-14.9367	-11.0739	-nan	-16.4075	-56.1566	-15.8435	-39.4495	-54.8437	0	0
