Precip(m3)	SWE(m3)	BCSurf(m3)	BCGW(m3)	Canopy(m3)	Surface(m3)	Channel(m3)	SoilW(m3)	SoilL1(m3)	SoilL2(m3)	SoilL3(m3)	RZW(m3)	GW(m3)	ET(m3)	EvapS(m3)	EvapC(m3)	EvapI(m3)	EvapT(m3)	Leakage(m3)	SrfOut(m3)	GWOut(m3)	SrftoCh	GWtoCh	Rchrge	SatExt	MBErr	2H_MBE
0	0	2118.12	0	0	0	1348.96	1.824e+06	60006.4	240026	1.20013e+06	259343	323838	369.63	369.63	44.1481	0	0	0	728.804	3.57736	0	3.78963	64473.4	0	3.31433e-13	0.0516193
0	0	4231.87	0	0	0	1712.8	1.82359e+06	59603.6	240026	1.20013e+06	258940	323831	772.469	772.469	101.52	0	6.51783e-10	0	2425.2	7.2134	0	7.65181	64473.4	0	2.92852e-13	0.110847
6360.64	5.25838e-14	6363.27	0	985.44	0	1808.71	1.82879e+06	60006.4	240026	1.20013e+06	259343	328627	940.205	939.813	133.284	0	0.391806	0	4432.98	10.9584	0	11.706	69278	0	3.42193e-13	0.426755
14161.3	6.88468e-14	8520.73	0	1697.21	0	1851.66	1.83577e+06	60006.4	240026	1.20013e+06	259343	335615	1033.45	1033.06	149.098	0	0.391806	0	6536	14.8365	0	16.02	76273.7	0	3.27743e-13	0.802704
14161.3	0	10702.4	0	1697.21	0	1864.72	1.83562e+06	59859.9	240026	1.20013e+06	259197	335607	1179.93	1179.54	170.476	0	0.391806	0	8687.64	18.7737	0	20.4143	76273.7	0	3.14766e-13	0.826606
14161.3	1.78092e-17	12927.1	0	1691.4	0	1892.53	1.83554e+06	59789.5	240025	1.20013e+06	259126	335598	1256.58	1255.1	183.845	0	1.4871	0	10875.6	22.7694	2.7739e-05	24.8896	76273.7	0	2.38934e-13	0.83202
14161.3	0	15217.2	0	1691.4	0	1919.92	1.83542e+06	59673.6	240025	1.20013e+06	259010	335589	1372.47	1370.99	202.434	0	1.4871	0	13124.3	26.8232	2.7739e-05	29.4465	76273.7	0	2.51199e-13	0.868101
15028.7	9.99499e-16	17858.4	0	1793.92	0	2081.99	1.83617e+06	60006.4	240026	1.20013e+06	259343	336007	1377.45	1370.99	202.434	4.27732	2.18191	0	15608	30.9389	2.7739e-05	34.0976	76700.3	0	3.25942e-13	0.90496
23124	0	19900.2	0	2506.39	0	1884.48	1.84354e+06	60006.4	240026	1.20013e+06	259343	343381	1377.45	1370.99	202.434	4.27732	2.18191	0	17852.3	35.1901	2.7739e-05	39.0389	84083.2	0	2.99236e-13	1.34256
28617.3	0	22041.9	0	3003.07	0	1875.45	1.84852e+06	60006.4	240026	1.20013e+06	259343	348364	1381.1	1370.99	202.434	4.27732	5.83429	0	20008.2	39.5518	2.7739e-05	44.2114	89076.2	0	3.47687e-13	1.68214
28617.3	4.31633e-17	24159.5	0	2989.79	0	1829.1	1.84829e+06	59784.2	240025	1.20013e+06	259121	348355	1616.72	1606.3	240.561	4.27732	6.14811	0	22139.3	43.9716	9.11366e-05	49.4749	89076.2	0	2.48068e-13	1.72906
28617.3	1.61763e-16	26715.3	0	2978.8	0	1956.92	1.84789e+06	59394.5	240025	1.20013e+06	258731	348345	2017.37	2006.94	312.288	4.27732	6.14811	0	24501	48.4489	0.000143624	54.83	89076.2	0	2.35344e-13	1.769
28617.3	0	28986.9	0	2978.8	0	1929.94	1.84778e+06	59294.8	240025	1.20013e+06	258631	348335	2117.95	2105.24	329.949	4.27732	8.43166	0	26787.3	52.9832	0.000143624	60.2773	89076.2	0	2.59803e-13	1.76049
28617.3	7.26126e-19	31077.3	0	2820.89	0	1808.5	1.84747e+06	59000.4	240017	1.20013e+06	258330	348325	2578.47	2385.85	387.475	161.958	30.6622	0	28947.1	57.5739	0.00342734	65.8176	89076.2	0	1.85368e-13	1.75413
28617.3	0	32964.5	0	2605.34	0	1650.28	1.84685e+06	58435.5	239976	1.20013e+06	257731	348313	3400.54	2880.98	489.924	377.508	142.052	0	30895.8	62.2205	0.00342734	71.4514	89076.2	0	1.85182e-13	1.76668
28617.3	0	34628.6	0	2605.34	0	1587.2	1.84663e+06	58229.3	239973	1.20013e+06	257522	348303	3609.89	3082.07	521.586	377.508	150.31	0	32597	66.9225	0.00342734	77.1794	89076.2	0	1.85019e-13	1.75747
28617.3	0	36304.6	0	2605.34	0	1557.19	1.84633e+06	57935	239973	1.20013e+06	257228	348292	3904.36	3376.09	574.453	377.508	150.768	0	34255.9	71.6794	0.00342734	83.0022	89076.2	0	1.72531e-13	1.75354
28906.4	4.84503e-15	38126.2	0	2654.22	0	1641.06	1.8464e+06	58019.1	239972	1.20013e+06	257312	348281	4061.23	3531.15	600.138	377.508	152.572	0	35973.9	76.4907	0.00342734	88.9204	89076.2	0	1.84649e-13	1.73732
28906.4	0	40165.6	0	2654.22	0	1763.82	1.84628e+06	57907.7	239972	1.20013e+06	257200	348271	4172.6	3642.52	617.327	377.508	152.572	0	37879.4	81.356	0.00342734	94.9346	89076.2	0	1.8445e-13	1.70543
28906.4	0	42597.1	0	2654.22	0	1945.95	1.84612e+06	57764.8	239972	1.20013e+06	257057	348260	4315.52	3785.44	640.001	377.508	152.572	0	40112.2	86.2746	0.00342734	101.045	89076.2	0	1.47371e-13	1.66811
28906.4	0	45197.6	0	2654.22	0	2028.69	1.84584e+06	57490.1	239972	1.20013e+06	256783	348248	4590.17	4060.09	686.336	377.508	152.572	0	42589.9	91.2462	0.00342734	107.253	89076.2	0	1.71697e-13	1.63889
29195.6	7.28448e-16	47791.1	0	2703.09	0	2078.15	1.84602e+06	57679	239972	1.20013e+06	256971	348237	4641.58	4111.4	696.562	377.508	152.676	0	45129.9	96.2702	0.00342734	113.559	89076.2	0	1.46946e-13	1.74007
29195.6	0	50746.4	0	2703.09	0	2219.12	1.84591e+06	57585.3	239972	1.20013e+06	256878	348226	4735.27	4205.08	712.102	377.508	152.676	0	47935.2	101.346	0.00342734	119.963	89076.2	0	1.71171e-13	1.80902
29195.6	0	54148.4	0	2703.09	0	2390	1.84567e+06	57359.5	239972	1.20013e+06	256652	348214	4961.09	4430.91	748.292	377.508	152.676	0	51136.6	106.474	0.00342734	126.465	89076.2	0	1.58661e-13	1.91439
29195.6	0	57483.3	0	2681.9	0	2402.42	1.84549e+06	57183.6	239972	1.20013e+06	256476	348202	5158.17	4606.8	781.986	398.698	152.676	0	54432	111.652	0.00342734	133.067	89076.2	0	1.70567e-13	1.95238
29195.6	0	60617.9	0	2681.9	0	2338.47	1.84533e+06	57038.7	239972	1.20013e+06	256331	348190	5303.05	4751.68	808.548	398.698	152.676	0	57610.7	116.882	0.00342734	139.769	89076.2	0	1.70288e-13	1.96935
29773.8	2.5411e-15	63562	0	2779.65	0	2282.1	1.84579e+06	57515.2	239970	1.20013e+06	256806	348178	5309.61	4751.68	808.548	398.698	159.228	0	60618	122.161	0.00342734	146.571	89076.2	0	1.69975e-13	1.87633
42489.5	1.96512e-14	66898	0	4091.2	0	2414.15	1.85708e+06	60006.4	240026	1.20013e+06	259343	356920	5411.58	4751.68	808.548	491.645	168.251	0	63829.1	127.583	0.00342734	153.768	97831.3	0	2.64886e-13	2.93643
45379.3	1.01644e-14	70628.5	0	4334.34	0	2553.81	1.85949e+06	60006.4	240026	1.20013e+06	259343	359334	5631.69	4883.9	835.717	575.119	172.669	0	67400.1	133.082	0.00342734	161.154	100258	0	2.9998e-13	2.91925
52316.8	0	74483.9	0	4964.93	0	2629.92	1.86566e+06	60006.4	240026	1.20013e+06	259343	365505	5754.6	4963.03	853.443	613.124	178.452	0	71169.4	138.697	0.00342734	168.863	106442	0	3.10254e-13	3.44964
52605.9	0	78384	0	4813.92	0	2676.06	1.86584e+06	60006.4	240026	1.20013e+06	259343	365681	6004.72	4963.03	853.443	810.916	230.771	0	75031.2	144.366	0.00342734	176.692	106632	0	2.97682e-13	3.66169
63588.3	0	82389	0	5805.6	0	2721.27	1.87569e+06	60006.4	240026	1.20013e+06	259343	375531	6131.59	4963.03	853.443	916.466	252.09	0	78999.3	150.19	0.00342734	184.987	116496	0	3.07234e-13	4.6927
67346.9	0	86511	0	6185.1	0	2729.45	1.8788e+06	60006.4	240026	1.20013e+06	259343	378644	6383.05	5185.48	893.444	940.345	257.218	0	83081.7	156.1	0.00342734	193.516	119624	0	3.2955e-13	5.06369
71682.3	0	90746.7	0	6523.23	0	2788.8	1.88265e+06	60006.4	240026	1.20013e+06	259343	382486	6523.99	5279.99	910.169	985.403	258.597	0	87250.1	162.103	0.00342734	202.312	123480	0	2.92971e-13	5.47331
74572.1	0	94893.5	0	6719.23	0	2750.73	1.88507e+06	60006.4	240026	1.20013e+06	259343	384905	6783	5514.21	946.988	1005.78	263.008	0	91407.1	168.185	0.00342734	211.324	125915	0	2.8026e-13	5.7892
74861.2	5.35325e-15	98694.2	0	6719.1	0	2593.46	1.88493e+06	59885	240026	1.20013e+06	259222	384890	7193.61	5924.83	1017.65	1005.78	263.008	0	95303.6	174.318	0.00342734	220.464	125915	0	2.33072e-13	5.85833
74861.2	4.32533e-17	101756	0	6712.4	0	2357.1	1.88481e+06	59779.8	240025	1.20013e+06	259116	384875	7306.18	6035.76	1036.34	1005.78	264.64	0	98592.8	180.504	0.00345936	229.732	125915	0	2.32715e-13	5.88407
75150.3	0	104050	0	6715.85	0	2031.3	1.88503e+06	59983	240025	1.20013e+06	259319	384890	7358.49	6067.7	1044.32	1024.7	266.088	0	101214	186.741	0.00345936	239.13	125946	0	2.55657e-13	6.00896
75150.3	7.32551e-17	105739	0	6691.35	0	1667.1	1.88473e+06	59703.5	240022	1.20013e+06	259037	384874	7665.48	6366.66	1096.9	1024.7	274.119	0	103224	193.029	0.00357638	248.657	125946	0	2.32219e-13	6.04252
78330.7	0	107302	0	6113.33	0	1452.93	1.88703e+06	60006.4	240026	1.20013e+06	259343	386870	9104.4	6874.77	1220.05	1851.58	378.046	0	104888	199.389	0.00357638	258.397	127959	0	2.78006e-13	6.23886
91908.2	0	109222	0	7619.86	0	1621.36	1.89873e+06	60006.4	240048	1.20013e+06	259362	398543	9463.49	7164.13	1280.5	1907.75	391.613	0	106588	205.925	0.00357638	268.732	139670	0	3.10364e-13	6.81834
92775.5	0	111275	0	7351.3	0	1673.42	1.89888e+06	60002.1	240078	1.20013e+06	259382	398668	10431.7	7761.07	1392.64	2260.46	410.132	0	108488	212.514	0.00357638	279.207	139846	0	2.52525e-13	6.97668
92775.5	0	113124	0	7226.44	0	1601.83	1.89825e+06	59394.8	240119	1.20013e+06	258809	398605	11168	8361.21	1501.13	2385.32	421.481	0	110310	219.155	0.00357638	289.81	139846	0	1.37615e-13	7.10314
92775.5	0	114921	0	7167.87	0	1566.91	1.89769e+06	58862.2	240165	1.20013e+06	258315	398539	11762.9	8887.55	1602.78	2443.89	431.449	0	112051	225.846	0.00357638	300.536	139846	0	1.60409e-13	7.2168
93353.8	6.36969e-15	116780	0	7231.47	0	1674.79	1.89809e+06	59277.4	240214	1.20013e+06	258771	398472	11862.4	8952.76	1615.57	2478.04	431.596	0	113801	232.589	0.00357638	311.385	139846	0	1.60217e-13	7.26218
93353.8	0	118407	0	7172.72	0	1540.66	1.89771e+06	58919.8	240258	1.20013e+06	258450	398405	12283.9	9301.65	1690.82	2536.79	445.411	0	115498	239.381	0.00357638	322.357	139846	0	1.71524e-13	7.28533
98844.3	0	120419	0	6395.45	0	1614.88	1.90205e+06	60006.4	240342	1.20013e+06	259606	401577	14190.8	9818.8	1819.88	3849.38	522.578	0	117318	246.257	0.00357638	333.588	143087	0	2.62038e-13	7.55302
98844.3	0	122592	0	5978.28	0	1715.4	1.90133e+06	59331.2	240360	1.20013e+06	258946	401508	15315.3	10439.1	1936.97	4266.55	609.593	0	119284	253.183	0.00357638	344.945	143087	0	1.59332e-13	7.64683
99422.5	0	124793	0	5907.81	0	1749.9	1.90113e+06	59169.5	240404	1.20013e+06	258820	401434	16138.5	11059.9	2054.72	4434.77	643.834	0	121345	260.158	0.00357638	356.428	143087	0	1.4775e-13	7.77149
108093	0	127216	0	6830.47	0	1888.05	1.90844e+06	60006.4	240558	1.20013e+06	259786	407746	16563.5	11458	2129.72	4459.21	646.314	0	123566	267.25	0.00357638	368.299	149482	0	2.71301e-13	8.22468
108093	1.94982e-17	129585	0	6615.94	0	1894.12	1.90798e+06	59574.4	240619	1.20013e+06	259404	407663	17213.7	11886.1	2209.43	4671.21	656.394	0	125861	274.391	0.00577183	380.296	149482	0	1.24203e-13	8.19553
116186	0	131884	0	7144.16	0	1876.84	1.91494e+06	60006.4	240783	1.20013e+06	259972	414024	17801.1	12263.1	2277.28	4869.48	668.456	0	128122	281.652	0.00577183	392.685	155953	0	2.80865e-13	8.44224
117630	0	133883	0	5984.84	0	1664.26	1.91541e+06	60006.4	240894	1.20013e+06	260064	414379	19919.2	12998.6	2432.24	6178.65	741.925	0	130191	288.967	0.00577183	405.218	156433	0	2.80399e-13	8.55121
143919	0	136356	0	8379.36	0	1915.45	1.93897e+06	60077.7	241380	1.20013e+06	260539	437388	20226	13237	2477.48	6244.57	744.452	0	132382	296.583	0.00577183	418.795	179634	0	2.54442e-13	9.59334
152876	0	139360	0	8938.97	0	2161.72	1.94673e+06	60156.1	241714	1.20013e+06	260895	444735	20823.3	13618.2	2548.04	6454.23	750.901	0	135103	304.334	19.3524	432.765	187212	0.00179856	2.64004e-13	10.0046
154322	4.33681e-15	142590	0	8961.6	0	2319.12	1.94774e+06	60195	241917	1.20013e+06	261103	445500	21194.6	13854.2	2593.98	6572.34	768.146	0	138166	312.148	42.0824	446.87	188230	0.00359712	2.52446e-13	9.92351
160972	6.28837e-14	146051	0	9477.3	0	2443.32	1.9535e+06	60207.6	242270	1.20013e+06	261408	450892	21473.4	14089.6	2634.1	6615.63	768.146	0	141552	320.077	117.545	461.274	193885	0.00539568	2.40325e-13	10.0736
163863	2.87314e-14	149680	0	9721.2	0	2532.24	1.95586e+06	60207.6	242558	1.20013e+06	261648	452964	21667.4	14264.8	2664.95	6634.37	768.146	0	145146	328.083	187.655	475.855	196248	0.00539568	2.72263e-13	10.1575
163863	6.53018e-17	153414	0	9715.81	0	2578.38	1.95557e+06	59997.5	242783	1.20013e+06	261624	452660	21884.3	14481.8	2699.38	6634.37	768.146	0	148870	336.141	243.339	490.521	196248	0.00539568	1.95688e-13	10.1423
166465	6.09864e-15	157500	0	9388.26	0	2702.56	1.95767e+06	60209.4	243086	1.20013e+06	262088	454247	22620.3	14645.9	2738.97	7193.78	780.53	0	152876	344.244	311.781	505.338	198147	0.00539568	2.27592e-13	10.1782
173109	0	162314	0	9800.66	0	2943.15	1.96327e+06	60235.6	243555	1.20013e+06	262504	459352	23139.6	14952.6	2799.84	7396.33	790.683	0	157492	352.346	400.225	520.423	203601	0.00539568	2.37164e-13	10.5951
173109	0	167413	0	9800.65	0	3093.66	1.96299e+06	60051.3	243815	1.20013e+06	262535	458996	23340.5	15152.8	2836.74	7396.33	791.452	0	162475	360.449	456.818	535.578	203601	0.00539568	1.61322e-13	10.5453
178890	4.44523e-14	172795	0	10301.4	0	3220.17	1.96802e+06	60318.9	244256	1.20013e+06	263169	463322	23476	15288.2	2862.82	7396.33	791.452	0	167806	368.552	543.617	550.953	208292	0.00719424	2.24693e-13	10.6497
178890	0	178221	0	10271.3	0	3234.02	1.96764e+06	60075.1	244496	1.20013e+06	263124	462945	23792.9	15575	2908.15	7426.41	791.452	0	173260	376.654	614.888	566.394	208292	0.00719424	1.81442e-13	10.5804
178890	3.82738e-17	183518	0	9652	0	3141.1	1.96691e+06	59499.3	244723	1.20013e+06	262737	462563	25051.1	16187.6	3007.92	8039.47	824.027	0	178633	384.757	682.769	581.896	208292	0.00719424	1.17119e-13	10.5466
196514	0	188026	0	11105.2	0	2968.18	1.98245e+06	60511	245652	1.20013e+06	264520	476159	25404.1	16424.3	3050.95	8153.07	826.781	0	183544	392.86	939.388	597.9	222302	0.0125899	2.1081e-13	11.6284
198249	1.61275e-14	191995	0	11271.7	0	2761.64	1.98371e+06	60551.4	245947	1.20013e+06	264806	477087	25541.8	16562	3074.89	8153.07	826.781	0	187854	400.962	1081.71	614.006	223645	0.0125899	2.31294e-13	11.4484
198249	0	195410	0	10822.2	0	2459.8	1.98302e+06	60053.7	246167	1.20013e+06	264491	476673	26544.4	17098.6	3171.16	8602.59	843.27	0	191606	409.065	1196.33	630.171	223645	0.0125899	1.04972e-13	11.2975
201140	1.01644e-14	198198	0	11113.5	0	2259.75	1.98531e+06	60679.4	246446	1.20013e+06	265349	478053	26669.5	17222.5	3196.36	8602.59	844.348	0	194751	417.168	1362.1	646.454	225448	0.0143885	1.98937e-13	11.4038
209233	3.68629e-14	200608	0	11724.1	0	2078.25	1.9922e+06	60817.8	246950	1.20013e+06	265906	484301	26976.8	17425.8	3244.65	8705.12	845.799	0	197570	425.27	1621.37	663	232162	0.0179856	1.98002e-13	11.6075
213856	0	203342	0	12071.3	0	2170.94	1.99591e+06	60926.4	247373	1.20013e+06	266365	487478	27274.2	17625.5	3280.35	8771.68	877.02	0	200438	433.373	1866.7	679.693	235832	0.0179856	2.07739e-13	11.8325
219345	1.56701e-15	206510	0	11261.7	0	2295.5	1.99992e+06	61029.7	247780	1.20013e+06	266806	490984	29229.6	18214.4	3392	10040.2	974.983	0	203687	441.476	2168.45	696.54	239838	0.0233813	2.06939e-13	12.026
219634	0	210143	0	10791.1	0	2421.53	1.9991e+06	60524.9	247963	1.20013e+06	266454	490485	30596.7	19026.7	3538.43	10559.7	1010.28	0	207254	449.578	2357.38	713.426	239838	0.0233813	1.0329e-13	12.2475
219634	0	213799	0	10652.2	0	2499.63	1.9982e+06	59934.8	248159	1.20013e+06	266026	489981	31410	19701.1	3639.72	10698.6	1010.28	0	210946	457.681	2556.46	730.352	239838	0.0251799	8.2498e-14	12.4593
219634	0	217376	0	8298.11	0	2192.61	1.99609e+06	58197.7	248302	1.20013e+06	264408	489463	35706.5	21481.7	4022.75	13052.7	1172.16	0	214608	465.784	2699.73	747.316	239838	0.0251799	1.02959e-13	12.7701
219634	0	220936	0	7755.15	0	2341.95	1.99469e+06	57214	248418	1.20013e+06	263521	488935	37430.9	22430.6	4196.47	13595.6	1404.61	0	218052	473.886	2890.08	764.314	239838	0.0269784	9.25178e-14	12.97
219634	0	224068	0	7755.15	0	2342.89	1.99405e+06	56912.5	248598	1.20013e+06	263368	488409	37825.5	22794.9	4261.44	13595.6	1434.96	0	221362	481.989	3117.56	781.342	239838	0.028777	1.12921e-13	13.1102
219634	0	226856	0	7550.19	0	2132	1.99284e+06	56113.8	248720	1.20013e+06	262672	487878	38994.1	23563.1	4409.7	13800.6	1630.47	0	224449	490.092	3336	798.399	239838	0.0323741	9.22766e-14	13.2664
219634	0	229400	0	7496.6	0	2036.87	1.99202e+06	55637.9	248907	1.20013e+06	262351	487344	39615.9	24092.8	4517.19	13854.2	1668.97	0	227228	498.194	3566	815.483	239838	0.0323741	9.21733e-14	13.3777
219634	0	231713	0	7305.96	0	1879.7	1.99105e+06	55034	249077	1.20013e+06	261888	486812	40531.6	24763.6	4670.49	14044.8	1723.18	0	229777	506.297	3781.99	832.592	239840	0.0341727	8.18486e-14	13.5113
219634	0	233954	0	6934.91	0	1691.03	1.98985e+06	54184.6	249259	1.20013e+06	261189	486275	41889.7	25738.1	4944.33	14415.9	1735.76	0	232142	514.4	3973.7	849.725	239848	0.0359712	9.1989e-14	13.6747
219634	0	235966	0	6598.01	0	1576.67	1.98866e+06	53351.3	249441	1.20013e+06	260507	485738	43188.1	26699.6	5201.55	14752.8	1735.76	0	234230	522.502	4175.48	866.883	239854	0.0359712	9.19078e-14	13.8342
219634	0	237805	0	6359.86	0	1541.52	1.98761e+06	52662.2	249616	1.20013e+06	259964	485203	44232.7	27506	5400.66	14990.9	1735.76	0	236141	530.605	4393.27	884.065	239861	0.0359712	1.02038e-13	13.9713
219634	0	239796	0	5965.62	0	1578.97	1.98653e+06	51956.7	249777	1.20013e+06	259392	484669	45465.3	28344.4	5617.29	15385.2	1735.76	0	238108	538.708	4607.05	901.27	239868	0.0377698	7.1364e-14	14.1159
219634	0	241592	0	5257.46	0	1392.07	1.98514e+06	51016.9	249864	1.20013e+06	258524	484134	47350.2	29344.3	5940.69	16093.3	1912.58	0	239971	546.81	4792.8	918.5	239874	0.0377698	7.13079e-14	14.2642
219634	0	243439	0	4668.05	0	1382.66	1.98364e+06	50058.2	249858	1.20013e+06	257561	483593	49234.4	30225.3	6247.57	16682.7	2326.34	0	241723	554.913	4978.24	935.753	239878	0.0395683	8.1429e-14	14.3973
219634	0	245128	0	4476.12	0	1411.61	1.98218e+06	49205	249795	1.20013e+06	256655	483051	50644.8	30892.9	6468.45	16874.7	2877.16	0	243394	563.016	5192.95	953.028	239884	0.0395683	6.10267e-14	14.4984
219634	0	246783	0	4431.04	0	1432.11	1.98111e+06	48608.2	249866	1.20013e+06	256117	482508	51502.3	31475.6	6666.08	16919.7	3106.92	0	245079	571.118	5423.96	970.324	239888	0.0395683	8.13101e-14	14.5909
221369	2.79182e-14	248575	0	4724.28	0	1506.69	1.98183e+06	49705.7	250033	1.20013e+06	257354	481962	51913.4	31886.8	6868.03	16919.7	3106.92	0	246897	579.221	5709.91	987.642	239888	0.0395683	7.1037e-14	14.6576
221369	0	250341	0	4645.27	0	1605.56	1.98121e+06	49468.3	250198	1.20013e+06	257253	481415	52326.7	32221.1	6971.71	16998.8	3106.92	0	248739	587.324	5969.75	1004.98	239888	0.0395683	8.11227e-14	14.7012
221369	0	252039	0	4609.19	0	1538.15	1.98051e+06	49154.5	250357	1.20013e+06	257071	480869	52795.1	32653.3	7133.19	17034.8	3106.92	0	250603	595.426	6212.91	1022.34	239888	0.0413669	7.09299e-14	14.7492
221369	0	253832	0	4435.46	0	1584.81	1.97979e+06	48831.5	250510	1.20013e+06	256875	480325	53398.3	33082.8	7274.67	17208.6	3106.92	0	252485	603.529	6472.67	1039.71	239888	0.0431655	6.07496e-14	14.7974
221369	0	255658	0	4337.83	0	1600.87	1.97889e+06	48411.4	250572	1.20013e+06	256507	479780	54116.5	33486.5	7426.87	17306.2	3323.75	0	254417	611.632	6729.73	1057.11	239888	0.044964	7.08184e-14	14.8365
221369	0	257653	0	4177.3	0	1680.26	1.97775e+06	47851.3	250554	1.20013e+06	255931	479220	55136.8	33909.2	7573.19	17466.7	3760.83	0	256457	619.734	6982.39	1074.52	239888	0.044964	1.01081e-13	14.8846
221369	0	259722	0	4097.57	0	1769.79	1.9768e+06	47416.2	250590	1.20013e+06	255526	478662	55874.1	34268.1	7684.73	17546.5	4059.52	0	258615	627.837	7255.9	1091.95	239888	0.0467626	9.08917e-14	14.926
221369	0	261743	0	3907.17	0	1546.33	1.97469e+06	46252.9	250221	1.20013e+06	254057	478091	57972.2	34942.5	7992.29	17736.9	5292.8	0	260740	635.94	7425.95	1109.39	239888	0.0467626	7.06316e-14	14.9934
221369	0	263997	0	3589.65	0	1426.08	1.97151e+06	44500.3	249376	1.20013e+06	251602	477504	61360.9	35703.8	8436.36	18054.4	7602.78	0	262776	644.042	7514.09	1126.85	239888	0.0413669	6.04823e-14	15.0726
221369	0	266357	0	3589.65	0	1634.07	1.96937e+06	43409.8	248908	1.20013e+06	250124	476926	63290.4	36253.4	8717.9	18054.4	8982.57	0	264845	652.145	7695.55	1144.32	239888	0.0467626	8.05607e-14	15.1312
221369	0	268939	0	3589.65	0	1843.64	1.96762e+06	42558.4	248585	1.20013e+06	249004	476351	64799.4	36723	8936.57	18054.4	10022	0	267231	660.248	7910.06	1161.81	239888	0.0467626	7.0412e-14	15.1875
221369	0	271727	0	3496.31	0	1940.78	1.96609e+06	41839.3	248346	1.20013e+06	248086	475775	66191.8	37174.5	9178.89	18147.7	10869.5	0	269906	668.35	8119.66	1179.3	239888	0.0485612	8.03741e-14	15.243
221369	0	274388	0	3382.72	0	1932.29	1.96463e+06	41174.4	248128	1.20013e+06	247240	475199	67524.7	37606.2	9401.82	18261.3	11657.2	0	272584	676.453	8333.62	1196.81	239888	0.0503597	8.02819e-14	15.3967
221369	0	276997	0	3247.92	0	1937.06	1.96342e+06	40658.8	248008	1.20013e+06	246625	474624	68611.9	37983.1	9601.48	18396.1	12232.7	0	275240	684.556	8566.57	1214.33	239888	0.0503597	8.01917e-14	15.5398
221369	0	279868	0	3238.8	0	2001.02	1.9615e+06	39798.2	247541	1.20013e+06	245377	474034	70316	38367.5	9828.73	18405.2	13543.2	0	278034	692.658	8763.45	1231.86	239888	0.0503597	8.00927e-14	15.6938
227147	1.72117e-14	282793	0	3671.34	0	2091.05	1.96514e+06	44029.6	247522	1.20013e+06	249592	473456	71541.4	38664.4	10065.2	18949.5	13927.5	0	281110	700.761	9223.4	1249.4	239888	0.0521583	6.98198e-14	15.8793
227147	0	285755	0	3520.3	0	2124.18	1.96412e+06	43568.1	247545	1.20013e+06	249150	472875	72439.1	39079.8	10246	19100.5	14258.7	0	284122	708.864	9470.18	1266.94	239888	0.0521583	5.97697e-14	16.044
227147	0	288790	0	3417.68	0	2175.2	1.96275e+06	42961.3	247369	1.20013e+06	248397	472290	73644.9	39444.4	10410.1	19203.1	14997.3	0	287199	716.966	9709.56	1284.49	239888	0.0539568	4.97435e-14	16.1998
227147	0	291825	0	3398.55	0	2179.83	1.96097e+06	42142.8	246996	1.20013e+06	247268	471702	75188.8	39820.8	10579	19222.3	16145.7	0	290308	725.069	9939.59	1302.06	239888	0.0557554	5.96149e-14	16.3559
227147	0	294879	0	3238.65	0	2076.81	1.95919e+06	41308.7	246641	1.20013e+06	246140	471114	76914.6	40292.7	10844.9	19382.2	17239.7	0	293401	733.172	10123.9	1319.63	239888	0.0557554	5.95373e-14	16.5267
227147	0	297909	0	3054.1	0	1897.82	1.95666e+06	40091.6	245924	1.20013e+06	244327	470515	79512.6	40860.8	11233.6	19566.7	19085	0	296333	741.274	10218.1	1337.2	239888	0.0467626	6.93706e-14	16.7091
227147	0	300827	0	2711.16	0	1666.8	1.95442e+06	39053.2	245316	1.20013e+06	242784	469921	82010.5	41440.1	11763.3	19909.6	20660.7	0	299029	749.377	10277.5	1354.79	239888	0.0305755	5.93868e-14	16.8778
227147	0	303709	0	2516.82	0	1722.41	1.95234e+06	38159	244724	1.20013e+06	241398	469329	84160.4	41898.5	12185.3	20104	22157.9	0	301548	757.48	10374.5	1372.38	239888	0.0377698	6.91998e-14	17.0297
227147	0	306669	0	2355.37	0	1703.81	1.94989e+06	37116.2	243918	1.20013e+06	239686	468732	86669.1	42347.7	12664.6	20265.4	24056	0	304138	765.582	10447.4	1389.98	239888	0.0341727	5.92396e-14	17.1833
227147	0	309725	0	2271.45	0	1883.29	1.94778e+06	36286.3	243225	1.20013e+06	238280	468140	88717.4	42696.5	13011.2	20349.4	25671.6	0	306811	773.685	10572.6	1407.58	239888	0.0431655	6.90235e-14	17.3319
227147	0	312856	0	2214.12	0	2095.78	1.94585e+06	35575	242596	1.20013e+06	237047	467551	90498.2	42968	13229.3	20406.7	27123.5	0	309709	781.788	10752.5	1425.2	239888	0.0467626	4.92372e-14	17.477
227147	0	316121	0	2214.12	0	2210.56	1.94396e+06	34901.5	241971	1.20013e+06	235854	466959	92171	43221.3	13427.7	20406.7	28543	0	312871	789.89	10944.7	1442.82	239888	0.0503597	4.91693e-14	17.6309
227147	0	319369	0	2058.6	0	2152.66	1.94245e+06	34396.9	241558	1.20013e+06	235007	466372	93630.2	43495.5	13692.5	20562.2	29572.6	0	316104	797.993	11119.9	1460.44	239888	0.0521583	5.89223e-14	17.7885
227147	0	322496	0	1973.87	0	2205.85	1.94101e+06	33948.7	241148	1.20013e+06	234218	465785	94914.8	43699.5	13860.8	20646.9	30568.3	0	319247	806.096	11339.2	1478.07	239888	0.0521583	5.88447e-14	17.9337
227147	0	325494	0	1921.51	0	2070.47	1.93885e+06	33193	240344	1.20013e+06	232794	465189	96943.3	43963.9	14112.4	20699.3	32280.1	0	322300	814.198	11493.2	1495.71	239888	0.0521583	5.87705e-14	18.0809
228014	0	328453	0	1949.87	0	2012.47	1.93731e+06	33105.7	239479	1.20013e+06	231988	464593	99130.3	44220.3	14383.5	20817.6	34092.4	0	325238	822.301	11667.8	1513.35	239890	0.0521583	6.84554e-14	18.1988
236104	0	331500	0	2611.43	0	2203.56	1.94305e+06	39399.6	239497	1.20013e+06	238298	464020	100206	44395.8	14592.8	21510	34300.7	0	328489	830.404	12254.6	1531	239890	0.0593525	7.78705e-14	18.4873
236104	0	334653	0	2111.46	0	2186.73	1.94176e+06	38918.8	239274	1.20013e+06	237632	463442	101747	44700.5	14796.8	22009.9	35036.5	0	331689	838.506	12470.5	1548.65	239890	0.0611511	3.8884e-14	18.6466
236393	0	337829	0	1962.97	0	2095.76	1.94e+06	38330.3	238687	1.20013e+06	236556	462855	103764	45088.9	15082.8	22207.3	36468.2	0	334844	846.609	12627.2	1566.31	239892	0.057554	3.88278e-14	18.7821
238128	0	340873	0	1938	0	2173.07	1.94046e+06	39427.1	238623	1.20013e+06	237599	462285	104717	45355.5	15268	22525.5	36836.4	0	337962	854.712	12946.2	1583.97	239892	0.0611511	3.87506e-14	18.9473
238128	0	343811	0	1709.58	0	2199.45	1.93927e+06	39009.5	238419	1.20013e+06	237012	461711	105861	45585.9	15387.5	22753.9	37521.6	0	341025	862.814	13199.8	1601.64	239894	0.0611511	5.80549e-14	19.0985
240730	0	346485	0	1845.94	0	2145.82	1.94061e+06	40887.4	238432	1.20013e+06	238901	461158	106569	45778.5	15506.6	23057.4	37733	0	344046	870.917	13594.2	1619.31	239909	0.0611511	5.79279e-14	19.2662
243907	1.35525e-14	349146	0	1880.87	0	2115.3	1.94196e+06	42972.6	238257	1.20013e+06	240840	460607	107928	46011.6	15639.2	23559.6	38356.9	0	347022	879.02	13993.4	1636.98	239935	0.0629496	5.7788e-14	19.459
243907	0	351905	0	1672.24	0	2068.97	1.93977e+06	41969	237635	1.20013e+06	239321	460036	110120	46382.6	15792.4	23768.3	39969.4	0	349878	887.122	14179.8	1654.66	239953	0.0629496	6.73425e-14	19.599
243907	0	354613	0	1605.13	0	2110.59	1.93877e+06	41651.1	237520	1.20013e+06	238908	459468	110891	46634.3	15899.1	23835.4	40421.1	0	352727	895.225	14451.2	1672.35	239960	0.0629496	6.72672e-14	19.7132
243907	0	357304	0	1461.31	0	2033.56	1.93598e+06	40395.5	236575	1.20013e+06	236867	458880	113642	47006.2	16055.6	23979.2	42656.7	0	355512	903.328	14607.3	1690.04	239970	0.0593525	6.71926e-14	19.8429
243907	0	359892	0	1351.14	0	1882.64	1.93252e+06	38806	235306	1.20013e+06	234223	458276	117100	47467.7	16286.8	24089.4	45542.9	0	358127	911.43	14696.5	1707.73	239971	0.044964	6.7121e-14	19.9666
244197	0	362407	0	1309.34	0	1913.95	1.93022e+06	37996.6	234409	1.20013e+06	232669	457682	119542	47785.7	16448.1	24180.1	47576.5	0	360630	919.533	14859.7	1725.42	239973	0.0539568	2.8733e-14	20.059
259509	0	365071	0	3430.94	0	2055.5	1.94187e+06	50076.3	234517	1.20013e+06	244838	457144	120107	48113.5	16744.3	24399	47594.6	0	363824	927.636	15809.8	1743.12	240002	0.0647482	4.75367e-14	20.477
259509	0	367647	0	2401.03	0	1990.31	1.94015e+06	49087.5	234311	1.20013e+06	243678	456620	122606	48798.3	16900.6	25428.9	48378.6	0	366551	935.738	16033.9	1760.82	240057	0.0665468	6.64815e-14	20.6444
259509	0	370066	0	2132.01	0	1943.1	1.93818e+06	48085.8	233920	1.20013e+06	242352	456047	124599	49355.7	17034	25698	49545.3	0	369117	943.841	16249.8	1778.52	240065	0.0665468	3.7952e-14	20.7687
259509	0	372344	0	1929.35	0	1784.15	1.93568e+06	46750.6	233337	1.20013e+06	240533	455467	127130	50065.2	17239.6	25900.6	51164.5	0	371511	951.944	16393.7	1796.22	240071	0.0611511	4.7396e-14	20.892
259509	0	374502	0	1765.25	0	1758.42	1.93249e+06	45099.5	232392	1.20013e+06	238096	454873	130321	50642.4	17385.6	26064.7	53613.9	0	373704	960.046	16531.7	1813.93	240072	0.0611511	6.62961e-14	21.0045
259509	0	376627	0	1628.08	0	1786.3	1.93023e+06	44041.1	231772	1.20013e+06	236523	454292	132493	51074.6	17506.9	26201.9	55216.2	0	375897	968.149	16731.2	1831.64	240075	0.0647482	5.67762e-14	21.1024
260375	0	378814	0	1625.03	0	1796.78	1.92763e+06	43119.8	230683	1.20013e+06	234698	453699	135766	51535.1	17641.7	26351.3	57879.9	0	378129	976.252	16903.6	1849.35	240085	0.0647482	7.56078e-14	21.204
260375	0	381081	0	1504.09	0	1828.07	1.92452e+06	41648.3	229642	1.20013e+06	232362	453105	138829	51954.1	17767.6	26472.3	60402.8	0	380394	984.354	17041.9	1867.06	240089	0.0611511	5.66537e-14	21.2919
260375	0	383351	0	1401.89	0	1875.09	1.9225e+06	40801.6	229047	1.20013e+06	231021	452525	140721	52263.4	17876.3	26574.5	61882.7	0	382733	992.457	17248.5	1884.78	240093	0.0647482	4.7168e-14	21.3702
260375	0	385437	0	1313.68	0	1637.49	1.91878e+06	39001.2	227724	1.20013e+06	228122	451924	144454	52785.1	18109.5	26662.7	65006.2	0	384894	1000.56	17301.3	1902.49	240096	0.0305755	4.71281e-14	21.4665
260375	0	387220	0	1243.32	0	1411.65	1.91476e+06	37087.1	226231	1.20013e+06	224968	451319	148480	53294.9	18376.1	26733	68452.5	0	386685	1008.66	17332.4	1920.21	240097	0.0251799	6.59318e-14	21.5501
261242	0	388779	0	1303.97	0	1255.74	1.91128e+06	35845.3	224597	1.20013e+06	222369	450711	152709	53728.4	18647.2	26819	72161.7	0	388183	1016.76	17368.7	1937.93	240103	0.0233813	4.7048e-14	21.6259
266442	0	390241	0	1796.33	0	1418.99	1.91428e+06	39715.3	224301	1.20013e+06	225993	450140	154067	53914.6	18770.8	27205.7	72946.6	0	389695	1024.87	17688.6	1955.65	240105	0.0485612	3.75373e-14	21.7456
288105	0	391724	0	3764.61	0	1774.05	1.9302e+06	55913.1	224550	1.20013e+06	242398	449608	156473	54160.2	18908.3	28404.6	73908.5	0	392052	1032.97	19037.6	1973.37	240148	0.0791367	4.6488e-14	22.1495
295905	0	393497	0	3983.31	0	1810.54	1.93462e+06	58422.1	226891	1.20013e+06	246851	449179	158874	54749.8	19026.8	29504.3	74619.6	0	394421	1041.07	19770.3	1991.1	240289	0.0845324	5.55731e-14	22.3283
296194	0	395409	0	3343.19	0	1658.81	1.93077e+06	55973.3	226020	1.20013e+06	243679	448648	163512	55702.9	19172.5	30193.3	77616	0	396474	1049.18	19886.8	2008.82	240351	0.0557554	7.40326e-14	22.415
296194	0	397392	0	2987.86	0	1632.55	1.92491e+06	52292.8	224453	1.20013e+06	238697	448039	169651	56610.6	19314.2	30548.7	82492	0	398405	1057.28	19933.2	2026.55	240352	0.0251799	4.6234e-14	22.5127
297061	0	399358	0	2818.6	0	1539.08	1.92093e+06	50116.4	223246	1.20013e+06	235518	447442	174568	57622.5	19547.5	30864.6	86081.3	0	400322	1065.38	20006.6	2044.28	240357	0.0323741	5.54184e-14	22.6199
297061	0	401255	0	2634.98	0	1461.73	1.9161e+06	47231.8	221902	1.20013e+06	231517	446842	179515	58546.4	19795	31048.2	89920.3	0	402108	1073.48	20047.1	2062.01	240359	0.0251799	5.53767e-14	22.7178
297061	0	403135	0	2459.45	0	1418.59	1.91158e+06	44656.6	220555	1.20013e+06	227824	446244	184149	59293.5	20058.7	31223.7	93631.9	0	403820	1081.59	20082.5	2079.74	240360	0.0251799	6.45581e-14	22.8061
297061	0	404942	0	2300.03	0	1430.05	1.90729e+06	42350.7	219166	1.20013e+06	224364	445646	188532	59800.1	20272.8	31383.1	97349.2	0	405462	1089.69	20126.1	2097.47	240362	0.0251799	6.45119e-14	22.8716
297061	0	406343	0	2159.24	0	1172.78	1.90197e+06	39475.1	217328	1.20013e+06	219962	445037	193963	60323.5	20553.9	31523.9	102116	0	406865	1097.79	20132.9	2115.2	240364	0.00899281	6.44761e-14	22.9342
297061	0	407656	0	2036.8	0	1113.61	1.89689e+06	36866	215472	1.20013e+06	215811	444427	199122	60716.8	20780.3	31646.3	106759	0	408040	1105.89	20145.4	2132.93	240366	0.0125899	3.68244e-14	22.9881
297061	0	408896	0	1919.88	0	1076.65	1.89231e+06	34622.7	213733	1.20013e+06	212124	443822	203783	61066.4	20999	31763.3	110953	0	409134	1114	20162.6	2150.66	240367	0.0125899	5.52095e-14	23.0418
297350	0	410095	0	1860.38	0	1016	1.88878e+06	33124.1	212296	1.20013e+06	209432	443228	207609	61372.5	21252.3	31871.6	114364	0	410185	1122.1	20189.8	2168.39	240375	0.0161871	6.43732e-14	23.0931
298507	0	411291	0	1906.25	0	1072.02	1.88742e+06	33159.2	211474	1.20013e+06	208785	442654	209969	61591.5	21452.3	32021.3	116356	0	411227	1130.2	20274.3	2186.12	240381	0.0233813	5.51258e-14	23.1475
298507	0	412447	0	1788.9	0	965.543	1.88438e+06	31843.4	210337	1.20013e+06	206525	442072	213062	61879.5	21737.4	32138.6	119044	0	412256	1138.3	20308.1	2203.86	240383	0.0233813	4.59173e-14	23.1954
301109	0	413574	0	1999.74	0	1169.81	1.88545e+06	33741	210063	1.20013e+06	208194	441517	214173	61976.9	21827.4	32367.6	119828	0	413292	1146.41	20494.3	2221.59	240386	0.0269784	5.50198e-14	23.2649
301398	0	414634	0	1876.33	0	1151	1.88294e+06	32857.3	209013	1.20013e+06	206439	440939	216970	62125.1	21934.7	32539.9	122305	0	414383	1154.51	20595.5	2239.32	240392	0.0305755	3.66604e-14	23.3074
301398	0	415547	0	1752.53	0	934.512	1.87964e+06	31433.7	207723	1.20013e+06	203944	440355	220325	62347.7	22152.4	32663.7	125313	0	415354	1162.61	20636.1	2257.05	240394	0.0251799	5.49708e-14	23.3457
301687	0	416370	0	1677.45	0	772.51	1.87651e+06	30241.3	206375	1.20013e+06	201632	439768	223758	62569.7	22410.5	32787.7	128401	0	416130	1170.72	20668.5	2274.79	240400	0.0251799	5.49468e-14	23.382
302554	0	416988	0	1686.74	0	840.852	1.87613e+06	30717	206076	1.20013e+06	201859	439213	224794	62637.3	22494.6	32925	129231	0	416789	1178.82	20843.9	2292.52	240401	0.0323741	3.66098e-14	23.4086
302554	0	417589	0	1575.86	0	697.431	1.87263e+06	29269.5	204611	1.20013e+06	199195	438624	228341	62776.8	22680.8	33035.9	132529	0	417403	1186.92	20882.5	2310.24	240401	0.0251799	5.49017e-14	23.4309
340107	0	418808	0	4177.05	0	1487.69	1.9021e+06	58319.7	205589	1.20013e+06	229058	438064	232285	62882.2	22895.8	35358.8	134044	0	419148	1195.02	22395.8	2327.97	240407	0.0755396	3.60518e-14	23.6544
340107	0	420171	0	4108.45	0	1192.78	1.89578e+06	53737.5	204335	1.20013e+06	223434	437578	238620	64488.7	23158.7	35427.4	138704	0	420590	1203.13	22425.1	2345.7	240508	0.0251799	7.20656e-14	23.7565
340107	0	421468	0	3795.79	0	1080.3	1.88913e+06	49264.8	202754	1.20013e+06	217649	436980	245547	65757.7	23415.1	35740	144049	0	421772	1211.23	22436.6	2363.42	240508	0.0125899	5.40221e-14	23.8476
340107	0	422568	0	3457.31	0	1095.54	1.88407e+06	46152.1	201396	1.20013e+06	213408	436391	250876	66442.7	23546.3	36078.5	148355	0	422787	1219.33	22480	2381.14	240508	0.0215827	4.49993e-14	23.9032
340107	0	423469	0	3217.21	0	965.589	1.87945e+06	43412.7	200105	1.20013e+06	209596	435806	255662	67079.4	23714.3	36318.6	152264	0	423712	1227.43	22524.4	2398.86	240508	0.0233813	3.59869e-14	23.9507
340396	0	424254	0	3061.21	0	862.931	1.87694e+06	42167.7	199401	1.20013e+06	207766	435242	258504	67568.6	23896.8	36523.5	154412	0	424525	1235.54	22614.7	2416.58	240511	0.0269784	5.39579e-14	23.9884
340685	0	424889	0	2861.14	0	842.735	1.8755e+06	41645.5	199032	1.20013e+06	206938	434693	260262	67859	24003.4	36772.4	155631	0	425237	1243.64	22760.2	2434.3	240512	0.0305755	4.49489e-14	24.0142
345889	0	425536	0	3288.62	0	919.772	1.87903e+06	45711.3	199035	1.20013e+06	211007	434158	261139	68084.9	24115	37224.7	155830	0	426053	1251.74	23099.7	2452.02	240512	0.044964	6.27866e-14	24.1053
365241	0	426349	0	5987.26	0	1438.3	1.89368e+06	58412.8	201472	1.20013e+06	225731	433672	261832	68271.7	24187.9	37625	155935	0	427575	1259.84	24381.8	2469.73	240559	0.0809353	7.1203e-14	24.382
365241	0	427169	0	4278.15	0	1061.79	1.88873e+06	54925.8	200445	1.20013e+06	221392	433232	268393	69115.1	24335.4	39334.1	159944	0	428717	1267.95	24457.9	2487.44	240694	0.0377698	5.33855e-14	24.4328
365241	0	428011	0	3882.07	0	866.634	1.88239e+06	50637.2	198984	1.20013e+06	215890	432644	275086	70242.8	24536.8	39730.2	165113	0	429586	1276.05	24473.2	2505.15	240694	0.0161871	4.44736e-14	24.5057
365241	0	428743	0	3573.28	0	834.024	1.87878e+06	48413.7	198160	1.20013e+06	212982	432082	278906	70930.7	24680.6	40039	167936	0	430297	1284.15	24545.9	2522.86	240694	0.0269784	4.44612e-14	24.543
365241	0	429220	0	3281.89	0	657.032	1.87429e+06	45666.7	196982	1.20013e+06	209257	431508	283626	71532.7	24835.4	40330.4	171763	0	430858	1292.26	24589.9	2540.56	240694	0.0269784	3.55625e-14	24.5664
365530	0	429551	0	3049.2	0	581.924	1.87188e+06	44461	196333	1.20013e+06	207512	430956	286409	71927.4	24936.7	40611.9	173870	0	431302	1300.36	24710.8	2558.27	240696	0.0305755	5.33311e-14	24.5822
365530	0	429847	0	2820.28	0	455.471	1.86781e+06	42106.3	195189	1.20013e+06	204207	430387	290631	72420.4	25080.2	40840.8	177370	0	431646	1308.46	24759	2575.97	240696	0.028777	4.44375e-14	24.6061
365530	0	430127	0	2607.04	0	401.947	1.8646e+06	40356.2	194291	1.20013e+06	201712	429829	293950	72825.1	25227.8	41054.1	180071	0	431923	1316.56	24832.9	2593.66	240696	0.0305755	5.33194e-14	24.6252
367843	0	430286	0	2715.74	0	314.174	1.86372e+06	40783	193531	1.20013e+06	201507	429277	296872	73216.7	25391.6	41336.4	182319	0	432166	1324.67	24974.6	2611.36	240699	0.0359712	5.32691e-14	24.6754
367843	0	430387	0	2507.36	0	43.4758	1.85906e+06	38092.7	192137	1.20013e+06	197659	428705	301709	73810.8	25655.3	41544.8	186353	0	432295	1332.77	24977.5	2629.05	240699	0.00539568	2.66335e-14	24.7092
381707	0	430516	0	3569.46	0	320.189	1.86856e+06	48514.4	191746	1.20013e+06	207756	428167	304480	74075	25839.2	42826.3	187579	0	432492	1340.87	25487.9	2646.74	240701	0.0557554	6.18151e-14	24.8873
381707	0	430631	0	3194.64	0	249.313	1.86464e+06	46087.3	190804	1.20013e+06	204547	427621	308668	74620.1	25957.7	43201.1	190847	0	432654	1348.97	25565.2	2664.43	240714	0.0377698	5.2982e-14	24.9048
381996	0	430708	0	2940.31	0	162.329	1.86116e+06	44110.3	189858	1.20013e+06	201784	427063	312588	75149.6	26097.1	43504.3	193934	0	432775	1357.08	25644.4	2682.11	240718	0.0395683	4.41456e-14	24.9297
381996	0	430731	0	2716.64	0	5.98741	1.85608e+06	41015.9	188447	1.20013e+06	197518	426491	317857	75804.7	26245.4	43728	198325	0	432828	1365.18	25649.3	2699.79	240718	0.00719424	4.41452e-14	24.9558
383151	0	430733	0	2672.5	0	-4.82809e-16	1.85298e+06	39661.7	187264	1.20013e+06	195181	425931	322100	76249.3	26296.2	43967.4	201883	0	432832	1373.28	25678.2	2717.47	240723	0.0179856	5.2951e-14	24.9822
383151	0	430733	0	2471.02	0	3.89635e-16	1.84926e+06	37597.5	186164	1.20013e+06	192203	425373	325970	76670.7	26341.3	44168.8	205130	0	432833	1381.38	25706	2735.14	240723	0.0197842	6.17761e-14	25.0023
384018	0	430734	0	2403.65	0	-7.11508e-16	1.84697e+06	36756.3	185265	1.20013e+06	190616	424823	329105	76994.1	26420.2	44382.8	207729	0	432836	1389.49	25769.7	2752.81	240727	0.0233813	4.41113e-14	25.0299
384018	0	430734	0	2219.88	0	7.14337	1.84542e+06	36109.1	184895	1.20013e+06	189661	424292	330704	77220.4	26525.9	44566.6	208917	0	432848	1397.59	25877.4	2770.48	240727	0.028777	4.41113e-14	25.0376
393549	0	430734	0	3026.22	0	204.847	1.85189e+06	43361.6	184638	1.20013e+06	196700	423768	332518	77362.7	26646.4	45371.5	209784	0	432961	1405.69	26290.8	2788.15	240728	0.0503597	3.51621e-14	25.2093
395572	0	430734	0	2920.88	0	205.582	1.85129e+06	43801.4	184122	1.20013e+06	196712	423241	334999	77596	26744.8	45818.7	211585	0	433104	1413.8	26514.7	2805.81	240739	0.057554	1.75676e-14	25.2312
395572	0	430734	0	2637.49	0	87.6347	1.84773e+06	41737	183169	1.20013e+06	193856	422696	338747	77943.7	26853.9	46102.1	214701	0	433202	1421.9	26586.6	2823.47	240746	0.0341727	3.51352e-14	25.2514
395572	0	430734	0	2413.12	0	16.9907	1.84413e+06	39694	182160	1.20013e+06	190975	422144	342497	78315.8	26951	46326.4	217855	0	433246	1430	26639.3	2841.13	240746	0.0305755	6.14867e-14	25.2728
395572	0	430734	0	2227.42	0	5.33512	1.84091e+06	37964.9	181226	1.20013e+06	188470	421596	345803	78607.8	27031.5	46512.1	220683	0	433261	1438.1	26705.1	2858.78	240746	0.0305755	4.3919e-14	25.2886
395572	0	430734	0	2080.64	0	-4.15046e-16	1.83616e+06	35300.8	179699	1.20013e+06	184537	421031	350678	78973	27054.7	46658.9	225046	0	433263	1446.21	26707.6	2876.43	240746	0.00539568	2.63514e-14	25.3084
405106	0	430734	0	2937.43	0	147.499	1.84249e+06	42450.7	179397	1.20013e+06	191437	420511	352633	79158.1	27210.5	47413.8	226061	0	433344	1454.31	27074.3	2894.07	240748	0.057554	3.50093e-14	25.526
410304	0	430734	0	3117.07	0	224.466	1.84406e+06	45125.6	178804	1.20013e+06	193619	419998	355716	79458.1	27344.2	48113	228145	0	433494	1462.41	27417.1	2911.71	240769	0.0629496	5.24115e-14	25.6791
410304	0	430734	0	2786.53	0	191.926	1.84205e+06	44012.4	178419	1.20013e+06	192186	419492	357849	79723	27431.4	48443.5	229683	0	433632	1470.51	27592	2929.35	240787	0.0683453	5.24115e-14	25.6832
410304	0	430734	0	2536.78	0	83.0311	1.83804e+06	41624	177340	1.20013e+06	188902	418944	362036	80054	27525.2	48693.2	233288	0	433718	1478.62	27645.9	2946.99	240789	0.0305755	5.24115e-14	25.6905
421280	0	430734	0	3341.54	0	305.029	1.84367e+06	48526.2	176596	1.20013e+06	195186	418420	365963	80376.4	27691.9	49743.8	235843	0	433930	1486.72	28228.5	2964.62	240803	0.0719424	6.0896e-14	25.8813
421280	0	430734	0	2985.9	0	153.588	1.84063e+06	46558.4	176001	1.20013e+06	192724	417939	369232	80902.4	27811.3	50099.5	238230	0	434084	1494.82	28333.4	2982.25	240853	0.0521583	4.34972e-14	25.8947
421280	0	430734	0	2715.89	0	37.516	1.83665e+06	44050.4	175072	1.20013e+06	189445	417397	373401	81452.6	27924.7	50369.5	241579	0	434159	1502.92	28387.8	2999.87	240854	0.0305755	4.34972e-14	25.9201
421280	0	430734	0	2490.93	0	1.5406	1.83274e+06	41656.3	174101	1.20013e+06	186244	416855	377468	81965.2	27998.6	50594.4	244908	0	434179	1511.03	28428	3017.49	240854	0.028777	4.34972e-14	25.9446
423593	0	430734	0	2582.62	0	28.5737	1.83185e+06	41975.5	173418	1.20013e+06	185996	416327	380411	82308.5	28111.3	50893.7	247209	0	434201	1519.13	28571.8	3035.11	240858	0.0395683	3.47677e-14	25.9965
423593	0	430734	0	2370.83	0	5.1669e-16	1.82782e+06	39562.9	172348	1.20013e+06	182695	415785	384598	82764.9	28172.5	51105.5	250728	0	434209	1527.23	28595	3052.73	240858	0.0197842	4.34596e-14	26.0139
423593	0	430734	0	2189.51	0	7.67382	1.82529e+06	38212.2	171689	1.20013e+06	180797	415261	387208	83031.1	28256.6	51286.8	252890	0	434215	1535.34	28675.1	3070.33	240859	0.0305755	3.47677e-14	26.0222
427925	0	430734	0	2529.9	0	90.4402	1.8272e+06	40973.2	171350	1.20013e+06	183276	414752	389010	83262.9	28388	51678.9	254068	0	434269	1543.44	28925.7	3087.94	240861	0.0503597	2.60337e-14	26.0904
428215	0	430734	0	2323.8	0	16.3424	1.82406e+06	39249.1	170467	1.20013e+06	180819	414220	392568	83629.4	28494.4	51933.8	257004	0	434305	1551.54	28976.7	3105.54	240867	0.0305755	4.33848e-14	26.1067
428215	0	430734	0	2139.38	0	7.41154e-16	1.82056e+06	37245.3	169499	1.20013e+06	178011	413686	396206	84003.4	28546.8	52118.3	260085	0	434312	1559.64	29002.5	3123.14	240868	0.0215827	3.47078e-14	26.1197
428215	0	430734	0	1988.44	0	-4.82809e-16	1.81806e+06	35932.3	168834	1.20013e+06	176146	413165	398771	84313.2	28621.4	52269.2	262189	0	434315	1567.75	29061.9	3140.73	240869	0.0269784	4.33848e-14	26.1345
428215	0	430734	0	1847.44	0	1.94818e-16	1.81508e+06	34361.3	167957	1.20013e+06	173847	412637	401825	84593.1	28675.3	52410.2	264821	0	434316	1575.85	29099.5	3158.32	240870	0.0269784	3.47078e-14	26.1489
428215	0	430734	0	1731.85	0	-4.15046e-16	1.81218e+06	32860.5	167082	1.20013e+06	171619	412112	404793	84881.6	28716.1	52525.8	267385	0	434317	1583.95	29123.4	3175.91	240871	0.0215827	4.33848e-14	26.1636
428215	0	430734	0	1630.04	0	9.31736e-17	1.80908e+06	31272.6	166095	1.20013e+06	169212	411585	407960	85150.4	28742.7	52627.6	270182	0	434317	1592.05	29132.9	3193.49	240873	0.00899281	3.47078e-14	26.1773
432261	0	430734	0	2037.49	0	52.7468	1.81112e+06	34114.7	165795	1.20013e+06	171804	411086	409350	85291.8	28863.1	52904.1	271154	0	434343	1600.16	29314.1	3211.07	240876	0.0305755	5.19833e-14	26.2064
432839	0	430734	0	1930.15	0	47.7388	1.81044e+06	34155.3	165566	1.20013e+06	171655	410589	410555	85461.4	28980.8	53109.2	271985	0	434387	1608.26	29453.4	3228.64	240879	0.0341727	4.33101e-14	26.2179
432839	0	430734	0	1784.6	0	8.20109	1.80862e+06	33320.7	165090	1.20013e+06	170425	410084	412411	85678.4	29088.8	53254.8	273478	0	434416	1616.36	29533.4	3246.21	240881	0.0341727	4.33101e-14	26.2296
432839	0	430734	0	1666.29	0	5.42101e-16	1.80575e+06	31873.1	164189	1.20013e+06	168229	409563	415348	85893.3	29135.5	53373.1	276082	0	434420	1624.46	29558.1	3263.78	240882	0.0215827	3.46481e-14	26.2406
432839	0	430734	0	1565.49	0	2.5411e-16	1.80293e+06	30471.7	163287	1.20013e+06	166078	409044	418232	86125.7	29166	53473.9	278633	0	434420	1632.57	29571.5	3281.34	240884	0.0143885	5.19721e-14	26.2517
432839	0	430734	0	1477.02	0	1.01644e-16	1.80039e+06	29254.2	162475	1.20013e+06	164187	408532	420825	86348	29194.1	53562.4	280915	0	434421	1640.67	29582.5	3298.9	240886	0.0125899	4.33101e-14	26.2605
432839	0	430734	0	1401.23	0	-6.77626e-16	1.79852e+06	28446.4	161915	1.20013e+06	162914	408031	422710	86544.7	29244.4	53638.2	282528	0	434422	1648.77	29616.3	3316.45	240888	0.0179856	3.46481e-14	26.2682
455365	0	430734	0	2963.73	0	272.938	1.81561e+06	46327.6	161613	1.20013e+06	180544	407541	425880	86700.6	29457.1	55714.8	283465	0	434634	1656.88	30296.4	3334	240892	0.0503597	4.29502e-14	26.4847
455365	0	430734	0	2935.71	0	74.0758	1.81203e+06	43869.6	160982	1.20013e+06	177562	407049	429400	87399.6	29610.5	55742.8	286258	0	434760	1664.98	30359.2	3351.55	240916	0.0323741	4.29502e-14	26.5137
455365	0	430734	0	2721.57	0	-3.38813e-17	1.80725e+06	40687.1	159919	1.20013e+06	173497	406520	434361	88141.9	29676.2	55956.9	290262	0	434789	1673.08	30362.2	3369.09	240918	0.00539568	2.57701e-14	26.5473
455365	0	430734	0	2531.63	0	5.50571e-17	1.80284e+06	37868.2	158854	1.20013e+06	169793	405994	438933	88770.2	29695.6	56146.9	294016	0	434789	1681.18	30364.4	3386.63	240921	0.00539568	4.29502e-14	26.5796
455365	0	430734	0	2364.57	0	1.35525e-16	1.79916e+06	35651.3	157903	1.20013e+06	166787	405475	442752	89230.9	29721.2	56313.9	297207	0	434789	1689.29	30372.9	3404.16	240923	0.00719424	3.43601e-14	26.6033
464033	0	430734	0	3144.39	0	79.7886	1.80498e+06	42186	157677	1.20013e+06	173134	404991	444565	89434.9	29851.2	56999.4	298131	0	434823	1697.39	30598.4	3421.69	240927	0.0341727	3.42506e-14	26.64
472120	0	430734	0	3499.29	0	201.005	1.80922e+06	47342.4	157251	1.20013e+06	177936	404495	447680	89746.1	29980.5	58011.6	299922	0	434947	1705.49	30956.1	3439.21	240931	0.0521583	3.4149e-14	26.6963
472120	0	430734	0	3179.18	0	13.5749	1.80431e+06	43873	156315	1.20013e+06	173690	403991	452872	90621.5	30122.9	58331.7	303919	0	435020	1713.59	30966.4	3456.73	240951	0.0107914	5.12236e-14	26.737
472120	0	430734	0	2919.42	0	-8.47033e-17	1.8005e+06	41361.7	155525	1.20013e+06	170523	403480	456894	91235.7	30173	58591.4	307067	0	435026	1721.7	30991.3	3474.24	240954	0.0161871	3.4149e-14	26.7609
473566	0	430734	0	2866.85	0	74.4311	1.80064e+06	42075.1	155427	1.20013e+06	171155	403005	458068	91488.6	30252.5	58888.4	307691	0	435047	1729.8	31149	3491.75	240958	0.0341727	4.26637e-14	26.7822
489747	0	430734	0	4382.78	0	462.606	1.81194e+06	53630.8	155634	1.20013e+06	182882	402545	460593	91791.7	30392.9	60074.1	308727	0	435349	1737.9	31961.7	3509.26	240982	0.0647482	4.24122e-14	27.048
489747	0	430734	0	3761.73	0	173.457	1.80735e+06	50172.6	154943	1.20013e+06	178850	402108	465730	92715.4	30540.9	60695.1	312320	0	435552	1746	32005.7	3526.76	241058	0.0251799	5.08946e-14	27.077
489747	0	430734	0	3411.87	0	6.9493	1.80232e+06	46500.7	154097	1.20013e+06	174476	401597	471077	93862.6	30659.6	61045	316169	0	435624	1754.11	32012.9	3544.26	241061	0.00719424	3.39297e-14	27.1159
494369	0	430734	0	3812.02	0	111.899	1.80503e+06	49706.7	154064	1.20013e+06	177654	401129	472321	94284.5	30766.6	61426.1	316610	0	435677	1762.21	32260	3561.76	241064	0.0521583	5.08091e-14	27.1557
494947	0	430734	0	3420.63	0	39.4105	1.80264e+06	48194.7	153666	1.20013e+06	175812	400648	475556	95021.3	30898.2	61915.3	318620	0	435734	1770.31	32358.6	3579.25	241076	0.0467626	3.38656e-14	27.1904
495236	0	430734	0	3160.07	0	9.64274	1.8004e+06	46785.1	153326	1.20013e+06	174119	400165	478217	95676.6	31011	62224.7	320316	0	435764	1778.42	32454.7	3596.73	241081	0.0431655	5.0793e-14	27.2192
495525	0	430734	0	2960.85	0	-1.82112e-16	1.79766e+06	45035.5	152821	1.20013e+06	171950	399676	481359	96288.3	31093.9	62472.8	322598	0	435774	1786.52	32520.2	3614.21	241087	0.0341727	4.23231e-14	27.2479
506798	0	430734	0	4170.88	0	327.167	1.80559e+06	53295	152935	1.20013e+06	180305	399235	482762	96671.6	31280.4	63168.4	322922	0	435979	1794.62	33221.3	3631.69	241113	0.0755396	4.21503e-14	27.5081
507666	0	430734	0	3650.35	0	230.493	1.80426e+06	52540.3	152750	1.20013e+06	179396	398841	485257	97277.3	31402.2	63835.5	324144	0	436173	1802.72	33422.9	3649.16	241198	0.0755396	5.05645e-14	27.5284
511134	0	430734	0	3607.93	0	270.493	1.80518e+06	53898.8	152759	1.20013e+06	180762	398393	487462	97785.7	31528	64464.2	325212	0	436384	1810.83	33782.7	3666.63	241226	0.0809353	3.36674e-14	27.5708
511134	0	430734	0	3429.9	0	149.959	1.80241e+06	51943.5	152405	1.20013e+06	178513	397936	490273	98397	31631.6	64642.2	327233	0	436526	1818.93	33890.2	3684.1	241256	0.0611511	4.20843e-14	27.5847
533375	0	430734	0	5920.08	0	893.227	1.81893e+06	60924.2	160323	1.20013e+06	194070	397553	491937	98718.2	31714.8	65456	327763	0	437263	1827.03	35436.3	3701.56	241341	0.0881295	5.84481e-14	27.9164
549837	0	430734	0	6574.19	0	965.355	1.83064e+06	63488.2	169566	1.20013e+06	204309	397459	494734	99323	31833.3	66718.9	328693	0	438362	1835.13	36708.2	3719.01	241720	0.0863309	4.98043e-14	28.2845
550126	0	430734	0	6004.82	0	437.34	1.82874e+06	61930.3	169562	1.20013e+06	202749	397115	497294	100292	31979.4	67337.2	329666	0	438940	1843.24	36886.3	3736.47	241848	0.0845324	4.97992e-14	28.319
553014	0	430734	0	5819.98	0	407.168	1.82961e+06	63033.8	169758	1.20013e+06	204015	396686	499071	100702	32056	68010.3	330359	0	439312	1851.34	37287.4	3753.92	241887	0.0881295	5.80393e-14	28.3654
564572	0	430734	0	6419	0	580.019	1.83559e+06	63662.8	175243	1.20013e+06	209199	396558	503179	101413	32194.9	69365	332401	0	439856	1859.44	38125.8	3771.36	242241	0.0899281	6.60587e-14	28.6255
568040	0	430734	0	6401.16	0	527.817	1.83706e+06	63601.2	177001	1.20013e+06	210598	396328	504712	101736	32253.4	69969.1	333007	0	440329	1867.54	38587.7	3788.8	242477	0.0899281	5.77304e-14	28.6467
568618	0	430734	0	6302.66	0	433.99	1.83669e+06	63556.5	177075	1.20013e+06	210614	395934	505415	102026	32304.9	70165.4	333224	0	440701	1875.65	38900.1	3806.24	242547	0.0917266	4.94731e-14	28.6661
568618	0	430734	0	5946.46	0	265.083	1.83436e+06	61887.6	176864	1.20013e+06	208770	395486	507916	102690	32400.5	70521.6	334705	0	440950	1883.75	39058.3	3823.68	242571	0.0845324	5.77186e-14	28.7053
568618	0	430734	0	5666.62	0	215.368	1.83266e+06	60756.5	176741	1.20013e+06	207537	395032	509678	103251	32487.2	70801.4	335625	0	441130	1891.85	39258.1	3841.11	242586	0.0863309	3.2982e-14	28.7366
568618	0	430734	0	5508.41	0	146.435	1.8302e+06	59029.9	176472	1.20013e+06	205586	394573	512127	103901	32584.4	70959.6	337266	0	441259	1899.96	39397.5	3858.53	242601	0.0773381	3.2982e-14	28.7623
568618	0	430734	0	5316.41	0	162.368	1.82806e+06	57615.8	176205	1.20013e+06	203951	394113	514262	104287	32653.4	71151.6	338823	0	441364	1908.06	39570.2	3875.96	242613	0.0845324	4.94731e-14	28.7618
568618	0	430734	0	5089.03	0	128.059	1.82581e+06	56061	175962	1.20013e+06	202194	393656	516567	104927	32754.3	71379	340261	0	441465	1916.16	39720.9	3893.38	242627	0.0845324	3.2982e-14	28.7896
568618	0	430734	0	4856.08	0	78.5521	1.82314e+06	54192.8	175626	1.20013e+06	200047	393189	519329	105621	32861.4	71612	342096	0	441542	1924.26	39837.6	3910.79	242637	0.0629496	4.12275e-14	28.8196
568618	0	430734	0	4818.06	0	47.7273	1.82025e+06	52190.9	175214	1.20013e+06	197703	392716	522122	106240	32964.2	71650	344232	0	441593	1932.37	39943.6	3928.2	242643	0.0521583	4.94731e-14	28.8371
568618	0	430734	0	4648.37	0	80.5553	1.81818e+06	50867.6	174937	1.20013e+06	196149	392252	524178	106675	33054.6	71819.7	345684	0	441641	1940.47	40096.9	3945.61	242649	0.0701439	3.2982e-14	28.8451
568618	0	430734	0	4518.1	0	125.254	1.81596e+06	49448.9	174591	1.20013e+06	194444	391788	526352	107011	33126.5	71949.9	347391	0	441700	1948.57	40255.5	3963.01	242659	0.0755396	3.2982e-14	28.8469
568618	0	430734	0	4461.54	0	100.249	1.81342e+06	47803.4	174165	1.20013e+06	192444	391321	528802	107446	33220.7	72006.5	349350	0	441768	1956.67	40375.3	3980.41	242669	0.0701439	4.12275e-14	28.8461
568618	0	430734	0	4344.36	0	65.2415	1.81103e+06	46291.1	173755	1.20013e+06	190592	390853	531173	107920	33324.7	72123.7	351129	0	441827	1964.78	40485.9	3997.8	242676	0.0629496	4.94731e-14	28.851
568618	0	430734	0	4188.11	0	0.263551	1.8088e+06	44846.4	173431	1.20013e+06	188878	390391	533479	108689	33430.4	72279.9	352510	0	441860	1972.88	40542.2	4015.19	242681	0.028777	4.12275e-14	28.8826
568618	0	430734	0	3913.06	0	18.3152	1.80737e+06	44068	173243	1.20013e+06	187943	389936	535025	109111	33537.4	72555	353359	0	441877	1980.98	40666.9	4032.58	242686	0.044964	4.12275e-14	28.9006
568618	0	430734	0	3680.72	0	4.08875	1.80553e+06	43009.9	172920	1.20013e+06	186617	389477	536980	109555	33644.7	72787.3	354638	0	441894	1989.08	40758.9	4049.96	242691	0.0431655	4.94731e-14	28.9166
568618	0	430734	0	3512.12	0	1.22124	1.80378e+06	42033.1	172597	1.20013e+06	185372	389019	538790	109950	33744.9	72955.9	355884	0	441904	1997.19	40849.3	4067.34	242696	0.0413669	4.12275e-14	28.9253
568618	0	430734	0	3326.09	0	36.3186	1.80242e+06	41361.5	172360	1.20013e+06	184503	388567	540180	110215	33842.1	73141.9	356823	0	441921	2005.29	40981	4084.71	242702	0.0467626	4.94731e-14	28.9275
568618	0	430734	0	3151.89	0	60.2135	1.80099e+06	40656.1	172086	1.20013e+06	183570	388117	541626	110451	33936.7	73316.2	357859	0	441951	2013.39	41112.7	4102.08	242710	0.0557554	3.2982e-14	28.9222
568618	0	430734	0	2993.06	0	98.5955	1.79962e+06	40009.6	171814	1.20013e+06	182698	387671	542975	110638	34017.6	73475	358862	0	441998	2021.5	41261.5	4119.44	242720	0.0593525	2.47365e-14	28.9102
568618	0	430734	0	2853.26	0	96.4783	1.79865e+06	39611.6	171681	1.20013e+06	182189	387232	543896	110867	34130.5	73614.8	359414	0	442068	2029.6	41425.2	4136.8	242731	0.0647482	4.12275e-14	28.9004
578152	0	430734	0	4330.59	0	507.152	1.80565e+06	46972.3	171722	1.20013e+06	189584	386830	544164	110984	34200.6	73749.1	359432	0	442368	2037.7	42188.2	4154.16	242770	0.0827338	4.10888e-14	29.1822
631298	0	430734	0	9221.91	0	1768.3	1.84939e+06	64331.3	195456	1.20013e+06	226654	389472	544583	111295	34366.3	73851.7	359436	0	445033	2045.8	46262.9	4171.54	245860	0.115108	4.03323e-14	30.6063
631298	0	430734	0	9024.61	0	793.253	1.84854e+06	63411.1	195672	1.20013e+06	225913	389325	545348	111781	34460.4	74049	359518	0	446190	2053.91	46521.5	4188.94	246163	0.0989209	4.83987e-14	30.6119
631298	0	430734	0	8285.06	0	429.749	1.84689e+06	62318.3	195556	1.20013e+06	224724	388888	547489	112253	34542.9	74788.5	360447	0	446707	2062.01	46739.9	4206.34	246183	0.0989209	3.22658e-14	30.6017
631298	0	430734	0	8011.68	0	332.095	1.84578e+06	61677.2	195515	1.20013e+06	224049	388457	548595	112599	34608.5	75061.9	360934	0	447012	2070.11	46995.3	4223.74	246204	0.0989209	4.03323e-14	30.5805
631298	0	430734	0	7765.85	0	337.744	1.84509e+06	61385.7	195545	1.20013e+06	223783	388033	549217	112835	34654.1	75307.7	361074	0	447261	2078.21	47278.4	4241.13	246228	0.0989209	4.03323e-14	30.5776
631876	0	430734	0	7603.88	0	382.761	1.84497e+06	61628.4	195599	1.20013e+06	224070	387614	549726	113015	34692.4	75567.4	361144	0	447524	2086.32	47606.8	4258.52	246255	0.0989209	4.03242e-14	30.5779
633611	0	430734	0	7897.12	0	454.738	1.84581e+06	62808.1	195675	1.20013e+06	225312	387204	549885	113166	34728.1	75567.4	361152	0	447845	2094.42	48018.3	4275.91	246290	0.0989209	4.836e-14	30.566
633611	0	430736	0	7895.26	0	382.942	1.84461e+06	62071.2	195622	1.20013e+06	224532	386786	550807	113447	34787.3	75569.3	361790	0	448139	2102.52	48280.5	4293.29	246323	0.0989209	4.03e-14	30.5288
637656	0	430736	0	8330.49	0	429.507	1.8465e+06	63397.3	196372	1.20013e+06	226480	386602	551983	113989	34902.4	75805.9	362188	0	448511	2110.62	48796.8	4310.68	246587	0.102518	4.02436e-14	30.6027
638234	0	430736	0	8041.21	0	318.48	1.84593e+06	63195.5	196397	1.20013e+06	226300	386212	553109	114576	35013.7	76192.9	362340	0	448811	2118.73	49079.9	4328.06	246642	0.100719	4.82827e-14	30.6259
638812	0	430736	0	7765.35	0	235.169	1.84522e+06	62896.2	196396	1.20013e+06	226000	385800	554390	115236	35141.2	76561.4	362593	0	449044	2126.83	49339.6	4345.44	246675	0.100719	4.02275e-14	30.6237
641124	0	430736	0	7978.15	0	336.556	1.84615e+06	63593	196905	1.20013e+06	227119	385528	555095	115650	35238.4	76729	362716	0	449297	2134.93	49773.9	4362.82	246846	0.104317	3.21563e-14	30.6297
644882	0	430736	0	7809.08	0	410.192	1.84808e+06	64053.8	198403	1.20013e+06	228824	385500	556507	116253	35379.1	77286.5	362968	0	449660	2143.04	50333.2	4380.2	247263	0.106115	5.62006e-14	30.692
650373	0	430736	0	8146.31	0	612.97	1.85162e+06	64237.3	201493	1.20013e+06	231574	385764	557349	116502	35435.8	77720.4	363126	0	450166	2151.14	51081.7	4397.58	247972	0.107914	5.60944e-14	30.7576
650373	0	430736	0	8118.23	0	439.924	1.85093e+06	63879	201537	1.20013e+06	231252	385389	557753	116844	35509.5	77744.6	363165	0	450569	2159.24	51368.3	4414.96	248040	0.104317	3.2054e-14	30.7616
650373	0	430736	0	7984.74	0	321.757	1.85012e+06	63452.5	201560	1.20013e+06	230845	384980	558409	117335	35606.6	77874.9	363199	0	450873	2167.34	51633.4	4432.34	248074	0.104317	3.2054e-14	30.7736
652683	1.10114e-15	430736	0	8088.64	0	437.474	1.85139e+06	64272.3	202263	1.20013e+06	232248	384732	558824	117591	35668.3	78007.6	363225	0	451205	2175.45	52125.3	4449.72	248267	0.106115	4.80427e-14	30.8129
652972	1.38913e-15	430736	0	7993.66	0	374.098	1.85101e+06	64239.8	202302	1.20013e+06	232248	384345	559255	117902	35747.4	78109.4	363244	0	451514	2183.55	52432.8	4467.1	248322	0.104317	2.4019e-14	30.7678
697456	0	430752	0	11677.8	0	1985.4	1.88717e+06	65019.3	227833	1.20013e+06	254231	394194	559374	117994	35787.6	78135.4	363244	0	454393	2191.65	56928.7	4484.59	258636	0.125899	5.51996e-14	32.1156
700058	0	430908	0	11796	0	1181.64	1.8889e+06	64611.9	228857	1.20013e+06	254674	395304	559508	118032	35799.9	78226.2	363249	0	455955	2199.75	57526.5	4502.11	260215	0.118705	6.30264e-14	32.2178
701215	0	431217	0	11758.4	0	913.824	1.8893e+06	64599.2	229271	1.20013e+06	255004	395304	559838	118241	35859	78336	363262	0	456928	2207.86	57964.2	4519.63	260685	0.118705	6.29952e-14	32.2293
702371	0	431580	0	11621.5	0	871.083	1.88957e+06	64610.2	229572	1.20013e+06	255266	395264	560400	118492	35920	78551.2	363356	0	457724	2215.96	58397.4	4537.15	261118	0.118705	5.50924e-14	32.2591
704106	0	432024	0	11743.9	0	931.189	1.89035e+06	64638.6	230139	1.20013e+06	255765	395445	560729	118734	35981.5	78632.6	363363	0	458545	2224.06	58878.4	4554.68	261771	0.118705	4.71874e-14	32.2948
704106	0	432723	0	11604.7	0	1054.49	1.88982e+06	64484	230189	1.20013e+06	255652	395019	561037	118900	36021.5	78738.5	363398	0	459435	2232.16	59215.2	4572.21	261817	0.116906	5.50389e-14	32.3038
704106	0	434026	0	11492.3	0	1317.18	1.88907e+06	64136.6	230222	1.20013e+06	255332	394579	561579	119297	36127	78832	363449	0	460685	2240.27	59513.8	4589.73	261848	0.115108	5.50147e-14	32.317
704973	0	435692	0	11578.6	0	1646.17	1.88916e+06	64624.6	230261	1.20013e+06	255852	394150	561829	119464	36175	78840	363524	0	462400	2248.37	59921.8	4607.25	261889	0.118705	4.71152e-14	32.3341
704973	0	437424	0	11542.6	0	1777.69	1.88868e+06	64534.7	230296	1.20013e+06	255791	393718	561972	119525	36184.1	78840	363606	0	464364	2256.47	60276.7	4624.77	261926	0.118705	4.70877e-14	32.3509
721150	0	439613	0	12841	0	2463.49	1.90143e+06	65050	234720	1.20013e+06	259981	401536	562112	119610	36202.4	78888.2	363614	0	467821	2264.58	62231.3	4642.45	270233	0.124101	4.6798e-14	32.5955
721439	0	441713	0	12810.3	0	2065.63	1.90104e+06	64761.7	234933	1.20013e+06	259869	401215	562432	119861	36265.2	78923.8	363648	0	470644	2272.68	62601.8	4660.13	270400	0.122302	7.01408e-14	32.6344
721439	0	443037	0	12792.6	0	1548.55	1.90008e+06	64242.7	234951	1.20013e+06	259365	400758	563085	120422	36396.7	78923.8	363740	0	472667	2280.78	62897.5	4677.8	270432	0.116906	3.89499e-14	32.6675
721728	0	443847	0	12829.1	0	1258.67	1.89969e+06	64276.2	234987	1.20013e+06	259429	400300	563341	120677	36462.2	78923.8	363740	0	474079	2288.88	63257.7	4695.47	270461	0.116906	3.89355e-14	32.6847
721728	0	444636	0	12803.7	0	1095.99	1.89891e+06	63911.1	235027	1.20013e+06	259097	399847	563815	121152	36582.1	78923.8	363740	0	475232	2296.99	63561	4713.14	270493	0.116906	4.67103e-14	32.7005
721728	0	445488	0	12799.7	0	1082.88	1.89817e+06	63587.3	235061	1.20013e+06	258801	399389	564243	121579	36700	78923.8	363740	0	476296	2305.09	63859.5	4730.8	270519	0.116906	5.44798e-14	32.7044
725195	0	446138	0	13104.9	0	1160.23	1.90035e+06	64899.6	235585	1.20013e+06	260548	399734	564539	121863	36783.1	78923.8	363752	0	477462	2313.19	64519	4748.48	271349	0.125899	6.21771e-14	32.7753
739069	0	446741	0	14216.3	0	1599.9	1.91119e+06	65200.8	239153	1.20013e+06	263813	406706	564670	121977	36818.5	78940.1	363753	0	479370	2321.29	66281.6	4766.29	278825	0.129496	3.86738e-14	32.9996
742249	0	447801	0	14419.2	0	1595.09	1.91333e+06	64992.9	240125	1.20013e+06	264412	408084	564774	121977	36818.5	79034.7	363762	0	481159	2329.4	66987.5	4784.13	280710	0.129496	6.95149e-14	33.0351
743984	0	449138	0	14571.3	0	1625.02	1.9142e+06	64960.7	240616	1.20013e+06	264788	408496	564915	122118	36860.8	79034.9	363763	0	482986	2337.5	67531.4	4801.98	281630	0.129496	6.17282e-14	33.1007
753230	0	450726	0	15352.3	0	2036.4	1.9213e+06	65158.2	242891	1.20013e+06	266875	413124	564915	122118	36860.8	79034.9	363763	0	485519	2345.6	68870.1	4819.92	286777	0.129496	6.91957e-14	33.2338
753230	0	452144	0	15349	0	1704.31	1.92067e+06	64775.6	242976	1.20013e+06	266563	412794	565148	122333	36911	79034.9	363780	0	487608	2353.7	69241.6	4837.85	286966	0.129496	4.61089e-14	33.2654
753230	0	453152	0	15349	0	1391.6	1.91996e+06	64506.5	243000	1.20013e+06	266314	412327	565482	122667	36989.4	79034.9	363780	0	489222	2361.81	69595.3	4855.79	287016	0.129496	5.37758e-14	33.3056
753230	0	454139	0	15267.8	0	1258.97	1.91915e+06	64145.1	243017	1.20013e+06	265966	411857	566018	123109	37095	79116.2	363793	0	490588	2369.91	69928.5	4873.72	287063	0.124101	5.37583e-14	33.343
753230	0	455090	0	15253.9	0	1286.68	1.9186e+06	64044.6	243037	1.20013e+06	265882	411388	566183	123259	37135.8	79130.1	363794	0	491859	2378.01	70300.2	4891.64	287110	0.129496	4.60641e-14	33.3606
753230	0	455880	0	15244.5	0	1144.28	1.9178e+06	63705.3	243047	1.20013e+06	265552	410924	566629	123655	37239.1	79139.4	363834	0	493038	2386.12	70631.4	4909.56	287160	0.124101	4.60521e-14	33.387
753230	0	456475	0	15024.7	0	990.965	1.91702e+06	63373.5	243064	1.20013e+06	265234	410455	567279	124080	37342.6	79359.2	363839	0	494028	2394.22	70959.2	4927.48	287205	0.124101	3.06954e-14	33.4216
753230	0	456981	0	15015.3	0	920.152	1.91638e+06	63180.9	243082	1.20013e+06	265056	409988	567562	124354	37425.6	79368.6	363840	0	494881	2402.32	71300.5	4945.4	287250	0.125899	3.06903e-14	33.4376
753519	0	457414	0	15057.8	0	896.213	1.91601e+06	63256.2	243101	1.20013e+06	265147	409528	567771	124556	37488	79375	363840	0	495673	2410.42	71679.6	4963.31	287301	0.129496	1.53415e-14	33.4521
753519	0	457793	0	15057.8	0	889.978	1.91552e+06	63198.8	243119	1.20013e+06	265105	409072	567865	124651	37517.7	79375	363840	0	496420	2418.53	72052.6	4981.22	287356	0.129496	3.83489e-14	33.4592
753519	0	458297	0	15057.8	0	962.642	1.91504e+06	63155.8	243138	1.20013e+06	265077	408618	567939	124724	37547	79375	363840	0	497219	2426.63	72433	4999.13	287410	0.131295	3.83426e-14	33.4617
753519	0	459339	0	15057.8	0	1281.81	1.91456e+06	63114.8	243156	1.20013e+06	265051	408164	568003	124788	37567.8	79375	363840	0	498325	2434.73	72819.2	5017.03	287465	0.131295	3.83294e-14	33.4713
753519	0	460436	0	15057.8	0	1429.62	1.91414e+06	63125.1	243174	1.20013e+06	265076	407713	568003	124788	37567.8	79375	363840	0	499690	2442.83	73216	5034.93	287521	0.131295	3.83156e-14	33.4866
753519	0	461242	0	15057.8	0	1243.05	1.91351e+06	62932.4	243184	1.20013e+06	264893	407262	568251	125010	37636.9	79375	363866	0	500989	2450.94	73574.8	5052.82	287576	0.131295	3.83054e-14	33.4811
754386	0	462033	0	15204.4	0	1245.1	1.91363e+06	63489	243203	1.20013e+06	265464	406815	568359	125118	37668.2	79375	363866	0	502224	2459.04	74033.8	5070.71	287634	0.131295	4.59414e-14	33.4953
756410	0	462961	0	15441.4	0	1378.51	1.9147e+06	64870.7	243309	1.20013e+06	266934	406392	568461	125195	37689.3	79397.6	363868	0	503610	2467.14	74628	5088.6	287715	0.133094	3.82474e-14	33.5363
756410	0	464315	0	15437.5	0	1530.2	1.91418e+06	64754.1	243328	1.20013e+06	266834	405971	568574	125309	37719.9	79397.6	363868	0	505181	2475.24	75010.1	5106.48	287798	0.133094	3.05843e-14	33.5553
757565	0	465662	0	15544.2	0	1553.08	1.91443e+06	65149.8	243513	1.20013e+06	267383	405643	568868	125601	37797.5	79397.6	363870	0	506921	2483.35	75485.7	5124.36	287973	0.133094	6.11184e-14	33.6086
757565	9.59635e-17	466914	0	15536	0	1488.13	1.91379e+06	64926.8	243530	1.20013e+06	267174	405208	569132	125865	37856	79397.6	363870	0	508558	2491.45	75846.4	5142.24	288039	0.133094	3.81833e-14	33.6506
757565	0	467809	0	14632.7	0	1185.77	1.91278e+06	64356.9	243537	1.20013e+06	266610	404754	570742	126555	38003.1	80300.9	363886	0	509911	2499.55	76130.4	5160.11	288086	0.122302	4.58065e-14	33.7042
759372	0	468742	0	14701.8	0	1248.05	1.91332e+06	65173.2	243583	1.20013e+06	267465	404435	571413	126906	38094.6	80537.3	363970	0	511204	2507.66	76627.5	5177.99	288267	0.133094	7.62757e-14	33.7487
759372	0	470116	0	14531.3	0	1427.48	1.91255e+06	64836.9	243585	1.20013e+06	267130	404003	571989	127264	38179.9	80707.7	364018	0	512668	2515.76	76963.1	5195.85	288335	0.125899	4.57448e-14	33.787
759372	0	471363	0	14266.3	0	1416.07	1.9118e+06	64528.2	243596	1.20013e+06	266830	403551	572642	127652	38269.4	80972.7	364018	0	514190	2523.86	77298.1	5213.72	288381	0.125899	3.81051e-14	33.8321
759372	0	472499	0	14087.5	0	1365.08	1.91108e+06	64248.3	243607	1.20013e+06	266559	403101	573175	128006	38352.2	81151.5	364018	0	515650	2531.96	77637	5231.58	288429	0.125899	3.04728e-14	33.8744
760067	8.94467e-15	473101	0	14048.2	0	1156.43	1.91103e+06	64622.4	243619	1.20013e+06	266943	402660	573513	128187	38400.1	81308.4	364018	0	516856	2540.07	78062.8	5249.44	288483	0.133094	2.28449e-14	33.8939
760067	0	473655	0	14026.9	0	1083.23	1.91056e+06	64572.6	243629	1.20013e+06	266902	402227	573598	128240	38413.5	81329.7	364028	0	517871	2548.17	78445.6	5267.29	288546	0.133094	3.04543e-14	33.9061
760067	0	474200	0	13909.4	0	1037.01	1.91001e+06	64450.7	243640	1.20013e+06	266790	401789	573869	128393	38447.7	81447.1	364028	0	518815	2556.27	78814.9	5285.14	288602	0.133094	2.28367e-14	33.9234
760206	4.91279e-16	474795	0	13757.7	0	1019.73	1.90948e+06	64352.4	243651	1.20013e+06	266700	401350	574298	128644	38509.4	81622.4	364031	0	519746	2564.37	79177.5	5302.98	288656	0.133094	3.8052e-14	33.9376
760206	0	475341	0	13566.2	0	967.895	1.90881e+06	64110.3	243660	1.20013e+06	266466	400908	574796	128951	38581.3	81813.9	364031	0	520632	2572.48	79519.8	5320.82	288706	0.127698	3.04362e-14	33.9599
760206	0	475882	0	13356.3	0	946.591	1.90814e+06	63882.1	243668	1.20013e+06	266244	400465	575301	129246	38653.7	82023.8	364031	0	521483	2580.58	79861.9	5338.66	288755	0.127698	7.60769e-15	33.9783
760206	0	477404	0	13225.5	0	1448.34	1.90752e+06	63693.2	243675	1.20013e+06	266061	400024	575679	129493	38712.5	82154.6	364031	0	522812	2588.68	80211.7	5356.49	288804	0.127698	1.52078e-14	34.0024
760206	0	479509	0	12985.7	0	1770.69	1.90674e+06	63351	243682	1.20013e+06	265725	399583	576358	129933	38823.8	82394.3	364031	0	524811	2596.78	80522.3	5374.32	288852	0.122302	7.59869e-15	34.0493
760206	0	482208	0	12797.6	0	2128.92	1.90613e+06	63170.3	243688	1.20013e+06	265549	399141	576792	130179	38886.6	82582.4	364031	0	527452	2604.89	80867.4	5392.15	288899	0.124101	7.592e-15	34.0875
760206	0	485901	0	12670	0	2590.4	1.90559e+06	63063	243696	1.20013e+06	265448	398704	577069	130328	38923.8	82710	364031	0	531025	2612.99	81228.6	5409.97	288949	0.127698	0	34.1289
760206	0	489411	0	12539.1	0	2644.37	1.90508e+06	62990.8	243691	1.20013e+06	265372	398270	577313	130393	38938.3	82841	364080	0	534857	2621.09	81600.9	5427.78	289002	0.127698	0	34.1805
760206	0	492855	0	12402.4	0	2589.41	1.90446e+06	62803.6	243688	1.20013e+06	265182	397836	577696	130599	38986.8	82977.7	364119	0	538676	2629.2	81952.1	5445.6	289054	0.127698	0	34.2257
760206	0	495780	0	12284	0	2370.22	1.90381e+06	62580.6	243695	1.20013e+06	264964	397402	578097	130881	39056	83096.1	364121	0	542111	2637.3	82294.3	5463.41	289105	0.129496	7.55855e-15	34.2839
760623	7.04731e-15	498643	0	12192.8	0	2293.42	1.90344e+06	62639.9	243702	1.20013e+06	265030	396970	578575	131197	39140.3	83257.7	364121	0	545355	2645.4	82664.1	5481.21	289156	0.129496	0	34.3382
760623	0	502109	0	12065	0	2485.69	1.90277e+06	62398.1	243714	1.20013e+06	264798	396534	579011	131505	39220.5	83385.6	364121	0	548897	2653.5	82995.7	5499.01	289204	0.125899	0	34.4
760623	0	505583	0	11940	0	2536.77	1.90215e+06	62200.2	243725	1.20013e+06	264609	396096	579399	131768	39293.7	83510.5	364121	0	552601	2661.61	83332	5516.81	289248	0.127698	0	34.4562
760623	0	508893	0	11836.2	0	2526.29	1.90161e+06	62090.8	243736	1.20013e+06	264509	395660	579656	131921	39335.1	83614.3	364121	0	556254	2669.71	83688	5534.6	289294	0.129496	-1.5051e-14	34.4983
760762	7.19978e-16	512127	0	11856.7	0	2540.96	1.90128e+06	62175	243749	1.20013e+06	264604	395228	579694	131956	39344.5	83617.4	364121	0	559870	2677.81	84076.5	5552.39	289343	0.129496	-7.5173e-15	34.5563
760762	0	515262	0	11843.5	0	2506.28	1.90083e+06	62143.6	243763	1.20013e+06	264584	394801	579752	131999	39356.3	83630.5	364123	0	563420	2685.91	84450.3	5570.17	289394	0.129496	0	34.6128
760762	0	518862	0	11649.8	0	2616.3	1.90025e+06	61983.6	243772	1.20013e+06	264431	394371	580151	132190	39406.1	83824.2	364137	0	567228	2694.02	84800.4	5587.95	289444	0.129496	-7.50099e-15	34.6358
760762	0	523022	0	11649.8	0	2878.03	1.89984e+06	61989	243783	1.20013e+06	264446	393942	580159	132196	39407.1	83824.2	364139	0	571521	2702.12	85178.8	5605.72	289492	0.131295	1.49819e-14	34.7019
761874	1.855e-15	527051	0	11744.1	0	2855.58	1.90007e+06	62626.2	243799	1.20013e+06	265097	393519	580467	132404	39461.7	83917.9	364145	0	575990	2710.22	85632.4	5623.49	289546	0.131295	0	34.7567
761874	0	531219	0	11726.6	0	2872.66	1.89951e+06	62467.5	243816	1.20013e+06	264953	393099	580667	132585	39505.7	83935.4	364147	0	580467	2718.32	85985.3	5641.26	289603	0.131295	-7.46858e-15	34.7863
761874	0	535427	0	11635.7	0	2850.14	1.89886e+06	62234.4	243827	1.20013e+06	264728	392670	581052	132879	39582.5	84026.2	364147	0	584970	2726.43	86316.7	5659.02	289649	0.127698	-7.45851e-15	34.8369
761874	0	539437	0	11487.7	0	2780.49	1.89822e+06	62016.9	243836	1.20013e+06	264518	392241	581480	133159	39656.9	84174.3	364147	0	589325	2734.53	86649.2	5676.78	289694	0.127698	-1.48979e-14	34.89
762430	0	542901	0	11540	0	2633.36	1.89809e+06	62298.3	243847	1.20013e+06	264809	391816	581686	133322	39702.9	84216	364148	0	593312	2742.63	87052.7	5694.53	289742	0.131295	-1.48788e-14	34.9427
774523	0	545345	0	12727.2	0	2661.92	1.90711e+06	65636	245581	1.20013e+06	269586	395765	581820	133326	39703.5	84333.5	364161	0	597470	2750.74	88778.3	5712.36	294175	0.142086	3.70249e-14	35.307
780083	0	548001	0	13191	0	2529.46	1.91101e+06	65595.2	246897	1.20013e+06	270638	398394	581959	133458	39731.3	84333.5	364167	0	601275	2758.84	89805.2	5730.22	297294	0.142086	2.95427e-14	35.4883
783419	0	550582	0	13413.2	0	2361.45	1.91299e+06	65585	247662	1.20013e+06	271264	399619	582327	133721	39794.3	84429.4	364176	0	604720	2766.94	90545.7	5748.1	299011	0.142086	7.37185e-15	35.5651
785921	2.30393e-14	552940	0	13384.8	0	2174.17	1.91424e+06	65590	248170	1.20013e+06	271691	400351	582956	134132	39893.9	84646.8	364176	0	607814	2775.04	91176.4	5766	300237	0.143885	2.20816e-14	35.65
785921	0	555055	0	13034.1	0	1928.97	1.91342e+06	65176.5	248227	1.20013e+06	271324	399891	583775	134601	40004.5	84997.4	364176	0	610403	2783.15	91497.5	5783.89	300271	0.131295	-1.47112e-14	35.6936
785921	0	557035	0	11679.6	0	1727.78	1.91231e+06	64517.4	248234	1.20013e+06	270671	399433	585961	135433	40182.9	86352	364176	0	612676	2791.25	91750.1	5801.78	300305	0.116906	-1.4702e-14	35.7572
785921	0	558857	0	11457.6	0	1756.21	1.91167e+06	64324.9	248236	1.20013e+06	270481	398976	586460	135710	40253.2	86573.9	364176	0	614761	2799.35	92093.8	5819.67	300339	0.124101	-5.14275e-14	35.7801
786616	7.38613e-15	560891	0	11514.8	0	1912.75	1.91163e+06	64722.2	248261	1.20013e+06	270899	398520	586675	135865	40294.5	86634.2	364176	0	617046	2807.45	92524.2	5837.55	300374	0.138489	-2.93618e-14	35.7577
786616	0	563127	0	11357.8	0	1993.56	1.91102e+06	64530.8	248293	1.20013e+06	270734	398066	587060	136092	40351.6	86791.2	364176	0	619522	2815.56	92884.6	5855.42	300409	0.138489	-1.46706e-14	35.7648
