#Output values file generated by Xhydro
10
ReportTime
point# 1
point# 2
point# 3
point# 4
point# 5
point# 6
point# 7
point# 8
point# 9
1	0	0.795664	0.710852	0.619892	0.540756	0.510201	0.476817	0.413438	0.350256	
2	0	0.842692	0.834286	0.81837	0.798067	0.788363	0.776504	0.749755	0.716461	
3	0	0.85001	0.846524	0.84177	0.836639	0.834204	0.831297	0.824441	0.814868	
4	0	0.861362	0.859077	0.856324	0.853738	0.852618	0.851372	0.848703	0.845189	
5	0	0.8718	0.870479	0.86887	0.867335	0.866691	0.865972	0.864473	0.862643	
6	0	0.888514	0.886568	0.884336	0.882369	0.881583	0.880739	0.879053	0.877102	
7	0	0.914676	0.912536	0.91008	0.907827	0.906913	0.905903	0.903891	0.901647	
8	0	1.05101	1.04214	1.03235	1.02363	1.02018	1.01638	1.00897	1.00113	
9	0	0.825222	0.838715	0.852605	0.864149	0.86853	0.873213	0.881847	0.890214	
10	0	0.855613	0.854539	0.854288	0.854801	0.855284	0.855917	0.85749	0.859703	
11	0	0.847612	0.848433	0.849191	0.849706	0.850007	0.8503	0.850846	0.851577	
12	0	1.01491	1.00331	0.990724	0.979858	0.975645	0.97109	0.962336	0.953227	
13	0	0.909671	0.912139	0.913878	0.915096	0.915405	0.915793	0.916176	0.915541	
14	0	0.838263	0.842126	0.846428	0.850372	0.851936	0.853701	0.857131	0.860554	
15	0	0.755818	0.758584	0.761758	0.765164	0.766592	0.76836	0.77196	0.775521	
16	0	0.665124	0.666353	0.667708	0.66978	0.6707	0.672036	0.67484	0.677328	
17	0	0.669085	0.667517	0.665906	0.664799	0.664432	0.664145	0.663755	0.663425	
18	0	0.724289	0.718033	0.711167	0.705381	0.70312	0.700762	0.696283	0.6914	
19	0	0.811504	0.804545	0.796537	0.789171	0.786194	0.782894	0.77633	0.769185	
20	0	0.966407	0.956032	0.944238	0.933364	0.928978	0.924068	0.914272	0.903703	
21	0	1.03706	1.03167	1.02505	1.01856	1.01582	1.01269	1.00621	0.99878	
22	0	1.03569	1.03348	1.03064	1.02798	1.02683	1.02558	1.02292	1.01948	
23	0	1.17715	1.16885	1.15968	1.15138	1.14808	1.14441	1.13719	1.12956	
24	0	1.35473	1.34444	1.33266	1.32169	1.31725	1.31225	1.30225	1.29143	
25	0	1.3334	1.33263	1.33111	1.32929	1.3284	1.32737	1.32498	1.32172	
26	0	1.25516	1.25785	1.26071	1.26333	1.26433	1.26548	1.26767	1.26957	
27	0	1.17924	1.18242	1.18603	1.18952	1.19094	1.19259	1.19591	1.19932	
28	0	1.32976	1.32211	1.31393	1.30675	1.30405	1.30106	1.29534	1.2897	
29	0	1.48769	1.47976	1.47054	1.46168	1.45817	1.45414	1.44596	1.43723	
30	0	1.53991	1.5362	1.53158	1.52706	1.52516	1.52299	1.51845	1.51319	
31	0	1.55906	1.55747	1.55546	1.55347	1.55263	1.55167	1.54962	1.54718	
32	0	1.6011	1.5994	1.59736	1.59529	1.59451	1.59357	1.59157	1.58946	
33	0	1.64784	1.64604	1.64387	1.64159	1.64076	1.63975	1.63758	1.6353	
34	0	1.6918	1.68818	1.684	1.68034	1.67888	1.67733	1.6742	1.67069	
35	0	1.65934	1.66039	1.6613	1.66193	1.66215	1.66237	1.66265	1.66275	
36	0	1.5231	1.52838	1.53414	1.53949	1.54163	1.54408	1.54886	1.55366	
37	0	1.23135	1.24347	1.25687	1.26948	1.27454	1.28038	1.29191	1.30366	
38	0	0.927444	0.944683	0.964075	0.981984	0.989216	0.997368	1.01356	1.03082	
39	0	0.685072	0.701227	0.719786	0.737195	0.744314	0.752364	0.768527	0.786091	
40	0	0.625715	0.628274	0.632266	0.637345	0.639692	0.64265	0.649164	0.65669	
41	0	0.757279	0.742569	0.726901	0.714374	0.709618	0.704826	0.696153	0.687143	
42	0	0.816802	0.809742	0.800942	0.792558	0.789035	0.785142	0.777259	0.768286	
43	0	0.738337	0.737904	0.736689	0.735724	0.735193	0.734773	0.733677	0.7313	
44	0	0.715479	0.711948	0.707923	0.705002	0.703865	0.70288	0.701026	0.698398	
45	0	0.738966	0.732526	0.725204	0.719198	0.7168	0.714395	0.709805	0.704397	
46	0	0.654318	0.659678	0.664856	0.668879	0.670333	0.67185	0.674468	0.676797	
47	0	0.796025	0.783411	0.77019	0.759442	0.755306	0.751007	0.743036	0.734682	
48	0	0.861633	0.850909	0.83819	0.827025	0.822456	0.817627	0.808067	0.796958	
49	0	0.875566	0.868862	0.860578	0.853215	0.85014	0.846902	0.840287	0.83214	
50	0	0.961311	0.950354	0.937772	0.926914	0.92253	0.917906	0.908785	0.898268	
51	0	0.945498	0.942736	0.938829	0.935079	0.9334	0.931593	0.927753	0.922778	
52	0	0.91685	0.91442	0.912107	0.910518	0.90981	0.909159	0.907811	0.90575	
53	0	0.80109	0.805068	0.809382	0.813546	0.815134	0.817016	0.820622	0.82386	
54	0	0.976375	0.958123	0.938753	0.923117	0.917093	0.910916	0.899362	0.886873	
55	0	1.20044	1.18528	1.16754	1.15092	1.14412	1.13651	1.12121	1.10453	
56	0	1.29471	1.28611	1.27564	1.26572	1.26154	1.25685	1.24717	1.23583	
57	0	1.39236	1.38528	1.37691	1.36909	1.36585	1.36223	1.35481	1.35287	
58	0	1.45813	1.45326	1.44737	1.44181	1.43953	1.43697	1.43166	1.43467	
59	0	1.49898	1.49598	1.49229	1.48876	1.48731	1.48568	1.48225	1.48552	
60	0	1.6391	1.63114	1.62211	1.61394	1.6107	1.60712	1.59996	1.60113	
61	0	1.92862	1.91349	1.89633	1.88065	1.87432	1.86729	1.85331	1.85005	
62	0	2.04233	2.03437	2.02465	2.01543	2.01155	2.00721	1.99829	1.99551	
63	0	2.16044	2.15391	2.14655	2.13922	2.13621	2.13283	2.12589	2.12949	
64	0	2.1772	2.1758	2.17951	2.17712	2.17611	2.17493	2.17235	2.17673	
65	0	2.12597	2.12664	2.13283	2.13338	2.13359	2.13388	2.13436	2.14163	
66	0	1.82719	1.83666	1.86479	1.88653	1.8899	1.89386	1.91335	1.94018	
67	0	1.60136	1.61764	1.63618	1.65462	1.65911	1.66423	1.68213	1.70262	
68	0	1.37957	1.39616	1.41478	1.4327	1.43766	1.44326	1.46045	1.48009	
69	0	1.13331	1.15048	1.16921	1.18805	1.19231	1.19741	1.21615	1.23652	
70	0	0.993206	1.01268	1.03346	1.05386	1.05719	1.06585	1.0854	1.10678	
71	0	1.10808	1.10936	1.11122	1.12326	1.12086	1.12696	1.13214	1.13918	
72	0	1.2812	1.28565	1.28749	1.29505	1.29747	1.30098	1.30022	1.30022	
73	0	1.4569	1.45298	1.44591	1.44367	1.44308	1.44222	1.43666	1.43131	
74	0	1.46926	1.47181	1.47121	1.47438	1.47582	1.47719	1.47578	1.47413	
75	0	1.43817	1.44245	1.44498	1.45034	1.45248	1.45472	1.45668	1.4593	
76	0	1.42072	1.41151	1.39817	1.3926	1.3906	1.38897	1.3827	1.37529	
77	0	1.26446	1.27438	1.2828	1.29278	1.29683	1.30107	1.30505	1.30897	
78	0	1.13011	1.14484	1.16139	1.1772	1.18376	1.19063	1.20047	1.21432	
79	0	1.02839	1.03771	1.04827	1.06039	1.06558	1.07122	1.07881	1.09085	
80	0	0.936509	0.946792	0.958188	0.970369	0.975466	0.980893	0.988297	1.00037	
81	0	0.902475	0.906181	0.909782	0.915695	0.918213	0.921013	0.924186	0.932406	
82	0	0.808081	0.810368	0.810586	0.814007	0.815393	0.817195	0.818349	0.823578	
83	0	0.739621	0.742252	0.742502	0.745557	0.746806	0.748312	0.748398	0.753195	
84	0	0.797295	0.794627	0.789291	0.787056	0.786215	0.785248	0.780551	0.780583	
85	0	0.722941	0.72608	0.726648	0.729775	0.730775	0.731876	0.731528	0.73438	
86	0	0.734839	0.726926	0.715399	0.709699	0.707234	0.704999	0.698348	0.694661	
87	0	0.67712	0.6759	0.670024	0.66842	0.66745	0.666765	0.661737	0.660549	
88	0	0.666413	0.667698	0.665021	0.665681	0.665717	0.665967	0.662315	0.663597	
89	0	0.721626	0.72248	0.719126	0.718729	0.718567	0.718475	0.713207	0.714844	
90	0	0.713005	0.716758	0.71729	0.719978	0.720989	0.722084	0.720012	0.723289	
91	0	0.689388	0.698257	0.705319	0.71413	0.717142	0.720079	0.722245	0.729699	
92	0	0.722792	0.725424	0.727876	0.733388	0.734554	0.735758	0.734633	0.738895	
93	0	0.737151	0.744094	0.748143	0.754248	0.755586	0.756951	0.755804	0.759842	
94	0	0.802516	0.805775	0.805707	0.808569	0.808673	0.808778	0.805036	0.806385	
95	0	0.833946	0.840542	0.843578	0.848766	0.849668	0.852684	0.849881	0.852478	
96	0	0.814402	0.820591	0.824397	0.830652	0.832454	0.836051	0.837055	0.840845	
97	0	0.891626	0.877622	0.858148	0.847006	0.842131	0.838806	0.828281	0.818668	
98	0	0.932519	0.918783	0.894679	0.879962	0.872719	0.869323	0.851034	0.834536	
99	0	1.02844	1.02141	1.00573	0.995987	0.9906	0.988544	0.972461	0.959461	
100	0	1.11329	1.11044	1.10039	1.095	1.09157	1.09095	1.07933	1.07052	
101	0	1.06624	1.07068	1.06803	1.06963	1.06899	1.07164	1.06647	1.06442	
102	0	1.04632	1.05132	1.05005	1.05263	1.05259	1.05579	1.05208	1.05203	
103	0	1.14658	1.14406	1.13559	1.13173	1.12937	1.12946	1.12129	1.11596	
104	0	1.18002	1.19686	1.20187	1.20853	1.20921	1.21607	1.20947	1.21232	
105	0	1.18764	1.19154	1.19036	1.19307	1.19316	1.19635	1.19334	1.19343	
106	0	1.21854	1.22298	1.22219	1.22425	1.22419	1.22677	1.22315	1.22266	
107	0	1.21962	1.22752	1.2288	1.23276	1.2335	1.23691	1.23488	1.23599	
108	0	1.22435	1.22823	1.22714	1.22943	1.22962	1.23202	1.22991	1.22971	
109	0	1.20689	1.20074	1.19041	1.18572	1.18332	1.18253	1.1772	1.17193	
110	0	1.15547	1.14238	1.12393	1.11237	1.10697	1.10322	1.09323	1.0823	
111	0	1.13464	1.11491	1.08648	1.06727	1.05878	1.05315	1.03596	1.01669	
112	0	1.16845	1.14981	1.12273	1.10325	1.09449	1.08774	1.06927	1.04906	
113	0	1.20588	1.18713	1.1582	1.13812	1.12904	1.12372	1.10338	1.08103	
114	0	1.24559	1.23683	1.21919	1.20769	1.20164	1.19938	1.18346	1.16608	
115	0	1.30539	1.30344	1.29493	1.29032	1.28737	1.28746	1.27731	1.26727	
116	0	1.29973	1.30183	1.29795	1.29763	1.29661	1.29815	1.29313	1.28881	
117	0	1.25238	1.2573	1.25438	1.2554	1.25482	1.25784	1.25368	1.25073	
118	0	1.20239	1.2079	1.20868	1.21249	1.21339	1.21646	1.21587	1.21637	
119	0	1.18235	1.18347	1.17839	1.17765	1.1766	1.17864	1.1744	1.17123	
120	0	1.23406	1.26185	1.26872	1.2762	1.27786	1.28697	1.27916	1.28004	
121	0	1.26226	1.26622	1.26491	1.26737	1.26874	1.27198	1.26949	1.26879	
122	0	1.26969	1.26976	1.26514	1.26415	1.26366	1.26501	1.26101	1.2577	
123	0	1.22142	1.23132	1.23122	1.23374	1.23568	1.24013	1.23551	1.23421	
124	0	1.18103	1.19183	1.19595	1.20219	1.20528	1.21023	1.2099	1.2123	
125	0	1.08687	1.11406	1.13108	1.14787	1.15619	1.16637	1.17156	1.18347	
126	0	1.0792	1.10276	1.11654	1.13119	1.13878	1.14831	1.1556	1.16691	
127	0	1.1076	1.1137	1.11584	1.12114	1.12362	1.12748	1.12974	1.13309	
128	0	1.09033	1.10192	1.10661	1.11311	1.11657	1.1215	1.12341	1.12639	
129	0	1.08107	1.08841	1.09176	1.09755	1.09966	1.10329	1.10521	1.10805	
130	0	1.03569	1.03742	1.03634	1.03857	1.03931	1.04123	1.04167	1.04279	
131	0	1.00531	1.00685	1.00321	1.00289	1.00223	1.0044	1.00121	0.998128	
132	0	1.10634	1.15956	1.18256	1.20141	1.21364	1.22927	1.23368	1.24429	
133	0	1.03208	1.03997	1.04439	1.05244	1.05639	1.06277	1.06829	1.07402	
134	0	0.97432	0.98486	0.990888	0.998295	1.0018	1.00676	1.01038	1.01455	
135	0	0.915525	0.922569	0.926722	0.933358	0.936206	0.940113	0.94352	0.947455	
136	0	0.863487	0.866406	0.865337	0.867703	0.868579	0.871182	0.871508	0.871926	
137	0	0.854617	0.861626	0.863266	0.866758	0.868585	0.871665	0.871506	0.871324	
138	0	0.878258	0.883948	0.884534	0.887405	0.888537	0.891026	0.890347	0.889893	
139	0	0.907427	0.909367	0.906918	0.907483	0.907476	0.908869	0.906759	0.904733	
140	0	0.912733	0.920099	0.922041	0.925387	0.927551	0.930489	0.929845	0.928996	
141	0	0.836368	0.841214	0.843994	0.848832	0.850506	0.852369	0.855522	0.859344	
142	0	0.709366	0.709213	0.706842	0.707367	0.707373	0.708387	0.709926	0.711606	
143	0	0.617483	0.613989	0.607294	0.603963	0.602414	0.601962	0.600192	0.598196	
144	0	0.589967	0.5993	0.600188	0.603897	0.605087	0.61181	0.607883	0.602286	
145	0	0.658723	0.743709	0.798034	0.829188	0.857442	0.880523	0.895724	0.908993	
146	0	0.742425	0.784924	0.820979	0.841816	0.860611	0.877398	0.894696	0.912219	
147	0	0.768241	0.773439	0.778147	0.78535	0.789647	0.794509	0.800659	0.808489	
148	0	0.78887	0.785602	0.779481	0.77676	0.775676	0.774684	0.772865	0.771873	
149	0	0.783653	0.782678	0.777732	0.775386	0.774432	0.773786	0.770606	0.767463	
150	0	0.751789	0.746057	0.736747	0.730774	0.728356	0.726298	0.721776	0.716582	
151	0	0.742893	0.734401	0.721856	0.712804	0.709063	0.705612	0.698518	0.690372	
152	0	0.714077	0.706654	0.694581	0.685886	0.682244	0.679028	0.671889	0.663256	
153	0	0.557898	0.559099	0.55821	0.557908	0.557594	0.558646	0.559031	0.558337	
154	0	0.514274	0.505606	0.493915	0.485457	0.482048	0.480517	0.475862	0.470401	
155	0	0.487762	0.480863	0.469715	0.460784	0.45689	0.454435	0.448094	0.440798	
156	0	0.471714	0.465329	0.454412	0.446269	0.442228	0.439403	0.432925	0.425392	
157	0	0.470042	0.46619	0.453582	0.446379	0.443534	0.44013	0.432868	0.424009	
158	0	0.455436	0.450608	0.441149	0.434486	0.431536	0.429272	0.42323	0.416373	
159	0	0.444396	0.446597	0.43821	0.434976	0.434392	0.435379	0.429081	0.420841	
160	0	0.426197	0.431965	0.433126	0.435864	0.436816	0.439087	0.438346	0.437509	
161	0	0.365915	0.370681	0.372682	0.376731	0.3781	0.379785	0.382428	0.385377	
162	0	0.322748	0.320036	0.313796	0.311298	0.310267	0.310338	0.309454	0.308271	
163	0	0.246615	0.254007	0.253618	0.255762	0.257198	0.262786	0.261887	0.259506	
164	0	0.2389	0.24072	0.239552	0.240745	0.240927	0.241743	0.242275	0.243206	
165	0	0.557827	0.626094	0.663155	0.688072	0.699423	0.731204	0.72203	0.702182	
166	0	0.53945	0.541455	0.541289	0.546907	0.549275	0.554382	0.56084	0.566702	
167	0	0.508933	0.501014	0.489658	0.482384	0.479692	0.478702	0.475304	0.471442	
168	0	0.434085	0.431899	0.424068	0.419791	0.417794	0.416036	0.412694	0.408021	
169	0	0.360412	0.364891	0.365352	0.367546	0.368131	0.368771	0.369325	0.369572	
170	0	0.312264	0.316413	0.315487	0.317951	0.319172	0.320756	0.321661	0.322198	
171	0	0.253638	0.261074	0.26302	0.267479	0.269654	0.274663	0.27627	0.277289	
172	0	0.270865	0.285018	0.292831	0.303429	0.30738	0.317111	0.317267	0.317019	
173	0	0.40141	0.477119	0.526066	0.548063	0.568195	0.594083	0.598361	0.597397	
174	0	0.336752	0.354129	0.374061	0.391945	0.401675	0.412	0.426894	0.442597	
175	0	0.33207	0.329932	0.327103	0.32818	0.328881	0.330439	0.334441	0.340047	
176	0	0.288955	0.289867	0.28515	0.284315	0.284256	0.284172	0.283553	0.282858	
177	0	0.1925	0.200122	0.203963	0.20902	0.21085	0.212983	0.216441	0.219724	
178	0	0.13298	0.142029	0.146298	0.152401	0.155279	0.160519	0.164284	0.167664	
179	0	0.116823	0.120119	0.120229	0.123126	0.124309	0.126181	0.128941	0.132171	
180	0	0.108487	0.109474	0.106022	0.105788	0.105901	0.107153	0.106931	0.106725	
181	0	0.0659363	0.075646	0.0791146	0.0834706	0.0854638	0.0900691	0.0909462	0.091041	
182	0	0.0364363	0.0365898	0.0364026	0.0380549	0.0389398	0.0409496	0.0438024	0.0459935	
183	0	0.0682612	0.0829229	0.0841223	0.0890865	0.0909124	0.0988416	0.0919975	0.0811687	
184	0	0.0428442	0.0478164	0.0483462	0.0528778	0.0544817	0.0578496	0.0600981	0.0609171	
185	0	0.0299101	0.034266	0.0343154	0.0371308	0.0383199	0.0406739	0.0423616	0.0439262	
186	0	0.00738401	0.00909522	0.0095543	0.011168	0.0118363	0.0133483	0.0153643	0.0171588	
187	0	0.00171037	0.00326438	0.00163402	0.00219368	0.0016851	0.00104197	0.00100608	0.00135707	
188	0	0.00120703	0.00268178	0.00149051	0.00200993	0.0018315	0.00113887	0.00103737	0.0011411	
189	0	0.00228321	0.00569472	0.00408962	0.00506583	0.00533871	0.00448095	0.00371275	0.00322335	
190	0	0.00302444	0.00802058	0.00700547	0.00826142	0.00889223	0.00966064	0.00774346	0.00631088	
191	0	0.0157369	0.0319346	0.0391396	0.0462187	0.0487351	0.0575504	0.0513678	0.0442421	
192	0	0.0087112	0.0220479	0.0295979	0.0387342	0.0425561	0.0489929	0.0520754	0.0517105	
193	0	0.00204757	0.00851015	0.011755	0.0183306	0.020858	0.0245657	0.0290069	0.0331375	
194	0	0.00162006	0.00433563	0.00332918	0.00575605	0.00679436	0.00845018	0.0109018	0.0134432	
195	0	0.00191528	0.00493737	0.00399282	0.00468886	0.0047585	0.00481088	0.00427781	0.00414436	
196	0	0.000255769	0.000437369	0.000388681	0.000345007	0.000315442	0.000234404	0.000178033	0.000315668	
197	0	0.0140728	0.0310191	0.0357462	0.0420001	0.0442349	0.0496567	0.044561	0.0381678	
198	0	0.0181765	0.0343706	0.0421624	0.0499758	0.0546429	0.0615219	0.0624728	0.0580789	
199	0	0.00627908	0.0176833	0.0233837	0.0319453	0.0364825	0.0423525	0.0463407	0.0484562	
200	0	0.00155355	0.00690299	0.00933837	0.0150715	0.0172446	0.0200109	0.0244158	0.0289439	
201	0	0.0321521	0.0614621	0.0700925	0.0745864	0.0822118	0.0923655	0.0894916	0.0849792	
202	0	0.00333965	0.0152849	0.0226368	0.0327987	0.0371051	0.043052	0.048741	0.0529684	
203	0	0.00153194	0.00525594	0.00567157	0.0101963	0.0120564	0.0150405	0.0191795	0.0232579	
204	0	0.00121676	0.00348566	0.00222673	0.00285003	0.00294325	0.00314181	0.00405635	0.00498896	
205	0	0.0037235	0.0101087	0.0103502	0.011769	0.0123702	0.014299	0.0114472	0.00906771	
206	0	0.000717404	0.00263268	0.00137926	0.00264378	0.0026843	0.00304054	0.00316732	0.00296994	
207	0	0.00218892	0.00629058	0.00510377	0.00606167	0.00637162	0.00661099	0.00521609	0.00419967	
208	0	0.00757178	0.0174161	0.0204828	0.0242826	0.0257695	0.0302165	0.0260752	0.0214957	
209	0	0.00138541	0.00532222	0.00496374	0.0084006	0.00939968	0.0114554	0.0126242	0.0124957	
210	0	0.000756431	0.00247722	0.00130573	0.00187435	0.0017154	0.00145513	0.00187565	0.0019916	
211	0	0.00166797	0.00495113	0.00365276	0.00447746	0.00462612	0.00454658	0.00356655	0.0029258	
212	0	0.00108084	0.00332992	0.00207916	0.00271997	0.00260563	0.00203174	0.00169955	0.00153949	
213	0	0.000682056	0.00233058	0.0012012	0.00176631	0.00151803	0.000931472	0.000903346	0.000959625	
214	0	0.000251248	0.00114269	0.000555792	0.000838013	0.000608012	0.000382863	0.000255382	0.000445732	
215	0	0.00481223	0.0146375	0.0148039	0.0172956	0.018572	0.0209602	0.0178675	0.014875	
216	0	0.0030679	0.0102756	0.0111935	0.01413	0.0155187	0.0195899	0.0182119	0.0160765	
217	0	0.00184358	0.00608944	0.00504424	0.00689055	0.00773864	0.0100364	0.0100061	0.00938362	
218	0	0.00067555	0.00241175	0.00124634	0.00182197	0.00157823	0.00109346	0.00133597	0.00148143	
219	0	0.000294448	0.00151527	0.000668245	0.00106614	0.000754435	0.000463966	0.000438799	0.000598334	
220	0	0.000249786	0.00130459	0.000602461	0.000912077	0.000654694	0.000408092	0.000338094	0.000518847	
221	0	0.000900546	0.00331313	0.00163528	0.00250567	0.00232668	0.00147359	0.00147811	0.0014725	
222	0	0.022006	0.0551957	0.0757879	0.0927722	0.100224	0.11574	0.108686	0.097283	
223	0	0.001423	0.00970583	0.0131838	0.0235042	0.0272099	0.0342598	0.0410006	0.0453535	
224	0	0.000248829	0.000496658	0.000397825	0.00103511	0.00180712	0.00389975	0.0059628	0.00713031	
225	0	0.000248586	0.000468409	0.000392243	0.000298961	0.000289158	0.00022048	0.000130889	0.000179109	
226	0	0.000248345	0.00105497	0.000529885	0.00074164	0.000546965	0.000349432	0.000156323	0.000426525	
227	0	0.00566637	0.0215108	0.0200002	0.0249479	0.0264725	0.0284845	0.0254222	0.0227708	
228	0	0.0114068	0.0284422	0.0366941	0.0464047	0.0500602	0.0591319	0.0568251	0.0513009	
229	0	0.000247647	0.00440962	0.00687324	0.0127228	0.0145358	0.0179721	0.0222022	0.0254865	
230	0	0.000401606	0.00258739	0.00105724	0.00178959	0.0015467	0.00106707	0.00181855	0.00208906	
231	0	0.00390645	0.0122957	0.0117755	0.0139112	0.0151783	0.0172774	0.0144668	0.011864	
232	0	0.0473631	0.0875006	0.107071	0.119942	0.128277	0.144876	0.141067	0.126353	
233	0	0.003849	0.018386	0.0309899	0.0450487	0.0501673	0.0567432	0.0666742	0.0750984	
234	0	0.000246505	0.00173801	0.00271056	0.00677407	0.00860703	0.0116803	0.0169315	0.0223032	
235	0	0.00631479	0.0184761	0.0198694	0.0242158	0.02571	0.0296649	0.0258359	0.0220409	
236	0	0.00215981	0.00899935	0.0102275	0.0152507	0.0167777	0.0202894	0.0208271	0.0205413	
237	0	0.00209782	0.00667973	0.00561856	0.00731689	0.00815696	0.0105287	0.0104117	0.00985772	
238	0	0.0013565	0.00508728	0.00359328	0.00437583	0.00459454	0.00512008	0.00439083	0.00386122	
239	0	0.0390678	0.0730581	0.0844777	0.0886578	0.0954159	0.109085	0.100923	0.0892241	
240	0	0.00810702	0.0253578	0.0366637	0.0489796	0.0548549	0.0638872	0.0696375	0.0725599	
241	0	0.0165489	0.0356563	0.0453345	0.0540227	0.0611149	0.0721526	0.0757508	0.0788291	
242	0	0.00259161	0.0128721	0.0183497	0.0276893	0.0314962	0.0374425	0.0434797	0.0491275	
243	0	0.0946487	0.187279	0.2394	0.251497	0.276331	0.317168	0.311428	0.303516	
244	0	0.0856922	0.187777	0.27005	0.306204	0.339353	0.387433	0.407996	0.422139	
245	0	0.0134761	0.0457438	0.0790956	0.110602	0.127306	0.148059	0.174617	0.201153	
246	0	0.0173309	0.0408916	0.0582304	0.0733973	0.0841444	0.0998604	0.114096	0.127769	
247	0	0.0467584	0.0996357	0.13563	0.149814	0.165055	0.189708	0.200624	0.205619	
248	0	0.0237885	0.059308	0.0879848	0.10785	0.121633	0.140719	0.155894	0.167513	
249	0	0.0150464	0.0404345	0.061258	0.0774755	0.0890623	0.103873	0.116348	0.128115	
250	0	0.00651666	0.0230155	0.0349772	0.0480495	0.0556929	0.0654547	0.0750574	0.0854288	
251	0	0.00580432	0.0183059	0.0247818	0.0337821	0.0393668	0.0473937	0.0533917	0.0599386	
252	0	0.00326103	0.0130614	0.0165629	0.0239111	0.0279284	0.0338941	0.0382917	0.0430616	
253	0	0.00468225	0.0135811	0.0158707	0.0208968	0.0244242	0.0302042	0.0324801	0.0349672	
254	0	0.0038035	0.0136579	0.0162641	0.021645	0.0250188	0.0302718	0.0322669	0.0343528	
255	0	0.0023441	0.00954081	0.0101702	0.0150035	0.0175136	0.0218735	0.0238054	0.0256715	
256	0	0.00209285	0.00824959	0.00683759	0.00982117	0.0114567	0.0150816	0.0160382	0.0170409	
257	0	0.00393077	0.0113343	0.0102378	0.0120726	0.0139324	0.0179535	0.0171455	0.0158413	
258	0	0.004453	0.0133778	0.0138369	0.0170101	0.0190224	0.0235185	0.0230503	0.0218472	
259	0	0.0027189	0.0115756	0.0129431	0.0176314	0.0196853	0.0239438	0.0248244	0.0252414	
260	0	0.00230768	0.0093835	0.00910449	0.013073	0.0148324	0.0190517	0.0201251	0.020666	
261	0	0.000682077	0.00507151	0.00312312	0.00501959	0.00584941	0.00816262	0.00940616	0.0100314	
262	0	0.00241451	0.00891914	0.00762136	0.00890674	0.00982842	0.0119318	0.00928723	0.00716591	
263	0	0.00163616	0.00722081	0.00546724	0.00684022	0.00759682	0.00989579	0.00851365	0.00697525	
264	0	0.0016129	0.0069139	0.00526633	0.00622091	0.00672176	0.00822594	0.00651283	0.00516995	
265	0	0.00273679	0.00930068	0.00860902	0.0101489	0.0109541	0.01315	0.0102706	0.00795589	
266	0	0.0027441	0.0100773	0.00934456	0.0121719	0.0134227	0.0171423	0.0152774	0.01275	
267	0	0.00330283	0.0113373	0.0110574	0.0144423	0.0163523	0.0211967	0.0204512	0.0181772	
268	0	0.00423262	0.0134384	0.0139215	0.018236	0.0210772	0.0264729	0.0267713	0.0254524	
269	0	0.0377088	0.0757844	0.099388	0.104217	0.11591	0.135941	0.13091	0.122492	
270	0	0.246428	0.51271	0.734217	0.801001	0.875148	0.991122	1.03277	1.02908	
271	0	0.027026	0.0906608	0.161456	0.222709	0.25698	0.296614	0.350814	0.403613	
272	0	0.00888991	0.0326454	0.057257	0.0841382	0.0992466	0.118037	0.143908	0.172907	
273	0	0.00808699	0.0257734	0.0387845	0.0532343	0.0625007	0.0746475	0.0869785	0.100994	
274	0	0.00956466	0.0282351	0.0401931	0.0510947	0.0593037	0.0696822	0.0767078	0.0841194	
275	0	0.0129004	0.0356854	0.0504898	0.0614019	0.0704001	0.0814558	0.0869503	0.0917624	
276	0	0.0179907	0.0473163	0.067562	0.0803366	0.0912074	0.104605	0.110694	0.114857	
277	0	0.0121887	0.0362022	0.0539368	0.0678096	0.0779678	0.0901951	0.0983343	0.105725	
278	0	0.0228034	0.0565819	0.0813226	0.0958111	0.10723	0.122826	0.130137	0.134725	
279	0	0.0101052	0.0332261	0.0493084	0.0644241	0.0743415	0.0863964	0.0958927	0.104074	
280	0	0.00752041	0.0252469	0.035114	0.0464558	0.0545076	0.0644663	0.0717244	0.0785509	
281	0	0.0156613	0.0427069	0.0542929	0.0627457	0.0706904	0.0828928	0.0866933	0.0885951	
282	0	0.0219885	0.0619729	0.0838262	0.0960337	0.106131	0.129039	0.133505	0.134069	
283	0	0.030037	0.0842401	0.115392	0.13224	0.145203	0.177152	0.186973	0.188616	
284	0	0.0132199	0.0444882	0.0680894	0.0869438	0.0997974	0.116956	0.130335	0.142438	
285	0	0.00882012	0.0302967	0.0454997	0.0601357	0.0703428	0.0838194	0.0938369	0.104073	
286	0	0.0178495	0.0506965	0.067528	0.0792854	0.089022	0.109429	0.114998	0.11905	
287	0	0.0120719	0.0391388	0.056159	0.0697416	0.0799287	0.0947354	0.102725	0.109768	
288	0	0.216467	0.570052	0.792264	0.853322	0.909841	1.09846	1.14327	1.12012	
289	0	0.0986301	0.196443	0.288723	0.352931	0.392673	0.44823	0.508253	0.562037	
290	0	0.140421	0.182603	0.217989	0.245499	0.265969	0.295183	0.321813	0.349987	
291	0	0.160774	0.19629	0.219034	0.235438	0.248645	0.269942	0.282604	0.295275	
292	0	0.194	0.230991	0.252405	0.265776	0.277329	0.297943	0.305765	0.311642	
293	0	0.285948	0.306003	0.314582	0.321045	0.329224	0.341936	0.344381	0.346294	
294	0	0.519717	0.525749	0.519504	0.512946	0.51576	0.52106	0.511924	0.502226	
295	0	0.671584	0.690715	0.692247	0.691044	0.695119	0.705185	0.697756	0.687384	
296	0	0.704447	0.73261	0.746636	0.755672	0.764445	0.777916	0.779573	0.779148	
297	0	0.95602	1.12065	1.21802	1.247	1.27382	1.35163	1.36967	1.36159	
298	0	0.864937	0.918948	0.963901	0.995356	1.0173	1.04583	1.07238	1.09721	
299	0	0.553259	0.600492	0.640843	0.675473	0.694887	0.71856	0.745439	0.773496	
300	0	0.342349	0.384953	0.416873	0.446742	0.463186	0.485871	0.508538	0.531445	
301	0	0.325902	0.352155	0.369882	0.386568	0.398283	0.413737	0.425953	0.43919	
302	0	0.345969	0.364162	0.372259	0.381525	0.389523	0.400913	0.406122	0.411391	
303	0	0.286142	0.343126	0.374713	0.394194	0.40744	0.43463	0.444177	0.44892	
304	0	0.317282	0.470101	0.564806	0.609758	0.637451	0.709504	0.73315	0.73461	
305	0	0.450966	0.515924	0.562076	0.589727	0.61314	0.649555	0.671614	0.687447	
306	0	0.556441	0.60339	0.633236	0.649848	0.666614	0.691476	0.70274	0.711197	
307	0	0.688896	0.798918	0.865915	0.896685	0.924258	0.977113	0.992271	0.992106	
308	0	0.592212	0.643492	0.685237	0.714336	0.735631	0.761677	0.784955	0.806876	
309	0	0.425481	0.469895	0.505186	0.533505	0.55127	0.573748	0.594707	0.61616	
310	0	0.406883	0.4351	0.454557	0.471643	0.483922	0.500294	0.512458	0.525224	
311	0	0.391637	0.419738	0.436488	0.450571	0.461196	0.476646	0.484836	0.492358	
312	0	0.332034	0.365269	0.388052	0.405479	0.418007	0.434085	0.44437	0.454347	
313	0	0.251531	0.28264	0.304502	0.323636	0.335938	0.352237	0.364551	0.376478	
314	0	0.2142	0.242495	0.260749	0.276849	0.288086	0.303586	0.313734	0.323579	
315	0	0.187267	0.218961	0.238905	0.254725	0.266382	0.282831	0.291856	0.300125	
316	0	0.166592	0.199387	0.2206	0.236535	0.248645	0.265304	0.274447	0.282735	
317	0	0.213084	0.241117	0.257302	0.268188	0.279062	0.294172	0.299514	0.304212	
318	0	0.420276	0.434883	0.436226	0.433808	0.439704	0.449422	0.443787	0.437111	
319	0	0.453974	0.485753	0.50289	0.511938	0.52205	0.536338	0.537441	0.536287	
320	0	0.344037	0.386885	0.417932	0.439843	0.455279	0.474529	0.487288	0.498833	
321	0	0.332991	0.371124	0.39617	0.414793	0.428815	0.449199	0.460535	0.47009	
322	0	0.391951	0.437452	0.464356	0.479958	0.498981	0.522115	0.529554	0.533522	
323	0	0.549978	0.573525	0.584696	0.589984	0.600951	0.614718	0.616122	0.616226	
324	0	0.557346	0.597139	0.621173	0.635593	0.651605	0.670555	0.676469	0.679691	
325	0	0.514776	0.547117	0.568829	0.585689	0.599019	0.615952	0.626218	0.635424	
326	0	0.373892	0.407835	0.434437	0.456861	0.470634	0.487413	0.502578	0.517898	
327	0	0.385035	0.418722	0.435812	0.449988	0.464504	0.483769	0.491552	0.497444	
328	0	0.551412	0.564085	0.56571	0.566537	0.572653	0.582109	0.580235	0.577641	
329	0	0.510219	0.537232	0.552911	0.564904	0.574664	0.587847	0.592669	0.596099	
330	0	0.465641	0.493733	0.511393	0.526171	0.537259	0.552106	0.560276	0.567515	
331	0	0.265082	0.314239	0.349978	0.378573	0.397495	0.420451	0.438366	0.454908	
332	0	0.237009	0.272846	0.298042	0.318078	0.333825	0.35347	0.367389	0.381108	
333	0	0.233617	0.267707	0.289936	0.305854	0.320111	0.337846	0.347663	0.35736	
334	0	0.250808	0.280896	0.299189	0.312319	0.324938	0.341003	0.348256	0.355073	
335	0	0.231065	0.260799	0.279533	0.293957	0.305869	0.321385	0.329563	0.337084	
336	0	0.227486	0.254527	0.270798	0.283898	0.29501	0.309773	0.317047	0.323718	
337	0	0.600228	0.59616	0.57916	0.563893	0.564268	0.567404	0.552189	0.536223	
338	0	0.842125	0.849507	0.843077	0.834064	0.83519	0.838584	0.824498	0.807896	
339	0	1.07971	1.08888	1.08405	1.07818	1.08088	1.08647	1.07548	1.06158	
340	0	1.476	1.48273	1.47437	1.4638	1.46584	1.47027	1.45523	1.43741	
341	0	1.41963	1.45355	1.47365	1.48703	1.49932	1.51479	1.51931	1.52156	
342	0	1.39243	1.42595	1.44766	1.46324	1.47676	1.49373	1.50237	1.51021	
343	0	1.18854	1.22837	1.25774	1.28143	1.29729	1.31722	1.33324	1.34889	
344	0	1.15796	1.18967	1.20939	1.22569	1.23906	1.25644	1.26675	1.2767	
345	0	1.3885	1.40166	1.4029	1.40323	1.40898	1.41813	1.41513	1.41129	
346	0	1.39886	1.42347	1.43594	1.44521	1.45428	1.46687	1.46976	1.47121	
347	0	1.33692	1.36781	1.38663	1.40164	1.41376	1.42965	1.43779	1.44484	
348	0	1.30806	1.34293	1.36395	1.37969	1.39371	1.4114	1.4201	1.42788	
349	0	1.27037	1.30761	1.33122	1.34801	1.36288	1.38128	1.3911	1.40026	
350	0	1.44891	1.47296	1.48361	1.48928	1.49921	1.51233	1.51324	1.51346	
351	0	1.67034	1.69167	1.69791	1.70009	1.70844	1.71992	1.71666	1.71163	
352	0	1.63165	1.67618	1.70242	1.71948	1.73655	1.75702	1.76474	1.77052	
353	0	1.67828	1.70746	1.72421	1.73615	1.74809	1.76379	1.77023	1.77577	
354	0	1.69439	1.72231	1.7387	1.75046	1.76142	1.7761	1.78205	1.78729	
355	0	1.61581	1.64556	1.66461	1.67997	1.69173	1.70753	1.71661	1.72497	
356	0	1.40419	1.44672	1.47636	1.5003	1.51735	1.53872	1.55436	1.56912	
357	0	1.05598	1.22632	1.33963	1.40214	1.46991	1.54322	1.58047	1.60349	
358	0	1.10625	1.20965	1.28195	1.32144	1.36612	1.41601	1.44759	1.47485	
359	0	1.06549	1.1414	1.19454	1.22587	1.2579	1.29465	1.31851	1.34018	
360	0	0.970972	1.03485	1.07941	1.10813	1.13447	1.1656	1.18628	1.20531	
361	0	0.860026	0.894416	0.920277	0.941837	0.956447	0.97574	0.992488	1.00961	
362	0	0.799324	0.820314	0.834725	0.849145	0.858762	0.87165	0.881739	0.892448	
363	0	0.736548	0.760928	0.772862	0.78428	0.793295	0.807455	0.813943	0.819206	
364	0	0.824317	0.852867	0.865897	0.873721	0.884819	0.899897	0.901786	0.902083	
365	0	0.904485	0.930835	0.944251	0.952262	0.962443	0.976026	0.978248	0.979211	
