#Output values file generated by Xhydro
10
ReportTime
point# 1
point# 2
point# 3
point# 4
point# 5
point# 6
point# 7
point# 8
point# 9
1	-55.8087	-55.7155	-55.936	-55.7471	-55.7136	-55.7001	-55.7383	-55.6295	-55.8107	
2	-54.1775	-53.9339	-54.1368	-54.0324	-53.9537	-53.9213	-54.0123	-53.7748	-54.1971	
3	-48.3876	-47.8808	-48.3524	-48.188	-48.1126	-48.0632	-48.1753	-48.1538	-49.3442	
4	-42.2719	-41.9283	-42.2406	-42.0215	-41.9456	-41.8909	-42.0106	-42.1121	-44.3941	
5	-41.6891	-41.5155	-41.7192	-41.4121	-41.3211	-41.2604	-41.3976	-41.5815	-43.9463	
6	-41.3648	-41.517	-41.4244	-41.0781	-40.9815	-40.9179	-41.0628	-41.2958	-43.9467	
7	-40.888	-41.1724	-40.9945	-40.5825	-40.4752	-40.4072	-40.5649	-40.8646	-43.5566	
8	-40.3216	-40.5892	-40.4176	-40.0161	-39.9118	-39.8435	-39.9998	-40.3042	-43.0764	
9	-35.485	-35.6768	-35.5224	-35.1651	-35.0724	-35.0124	-35.1503	-35.4171	-38.9814	
10	-32.4905	-32.633	-32.4925	-32.1651	-32.0799	-32.0256	-32.1512	-32.3901	-36.3871	
11	-31.8216	-31.897	-31.8934	-31.4683	-31.3667	-31.3064	-31.45	-31.7739	-35.8075	
12	-30.7838	-30.7499	-30.7411	-30.3899	-30.2635	-30.1939	-30.3653	-30.6148	-34.6295	
13	-30.8897	-30.8227	-30.834	-30.5153	-30.3972	-30.3313	-30.4932	-30.7252	-34.6295	
14	-30.7505	-30.6664	-30.7073	-30.3861	-30.2711	-30.2065	-30.3653	-30.6136	-34.4355	
15	-29.9932	-29.8389	-29.8721	-29.6055	-29.4752	-29.405	-29.581	-29.783	-33.6386	
16	-29.7895	-29.6144	-29.6894	-29.3986	-29.266	-29.1951	-29.3737	-29.6029	-33.5261	
17	-29.5199	-29.3083	-29.3833	-29.1243	-28.9895	-28.917	-29.0997	-29.371	-33.3912	
18	-29.4766	-29.2593	-29.3238	-29.0936	-28.967	-28.8962	-29.0722	-29.3379	-33.343	
19	-29.4756	-29.2569	-29.3212	-29.0968	-28.9725	-28.9022	-29.0766	-29.3459	-33.3566	
20	-29.5082	-29.2784	-29.3485	-29.1363	-29.016	-28.9464	-29.1177	-29.3875	-33.4333	
21	-29.2445	-28.98	-29.1085	-28.8643	-28.7407	-28.668	-28.8459	-29.1622	-33.3235	
22	-29.1151	-28.8447	-28.976	-28.2573	-28.1257	-28.0478	-28.2378	-29.0335	-33.1983	
23	-28.7698	-28.598	-28.6657	-27.9057	-27.7674	-27.6859	-27.885	-28.7246	-33.1983	
24	-28.1261	-27.8891	-28.0877	-27.2413	-27.0885	-26.9998	-27.2176	-28.1434	-32.7552	
25	-28.2118	-27.9751	-28.1577	-27.3507	-27.2062	-27.1187	-27.3303	-28.2417	-32.8426	
26	-28.6087	-28.2556	-28.508	-27.7846	-27.656	-27.5734	-27.7692	-28.6225	-33.1494	
27	-28.3543	-27.9905	-28.2471	-27.5365	-27.4105	-27.3282	-27.5219	-28.3686	-32.8996	
28	-23.213	-22.8427	-23.0666	-22.4995	-22.402	-22.3279	-22.4923	-23.2364	-28.0741	
29	-23.9323	-23.0531	-23.5892	-23.3545	-23.317	-23.2672	-23.3625	-23.8219	-28.4182	
30	-22.3091	-20.5896	-21.8884	-21.8342	-21.8291	-21.7951	-21.8491	-22.1362	-26.0496	
31	-22.2121	-20.4952	-21.7906	-21.7389	-21.7343	-21.7002	-21.754	-22.0403	-25.9542	
32	-18.7085	-17.2126	-18.3143	-18.2768	-18.2755	-18.2438	-18.2915	-18.5542	-22.6745	
33	-18.0715	-16.734	-17.6426	-17.6899	-17.7039	-17.679	-17.708	-17.893	-21.9722	
34	-17.0295	-15.7273	-16.6	-16.6797	-16.6994	-16.6781	-16.6986	-16.8459	-20.7756	
35	-15.7363	-14.4738	-15.3753	-15.3752	-15.3803	-15.3549	-15.3895	-15.5932	-19.639	
36	-14.7023	-13.384	-14.2477	-14.3015	-14.2807	-14.2435	-14.3095	-14.4605	-18.5573	
37	-14.6393	-13.3561	-14.1973	-14.2421	-14.2203	-14.1824	-14.2504	-14.4158	-18.4832	
38	-14.5661	-13.288	-14.1253	-14.1698	-14.148	-14.1104	-14.1779	-14.3408	-18.412	
39	-14.0843	-12.7963	-13.706	-13.6756	-13.6418	-13.5989	-13.681	-13.9162	-17.9683	
40	-12.4499	-11.2242	-12.0186	-12.0294	-11.9751	-11.9253	-12.0294	-12.2362	-16.3171	
41	-10.6189	-9.70011	-10.1893	-10.2972	-10.2746	-10.2371	-10.3049	-10.4297	-14.3808	
42	-9.31	-8.32424	-8.77722	-8.94001	-8.88655	-8.8358	-8.94023	-9.01885	-12.945	
43	-7.90944	-6.79438	-7.23017	-7.47325	-7.38213	-7.31454	-7.46455	-7.46357	-11.3038	
44	-6.62385	-5.41685	-5.82594	-6.12943	-6.00493	-5.92256	-6.11297	-6.06789	-9.91098	
45	-6.5605	-5.36058	-5.76759	-5.97951	-5.85521	-5.77236	-5.96345	-6.00933	-9.8332	
46	-6.2856	-5.14162	-5.5084	-5.70622	-5.57917	-5.49449	-5.69015	-5.79131	-9.80548	
47	-6.10023	-5.18285	-5.47594	-5.60375	-5.50572	-5.43344	-5.59496	-5.76638	-9.68674	
48	-5.96002	-5.08996	-5.35442	-5.47123	-5.37293	-5.30068	-5.46255	-5.66251	-9.58666	
49	-5.44814	-4.588	-4.82509	-4.95052	-4.84336	-4.76742	-4.93982	-5.15161	-9.12777	
50	-4.61369	-3.89874	-4.08185	-4.17612	-4.08442	-4.01658	-4.16839	-4.40732	-8.35221	
51	-4.54682	-3.90182	-4.04539	-4.55847	-4.47943	-4.41504	-4.55504	-4.88421	-9.12741	
52	-2.69403	-1.99338	-2.11245	-2.81983	-2.72292	-2.65408	-2.81034	-3.02696	-6.88167	
53	-2.78772	-2.20268	-2.27803	-3.08323	-3.00101	-2.93733	-3.07814	-3.38867	-7.58446	
54	-1.92946	-1.58586	-1.54276	-2.17966	-2.1326	-2.09116	-2.17934	-2.3654	-6.0645	
55	-1.2815	-0.980168	-0.926967	-1.51207	-1.46461	-1.42513	-1.51061	-1.69222	-5.21159	
56	-2.42044	-2.35574	-1.9548	-2.7184	-2.70628	-2.67996	-2.72671	-2.76003	-7.09405	
57	-2.83859	-2.92438	-2.34101	-3.14412	-3.15373	-3.13798	-3.15734	-3.09563	-7.88582	
58	-2.92887	-3.06735	-2.42992	-3.23056	-3.24621	-3.23335	-3.24525	-3.16241	-8.11518	
59	-2.99437	-3.15209	-2.4944	-3.29552	-3.31178	-3.29885	-3.31074	-3.23112	-8.31814	
60	-4.0573	-3.85898	-3.46497	-4.38942	-4.43567	-4.43562	-4.41267	-4.19959	-9.5796	
61	-3.87698	-3.80338	-3.32099	-4.17463	-4.22232	-4.22395	-4.19773	-3.98872	-9.37275	
62	-4.36372	-4.40881	-3.76896	-4.67467	-4.73292	-4.73823	-4.70102	-4.44883	-10.2733	
63	-4.5214	-4.38513	-3.91796	-4.82176	-4.88963	-4.90004	-4.84999	-4.55407	-10.5638	
64	-3.9687	-3.7829	-3.43208	-4.23262	-4.2827	-4.28553	-4.25658	-4.05142	-9.89572	
65	-2.87415	-2.62285	-2.24508	-3.78851	-3.82357	-3.8172	-3.81005	-3.63857	-9.561	
66	-2.76825	-2.73457	-2.4057	-3.78752	-3.8414	-3.84563	-3.81208	-3.56827	-9.40766	
67	-3.39641	-3.16036	-2.96942	-6.90893	-4.62294	-4.63506	-4.57859	-4.24378	-10.6586	
68	-3.36063	-3.20337	-2.97221	-10.5172	-4.75996	-4.77066	-4.71674	-4.50569	-11.3309	
69	-3.3919	-6.70138	-3.00186	-13.0378	-4.78438	-4.79424	-4.74043	-4.53312	-11.3996	
70	-3.9948	-9.88207	-3.5402	-14.9727	-5.32118	-5.33899	-5.26383	-4.96535	-11.7793	
71	-3.50109	-11.4161	-3.10001	-16.6978	-4.71187	-4.72422	-4.66462	-4.43217	-14.3523	
72	-1.98195	-11.5752	-1.49387	-17.1697	-2.97469	-2.96871	-2.96018	-2.70409	-14.4615	
73	0.109841	-11.5094	0.811581	-17.0697	-0.69247	-0.659721	-0.725098	-0.375619	-13.9464	
74	2.17667	-11.9754	3.11256	-17.5656	1.54983	1.60851	1.47185	1.95343	-14.2792	
75	8.62683	-8.0882	9.50454	-13.7338	7.87412	8.01557	7.66102	8.31807	-9.06472	
76	11.7456	-7.93545	12.7329	-13.6355	11.0709	11.2528	10.7936	11.5316	-9.11413	
77	12.7962	-9.36398	13.8829	-15.0234	12.2342	12.4308	11.9346	12.6748	-11.1362	
78	14.9661	-9.68681	16.2506	-15.2863	14.6236	14.8496	14.2789	15.0158	-11.9037	
79	16.2144	-10.5493	17.5977	-16.0656	16.0081	16.2514	15.6404	16.3293	-13.4611	
80	17.8719	-10.5489	19.4051	-16.0283	17.8308	18.0966	17.432	18.1135	-13.7695	
81	21.1327	-8.37706	22.7565	-13.9797	21.1644	21.4715	20.7038	21.4076	-11.8074	
82	24.8959	-6.4591	26.6399	-12.2254	25.0049	25.3612	24.4693	25.2229	-10.2051	
83	28.0201	-5.62938	30.084	-11.5441	28.4025	28.8036	27.8002	28.5978	-9.85065	
84	31.482	-4.70742	33.6645	-10.7865	31.9335	27.7847	31.2609	32.0982	-9.48239	
85	35.5568	-2.26859	37.8722	-8.59238	36.0897	26.1931	35.3345	36.1927	-7.78706	
86	38.9597	-0.510842	41.3806	-6.98992	39.5587	25.5328	38.7392	39.5828	-6.90195	
87	41.0837	-0.701211	43.6957	-7.21957	41.8643	23.7017	41.0083	41.7912	-7.83506	
88	42.8771	-1.20507	45.6369	-7.72365	43.8085	21.7951	42.9242	43.6265	-9.03251	
89	42.4887	-1.34846	45.1941	-7.76437	43.4674	19.4943	42.5983	43.2296	-9.60989	
90	43.6264	-2.72073	46.4338	-9.19961	44.6933	17.0357	43.8068	44.4245	-11.2751	
91	45.0876	-2.92126	48.0286	-9.4722	46.2676	16.068	45.359	45.9521	-12.0253	
92	46.6268	-3.61258	49.7004	-10.2103	47.9265	14.7519	46.993	47.5569	-13.1731	
93	47.7431	-4.2613	50.9029	-10.8361	49.1281	13.444	48.1808	48.6948	-14.2313	
94	49.1292	-4.92975	52.4092	-11.5397	50.6205	12.2737	49.6538	50.1435	-15.2505	
95	50.4158	-6.03385	53.8096	-12.6553	52.0082	10.7915	51.0226	51.4936	-16.594	
96	52.7585	-4.03283	56.3891	-10.7238	54.5412	12.3036	53.5284	53.9484	-15.5543	
97	55.4817	-0.586337	59.2162	-7.21765	57.3132	15.1599	56.2901	56.6168	-13.3127	
98	57.3436	-0.08503	61.2628	-6.76683	59.3285	15.1587	58.3035	58.5226	-13.3277	
99	59.046	-0.286967	63.1373	-7.02432	61.1718	14.5754	60.1463	60.2608	-13.9163	
100	60.6652	0.0310404	64.9239	-6.76708	62.9247	14.4884	61.9039	61.9026	-14.0699	
101	62.5043	0.479117	66.9815	-6.43907	64.9233	14.7121	63.9081	63.8043	-14.1417	
102	64.112	0.583847	68.7843	-6.44453	66.6669	14.597	65.6591	65.4543	-14.4725	
103	65.5848	0.829609	70.4337	-6.30346	68.2632	14.5504	67.2702	66.9442	-14.6946	
104	58.9677	1.60987	63.2044	-5.49686	61.4466	14.7329	60.6129	60.1804	-13.9894	
105	60.7622	1.67863	65.2353	-5.5737	63.3877	14.6629	62.5668	62.0412	-14.2118	
106	62.1353	1.19196	66.7823	-6.1369	64.8657	13.9984	64.0582	63.4437	-14.8634	
107	63.5601	0.602297	68.3859	-6.80271	66.4012	13.2134	65.61	64.8895	-15.6245	
108	65.345	1.76288	70.4194	-5.74881	68.3349	14.0986	67.5771	66.6999	-15.0968	
109	67.5579	5.26573	72.9885	-2.28565	70.7529	17.4155	70.0651	68.9695	-12.8476	
110	69.4492	10.9388	75.2076	3.29038	72.8171	22.7809	72.2167	70.8978	-8.77763	
111	70.9726	13.686	76.9963	5.92002	74.4738	25.2659	73.9547	72.4373	-6.86654	
112	72.231	16.5448	78.4777	8.67428	75.8408	27.7144	75.4073	73.6957	-4.80694	
113	73.293	16.7799	79.7171	8.66705	76.9911	27.6727	76.6348	74.7461	-4.82764	
114	74.2633	15.2792	80.858	6.99694	78.0436	26.1029	77.757	75.7118	-6.28812	
115	75.215	13.7009	81.976	5.2427	79.0799	24.4868	78.8661	76.5276	-7.80739	
116	76.0528	13.5033	82.9703	4.8879	79.994	24.1628	79.8587	77.2421	-8.20637	
117	76.8302	11.9451	83.8929	3.19669	80.843	22.6157	80.7777	77.9113	-9.65408	
118	77.6568	11.5434	84.8865	2.66078	81.749	22.0922	81.7729	78.624	-10.309	
119	76.5168	10.9141	83.6902	2.0375	80.5907	21.1396	80.7434	77.367	-10.9272	
120	63.1953	8.22515	68.9919	-0.423039	66.659	17.9071	67.1256	63.8414	-12.8038	
121	63.1956	5.45856	68.9565	-3.02307	66.6096	14.6313	67.0543	63.7659	-14.8629	
122	63.3514	4.55251	69.1719	-3.84829	66.7702	13.2958	67.2718	63.8842	-15.5264	
123	61.2218	2.53437	66.8341	-5.67882	64.5214	10.8947	65.0743	61.6744	-16.8445	
124	61.5987	0.400132	67.2647	-7.78445	64.905	8.71915	65.4768	61.9853	-18.5427	
125	58.4247	-1.63936	63.7656	-9.64747	61.5645	6.54772	62.1918	58.7484	-19.9409	
126	55.0759	-3.2178	60.0958	-10.9891	58.0489	4.87355	58.7457	55.3251	-20.8009	
127	55.7907	-4.4127	60.9342	-12.0312	58.8001	3.68585	59.538	56.0531	-21.8124	
128	56.1023	-6.24967	61.2887	-13.6998	59.1118	1.88856	59.8528	56.352	-23.2292	
129	56.8974	-7.17687	62.2522	-14.4814	59.9554	0.927659	60.7539	57.1662	-24.1365	
130	57.8951	-7.02755	63.5049	-14.2452	61.026	0.871665	61.94	58.1955	-24.4409	
131	57.8771	-8.32319	63.5322	-15.3713	60.9897	-0.666647	61.9248	58.1611	-25.5687	
132	42.9208	-7.43729	47.1602	-14.1085	45.2693	-0.40722	46.4511	43.1788	-24.4968	
133	45.274	-7.49553	49.7724	-13.9747	47.6147	-0.254698	46.0386	45.5113	-24.469	
134	46.877	-8.09859	51.6584	-14.3545	49.3125	-0.645442	44.5082	47.2071	-24.8928	
135	48.8899	-7.03924	53.928	-13.1252	51.3089	0.446202	44.1429	49.1953	-24.2894	
136	50.9287	-7.24699	56.3785	-13.1812	53.5065	0.453484	44.5716	51.3956	-24.6682	
137	52.2605	-8.13352	57.9709	-13.8805	54.9341	-0.230957	43.5198	52.8378	-25.4489	
138	52.8146	-8.60735	58.7408	-14.148	55.5603	-0.608333	43.1225	53.5256	-25.9434	
139	53.9044	-9.32661	60.0724	-14.7028	56.7261	-1.23285	42.7802	54.7234	-26.6921	
140	54.4584	-10.4211	60.7316	-15.6091	57.2977	-2.28167	40.9649	55.3197	-27.5878	
141	55.7084	-8.51094	62.3761	-13.6935	58.6541	-0.518896	42.9998	56.7586	-26.7319	
142	56.9958	-6.04315	64.1322	-11.1537	60.0681	1.85078	45.9236	58.2814	-25.4972	
143	56.7275	-3.94835	64.1108	-9.0049	59.8421	3.77415	47.91	58.2326	-24.1801	
144	50.4208	-5.77724	57.0614	-10.6766	53.2256	1.63565	40.5805	51.9265	-24.5175	
145	34.0957	-7.31661	38.8492	-12.0183	36.0258	0.0157624	28.0858	35.377	-25.119	
146	30.8478	-9.17915	35.1796	-13.5318	32.5356	-1.78774	23.9605	32.0096	-25.9895	
147	31.6882	-10.4671	36.098	-14.6038	33.241	-3.04495	22.6174	32.7491	-26.9107	
148	33.3705	-11.3619	37.9797	-15.4075	34.8335	-3.88372	22.0354	34.4485	-27.6799	
149	34.4041	-10.6174	39.1263	-14.6988	35.7596	-3.57043	21.6593	35.4916	-27.354	
150	36.4194	-9.40943	41.3899	-13.3996	37.7276	-2.54965	22.7084	37.6346	-26.6445	
151	38.0539	-8.09279	43.2627	-12.0522	39.3294	-1.45034	23.7222	39.425	-25.6786	
152	38.5704	-8.42193	43.9368	-12.3794	39.8587	-2.06746	22.2008	40.0291	-25.778	
153	39.4029	-7.43117	45.0626	-11.398	40.7542	-1.39864	24.4762	41.1161	-25.0366	
154	40.054	-7.47523	45.9735	-11.5189	41.4592	-1.52254	26.7299	42.0235	-25.0049	
155	40.7613	-7.18731	46.9983	-11.2904	42.2365	-1.12213	29.7481	43.0651	-24.8625	
156	40.8351	-6.4939	47.2187	-10.6333	42.3388	-0.561213	31.6277	43.2479	-24.2967	
157	39.8076	-6.49536	46.0575	-10.5665	41.3002	-0.693508	31.4096	42.3286	-23.9037	
158	40.0927	-5.14761	46.3894	-9.1513	41.6149	0.56897	32.7292	42.719	-22.7692	
159	37.306	-7.51341	43.2535	-11.164	38.7485	-1.70238	28.6271	40.0091	-24.1579	
160	37.2128	-9.08232	43.1522	-12.547	38.6659	-2.97738	28.5625	39.9894	-25.1936	
161	37.4044	-8.89987	43.3825	-12.4577	38.8764	-2.94413	29.7856	40.2618	-25.0761	
162	37.1923	-8.27178	43.1632	-12.0057	38.6661	-2.75587	30.7522	40.1292	-24.7231	
163	36.1863	-10.6223	42.0541	-14.0983	37.6325	-5.18694	27.3679	39.0858	-26.4867	
164	36.1863	-11.1142	42.0821	-14.6474	37.6325	-6.18007	27.5562	39.1181	-26.6519	
165	15.4819	-10.9676	18.637	-14.4474	16.121	-6.66696	14.2377	18.0302	-27.0029	
166	18.821	-10.0101	22.5393	-13.5085	19.4857	-5.86957	15.6488	21.5134	-25.884	
167	21.8579	-9.08071	26.1941	-12.541	22.4883	-4.93113	17.4143	24.9526	-25.1521	
168	23.3784	-10.422	28.0164	-13.6906	23.9774	-5.88454	16.9589	26.6391	-26.1499	
169	24.4428	-11.2755	29.4913	-14.4687	25.1312	-6.55269	16.4836	28.0024	-26.8537	
170	24.7189	-12.0502	29.892	-15.1895	25.4227	-7.37813	15.1691	28.3091	-27.3272	
171	24.6254	-13.7248	29.7545	-16.6234	25.3067	-8.82907	13.0437	28.1016	-28.2671	
172	22.1457	-15.1377	26.7303	-17.7776	22.7521	-10.099	10.2458	25.2926	-29.0228	
173	16.0169	-17.0692	19.3891	-19.3148	16.4382	-11.7096	6.63652	18.4621	-30.0578	
174	17.0849	-17.7581	20.5627	-19.8207	17.4185	-12.1979	6.30434	19.4866	-30.3023	
175	19.7769	-16.7784	23.6072	-18.9513	20.0451	-11.2556	7.67829	22.3675	-29.6851	
176	20.5587	-17.1636	24.5322	-19.2643	20.772	-11.647	7.27165	23.135	-29.952	
177	20.8045	-17.6404	24.8734	-19.7974	20.9391	-12.4088	6.0605	23.2768	-30.3862	
178	20.6038	-18.8224	24.6914	-20.8354	20.7089	-13.609	4.50515	22.956	-31.7649	
179	21.2478	-19.1889	25.5919	-21.1708	21.3998	-13.9712	4.36279	23.7935	-31.9991	
180	21.6576	-19.5385	26.1987	-21.5568	21.8367	-14.4289	3.94414	24.3346	-32.2264	
181	21.3558	-18.9564	25.9946	-20.9824	21.595	-13.9078	4.62711	24.3402	-31.502	
182	22.4243	-16.0222	27.6105	-18.2474	22.7628	-11.269	8.20413	26.0987	-29.6265	
183	17.1559	-16.2105	21.2625	-18.2102	17.4528	-11.3105	6.30985	20.4502	-27.7152	
184	17.8712	-17.2795	22.3173	-19.1772	18.2079	-12.2103	5.77931	21.3718	-28.5758	
185	18.6232	-17.8551	23.464	-19.7522	19.0186	-12.7081	5.77097	22.4771	-29.1137	
186	19.4956	-16.5609	24.8783	-18.7792	19.962	-11.8878	7.14332	23.9301	-28.4995	
187	19.2104	-16.5411	24.6369	-18.8839	19.6759	-12.4	6.47779	23.6861	-28.6043	
188	19.8303	-15.7197	25.7086	-18.3268	20.3467	-11.6789	9.41656	24.8873	-27.9176	
189	19.8752	-15.4299	26.0241	-18.0839	20.4227	-11.2867	11.6269	25.4031	-27.61	
190	20.0739	-16.1883	26.2848	-18.7983	20.634	-11.9267	11.4847	25.7033	-28.1577	
191	15.9791	-17.7446	21.1361	-20.0944	16.4335	-13.4228	7.83246	20.9878	-29.1104	
192	15.4974	-18.286	20.5858	-20.5082	15.9403	-13.9471	6.68567	20.4518	-29.3355	
193	16.1973	-18.8363	21.7824	-21.1767	16.6947	-14.4364	6.88461	21.7522	-29.5018	
194	16.8771	-18.5902	23.0062	-21.1195	17.4288	-14.2231	9.3835	23.1542	-29.3263	
195	17.3711	-18.8132	23.9156	-21.3408	17.9616	-14.3206	11.3415	24.2162	-29.5742	
196	17.7756	-17.1299	24.7265	-20.2358	18.3932	-13.3157	14.5726	25.2325	-28.3824	
197	13.999	-18.2837	19.7821	-20.9596	14.4837	-14.1014	12.274	20.6235	-27.8717	
198	12.5751	-19.5759	17.9385	-21.8997	13.003	-15.2174	9.63288	18.755	-28.5231	
199	12.6512	-21.4591	18.0919	-23.5063	13.0741	-16.7571	8.02435	18.7879	-30.0812	
200	12.8442	-22.7308	18.4763	-24.7341	13.2736	-17.9732	7.87112	19.0889	-31.4384	
201	10.3325	-22.6759	15.128	-24.5541	10.6736	-18.1327	5.67425	15.8477	-30.794	
202	10.7621	-23.4005	15.8806	-25.2997	11.1171	-18.9008	4.82787	16.433	-31.7749	
203	11.5816	-23.3776	17.3749	-25.4757	11.9874	-18.9899	5.23387	18.0402	-31.8702	
204	12.321	-22.9566	18.7999	-25.2092	12.7738	-18.6367	7.34708	19.679	-31.8012	
205	12.0867	-22.868	18.6919	-25.0609	12.539	-18.5558	8.07622	19.726	-31.7034	
206	12.4924	-22.3148	19.5575	-24.8779	12.9665	-18.3586	9.83736	20.7223	-31.615	
207	12.7165	-23.0608	20.0196	-25.5365	13.1995	-19.0058	10.6024	21.2185	-32.4513	
208	11.4666	-23.0088	18.1894	-25.3943	11.8944	-19.1365	9.10045	19.4486	-32.2794	
209	11.6468	-22.8754	18.6224	-25.2983	12.0815	-19.0881	10.2238	19.9648	-32.3598	
210	11.9038	-22.2808	19.1747	-24.855	12.3477	-18.6831	11.7111	20.6552	-32.0133	
211	12.1932	-21.7683	19.8116	-24.3365	12.648	-18.0854	13.8208	21.5342	-31.6165	
212	12.455	-21.1905	20.2327	-23.8373	12.9178	-17.4908	15.9262	22.3561	-31.2456	
213	12.667	-19.8497	20.5592	-22.6856	13.1344	-16.2887	17.9172	22.8718	-30.5018	
214	12.8477	-18.3739	20.8135	-21.5522	13.3176	-15.1167	19.5655	23.2635	-29.5528	
215	11.2347	-18.0839	18.3514	-21.0359	11.6268	-14.6743	18.7967	21.0459	-28.6549	
216	11.0352	-17.8938	18.195	-20.7665	11.4179	-14.485	19.333	20.9493	-28.3271	
217	11.0352	-17.0265	18.4093	-19.8669	11.4179	-13.5415	20.4736	21.2817	-27.6071	
218	11.2043	-16.5311	18.6189	-19.3974	11.5889	-12.9889	21.7508	21.6013	-27.2406	
219	11.365	-15.6102	18.8064	-18.5195	11.7507	-12.0914	22.8715	21.8657	-26.7851	
220	11.365	-14.8537	18.9563	-17.8619	11.7507	-11.5322	23.6329	22.0456	-26.4082	
221	11.365	-14.8266	19.1041	-17.7751	11.7507	-11.4431	24.3903	22.2179	-26.4105	
222	6.31035	-14.7573	10.418	-17.5585	6.46721	-11.2401	16.2733	12.6592	-23.3444	
223	7.41846	-14.4567	11.9992	-17.2197	7.60785	-11.0124	18.4532	14.1959	-23.3571	
224	8.36198	-11.8168	13.4723	-14.6885	8.57557	-8.81461	21.2231	15.7689	-21.5615	
225	9.19322	-9.15345	14.7986	-11.8842	9.42422	-6.06644	24.2954	17.3066	-19.8364	
226	9.81891	-7.88893	15.7854	-10.4581	10.061	-4.40743	26.7311	18.4928	-19.0564	
227	8.21483	-8.55606	13.0843	-10.6165	8.39518	-4.63835	23.4607	15.5882	-18.3471	
228	7.40008	-9.67451	11.73	-11.4426	7.54936	-5.61922	21.1855	13.9851	-18.7886	
229	8.87447	-8.55631	14.0414	-10.3247	9.0746	-4.40674	24.5149	16.458	-18.4093	
230	9.75531	-8.64411	15.4824	-10.3899	9.98128	-4.4298	26.3431	17.9551	-18.8799	
231	9.69783	-10.7443	15.3792	-12.1609	9.91308	-6.26669	25.5779	17.704	-20.6234	
232	7.40252	-12.5226	11.7344	-13.6607	7.54816	-7.86831	19.9504	13.6037	-21.6393	
233	9.00103	-13.2588	13.8208	-14.2375	9.06858	-8.44521	21.2146	15.4099	-22.4968	
234	10.8695	-12.0348	16.4302	-12.9465	10.8601	-7.41155	23.6065	17.8959	-21.9669	
235	10.4	-13.1188	15.613	-13.7933	10.3964	-8.41958	20.3923	16.7495	-22.1359	
236	11.7564	-12.8926	17.5114	-13.3828	11.8295	-7.99142	21.3931	18.5593	-22.057	
237	12.9234	-12.5554	19.1834	-12.8875	13.0622	-7.46465	22.1848	20.1685	-21.9048	
238	13.992	-12.0942	20.8026	-12.316	14.1948	-6.81949	23.7286	21.7864	-21.6584	
239	10.8724	-16.1026	16.0803	-16.3513	10.9817	-11.3211	15.538	16.6287	-24.6579	
240	11.0643	-17.4283	16.231	-17.3958	11.1723	-12.402	13.701	16.4659	-25.5575	
241	10.2454	-18.821	14.9134	-18.5632	10.3063	-13.7634	10.569	14.794	-26.2731	
242	10.9804	-19.4157	15.7803	-18.9421	11.076	-14.1503	9.85935	15.4035	-26.7644	
243	7.73498	-21.2235	11.0699	-20.4645	7.75516	-15.7667	5.95612	10.6966	-27.9142	
244	5.60491	-23.061	8.15955	-21.9594	5.53454	-17.3771	3.61639	7.63784	-28.9617	
245	6.99876	-23.2145	9.62324	-21.7533	6.89652	-17.1569	3.88597	8.85562	-29.0591	
246	5.89378	-25.2597	8.38118	-23.3738	5.70941	-18.8103	2.39925	7.46383	-30.2857	
247	4.02083	-26.7365	6.16532	-24.6851	3.75559	-20.3099	0.375658	5.10958	-30.7979	
248	3.12424	-27.4722	5.17332	-25.2643	2.79604	-21.0647	-1.03935	3.93705	-31.8893	
249	3.83308	-28.1884	5.95404	-25.558	3.55961	-21.3197	-1.11092	4.53623	-33.0445	
250	5.77444	-28.2264	8.14064	-25.2147	5.64461	-20.8722	-0.292931	6.64419	-32.9842	
251	7.34974	-28.5377	9.93186	-25.1776	7.32966	-20.7394	0.279383	8.34782	-33.1533	
252	8.58263	-28.2063	11.3875	-24.6889	8.63753	-20.2372	0.81429	9.65095	-33.0043	
253	8.4429	-28.6936	11.2762	-25.0911	8.46011	-20.7302	0.050495	9.37754	-34.2623	
254	9.91866	-28.6707	13.0052	-24.8347	10.0372	-20.4072	0.697042	10.9825	-34.2376	
255	11.5339	-28.2776	14.9386	-24.2902	11.7588	-19.798	1.61925	12.7627	-34.0714	
256	12.4068	-28.0257	16.0496	-24.025	12.6743	-19.5509	1.88766	13.6703	-34.1192	
257	12.7848	-28.6513	16.5709	-24.5768	13.0549	-20.1108	1.51939	14.0135	-34.668	
258	12.8209	-29.7839	16.6777	-25.6124	13.0678	-21.1622	0.701466	13.9548	-35.6615	
259	12.7488	-30.4752	16.6666	-26.4467	12.9594	-22.107	-0.464532	13.7254	-36.461	
260	12.9443	-30.866	16.9636	-26.9711	13.1432	-22.7241	-1.27648	13.8247	-37.0389	
261	14.3938	-27.6577	18.9239	-23.8572	14.7123	-19.7285	1.68659	15.624	-35.1762	
262	15.3976	-27.5404	20.2617	-23.5661	15.7925	-19.3316	2.68312	16.8441	-35.0694	
263	16.1552	-26.9114	21.313	-22.9345	16.606	-18.6404	3.74479	17.7792	-34.7609	
264	16.5201	-26.8621	21.8581	-23.0268	16.9901	-18.764	3.59154	18.1998	-34.9392	
265	16.6089	-28.0802	22.0177	-24.2395	17.0692	-20.0053	2.43774	18.2376	-35.8853	
266	16.4636	-29.721	21.8523	-25.9975	16.8879	-21.863	0.334805	17.994	-37.2486	
267	16.1178	-31.7889	21.3987	-28.2042	16.4832	-24.1971	-2.37438	17.5045	-38.2567	
268	15.8476	-33.3368	21.042	-30.0308	16.164	-26.1918	-5.01824	17.1082	-39.7534	
269	12.7892	-34.7642	17.0568	-31.4473	13.0312	-27.6784	-6.04832	13.8993	-40.6626	
270	6.14914	-34.8443	8.15985	-31.7313	6.21365	-28.0635	-6.74191	6.67569	-40.6858	
271	5.3434	-35.6721	7.36716	-32.5334	5.32034	-28.8496	-7.58474	5.71133	-41.0782	
272	4.70171	-36.4604	6.77056	-33.3299	4.60723	-29.6332	-8.38882	4.92181	-41.5806	
273	3.93239	-37.3037	6.02821	-34.1911	3.75963	-30.4963	-9.27812	3.99119	-42.224	
274	3.71968	-38.1037	5.85637	-34.9159	3.5211	-31.181	-9.75694	3.7686	-42.8922	
275	3.03134	-38.864	5.22603	-35.5221	2.77456	-31.8022	-10.4324	3.10218	-43.4303	
276	1.13002	-39.024	3.41525	-35.9475	0.735795	-32.399	-11.9601	1.29125	-44.0132	
277	-0.521873	-38.8865	1.62844	-36.0627	-1.02873	-32.6952	-13.3876	-0.292363	-44.5786	
278	-0.259706	-38.3955	1.83548	-35.5961	-0.711469	-32.2465	-13.2746	-0.0986262	-43.7785	
279	0.445088	-37.2662	2.63049	-34.5446	0.0624985	-31.1927	-12.5869	0.600019	-42.8326	
280	0.141484	-36.1655	2.33101	-33.6587	-0.251308	-30.3922	-12.5642	0.146952	-42.0071	
281	-0.840642	-36.5182	1.23087	-34.0505	-1.29101	-30.843	-13.3679	-1.05356	-42.2864	
282	0.493912	-34.351	2.55982	-31.8376	0.18301	-28.6266	-11.7724	0.367964	-40.2258	
283	0.45937	-34.6988	2.36793	-32.0509	0.171635	-28.7961	-11.8967	0.321272	-40.9082	
284	0.889484	-35.2223	2.84678	-32.4333	0.639649	-29.077	-11.7902	0.771359	-41.2043	
285	1.72112	-35.3931	3.77054	-32.5001	1.53977	-29.0319	-11.3209	1.6677	-41.1135	
286	1.50092	-36.2535	3.49743	-33.2194	1.30986	-29.6881	-11.5903	1.44497	-41.5503	
287	0.304831	-37.2533	2.40349	-34.2147	0.0202969	-30.6958	-12.4684	0.314952	-42.1737	
288	-2.57302	-40.8414	-1.07166	-38.2587	-2.953	-35.0882	-17.8023	-2.33442	-42.894	
289	-2.4258	-41.8157	-0.985099	-39.2041	-2.78852	-36.0111	-18.21	-2.1959	-43.5813	
290	-3.07701	-41.6709	-1.62384	-39.1695	-3.47143	-36.0747	-18.5723	-2.81916	-43.6466	
291	-3.06937	-41.8739	-1.64875	-39.4088	-3.45116	-36.3475	-18.7269	-2.82592	-43.8295	
292	-3.08197	-41.916	-1.69127	-39.4972	-3.44996	-36.4805	-18.818	-2.85819	-44.0026	
293	-3.12718	-42.4807	-1.74116	-39.941	-3.49066	-36.9461	-19.0467	-2.92343	-44.6374	
294	-3.2142	-41.7575	-1.81036	-39.4233	-3.56519	-36.5063	-18.9048	-3.09486	-44.4906	
295	-4.23165	-41.9208	-2.75563	-39.4483	-4.63929	-36.6686	-19.5742	-4.06896	-45.0003	
296	-5.0471	-42.8435	-3.51565	-40.3581	-5.49702	-37.5729	-19.974	-4.84882	-45.5761	
297	-3.86185	-43.647	-2.64855	-41.2029	-4.1952	-38.4185	-20.376	-3.70138	-46.1051	
298	-3.65817	-43.0909	-2.43024	-40.7799	-3.95624	-38.0677	-20.2126	-3.53202	-46.5322	
299	-2.8962	-41.737	-1.5792	-39.649	-3.111	-36.9953	-19.449	-2.74426	-45.4883	
300	-2.85005	-41.6531	-1.54297	-39.6278	-3.04937	-37.0263	-19.4431	-2.72524	-45.4901	
301	-2.61816	-40.9231	-1.27324	-39.0466	-2.78541	-36.4979	-19.0529	-2.52307	-44.8511	
302	-2.84747	-40.182	-1.5187	-38.4605	-3.01948	-35.9909	-18.8641	-2.85601	-44.1761	
303	-2.75256	-40.1134	-1.50194	-38.4036	-2.91459	-35.9896	-18.856	-2.77059	-44.1874	
304	-2.57716	-40.7431	-1.50811	-38.8837	-2.73486	-36.5328	-19.3344	-2.63541	-44.8234	
305	-2.40151	-41.7756	-1.38323	-39.8991	-2.54988	-37.5703	-19.8016	-2.55955	-45.4298	
306	-2.03019	-41.3026	-1.09118	-38.9037	-2.14045	-36.6475	-19.1998	-2.32707	-45.9899	
307	-1.63005	-42.2851	-0.812291	-39.9366	-1.72147	-37.7082	-19.6924	-2.05528	-46.5317	
308	-1.23573	-42.6229	-0.464809	-40.1416	-1.2916	-37.9506	-19.6794	-1.89122	-46.5307	
309	-0.350806	-42.3849	0.503613	-40.0502	-0.331802	-37.8801	-19.309	-1.33671	-46.3529	
310	0.813114	-41.652	1.78874	-39.4921	0.927938	-37.3376	-18.552	-0.292674	-45.6232	
311	0.901014	-42.0651	1.8713	-39.7738	1.02258	-37.664	-18.6376	-0.279494	-46.202	
312	1.59249	-41.2335	2.63946	-39.1398	1.76636	-37.0632	-17.9973	0.371093	-45.7432	
313	2.657	-40.5404	3.80976	-38.5725	2.91272	-36.5109	-17.2048	1.42248	-45.0395	
314	2.75762	-40.0332	3.89808	-38.2016	3.0121	-36.1894	-16.8716	1.5741	-44.7229	
315	2.68138	-39.8829	3.81651	-38.1209	2.91967	-36.1643	-16.7699	1.52955	-44.5297	
316	2.38262	-40.5422	3.53941	-38.631	2.5894	-36.7275	-17.0869	1.27429	-45.1961	
317	1.5295	-40.9413	2.75171	-38.8653	1.65942	-37.0435	-17.5829	0.442618	-45.8122	
318	0.948406	-41.9254	2.21162	-39.3838	1.02791	-37.6251	-18.0931	-0.115672	-46.3916	
319	0.948406	-42.8286	2.21162	-40.3885	1.02791	-38.6645	-18.5996	-0.188113	-46.9362	
320	0.181141	-42.1562	1.49196	-40.0301	0.201608	-38.3962	-19.0114	-1.25745	-47.4287	
321	-0.684952	-42.4113	0.674187	-40.2148	-0.729565	-38.6597	-19.6152	-2.21517	-47.8975	
322	-0.938382	-43.2142	0.373921	-39.7929	-1.00012	-38.2922	-19.614	-2.5495	-48.3429	
323	-1.01956	-42.7474	0.260311	-39.1175	-1.0827	-37.6594	-19.3389	-2.70662	-48.7601	
324	-0.282924	-41.2899	0.867641	-37.9939	-0.286586	-36.5541	-18.3999	-2.07492	-47.4823	
325	0.740689	-41.0971	1.77546	-38.1105	0.591507	-36.6798	-18.0621	-1.51318	-47.2322	
326	3.09378	-38.8422	4.3491	-36.3429	2.85756	-34.8768	-16.0331	0.879051	-44.9926	
327	4.04526	-37.6639	5.34377	-35.4122	3.75342	-33.9674	-15.0525	1.83392	-43.996	
328	4.98081	-37.0992	6.34809	-35.0108	4.67893	-33.5842	-14.3744	2.66272	-43.4537	
329	6.08968	-36.8053	7.54958	-34.8157	5.83093	-33.4019	-13.7085	3.6886	-43.1153	
330	7.15196	-36.7561	8.70364	-34.8269	6.95131	-33.4282	-13.1645	4.67309	-42.9734	
331	7.24834	-37.3874	8.75267	-35.1864	7.04645	-33.8317	-13.1763	4.77883	-43.0572	
332	7.24834	-38.6667	8.75267	-36.4724	7.04645	-35.1641	-13.7641	4.71853	-43.8472	
333	7.41924	-39.5162	8.89887	-37.2499	7.22697	-35.981	-14.0605	4.78851	-44.2796	
334	7.29693	-39.7655	8.76933	-37.6366	7.09231	-36.4116	-14.2788	4.69135	-44.417	
335	7.68543	-39.8753	9.10515	-37.8792	7.50921	-36.6824	-14.216	4.98305	-44.4928	
336	7.86992	-40.0038	9.25835	-38.1497	7.70663	-36.986	-14.263	5.12127	-44.5721	
337	8.1432	-40.2686	9.49438	-38.5269	8.00078	-37.3945	-14.3376	5.31666	-44.7681	
338	8.75653	-39.6823	10.1614	-38.1036	8.6628	-36.9849	-13.796	6.06236	-44.0816	
339	8.77224	-39.9363	10.1658	-38.4597	8.6778	-37.3789	-13.9711	6.0649	-44.2986	
340	8.41041	-40.6728	9.83113	-39.1468	8.28634	-38.114	-14.5035	5.73948	-44.7371	
341	7.02488	-41.6251	8.56555	-40.1638	6.7923	-39.1731	-15.0572	5.69359	-45.4212	
342	6.328	-42.1745	7.91623	-40.7224	6.04546	-39.7834	-15.8277	4.91651	-45.7298	
343	6.21161	-42.2513	7.79153	-40.9671	5.92461	-40.0601	-16.1247	4.71332	-45.7792	
344	5.84993	-42.1248	7.38998	-40.9745	5.569	-40.0915	-16.2074	4.44301	-45.6188	
345	6.00124	-42.0048	7.50856	-40.9925	5.73583	-40.1302	-16.1987	4.57031	-45.4467	
346	5.89537	-42.0481	7.39928	-41.1683	5.62522	-40.3338	-16.3885	4.4724	-45.4046	
347	5.32911	-42.6351	6.87783	-41.759	5.0186	-40.9658	-17.0178	3.95215	-45.7712	
348	5.31995	-43.3772	6.86505	-42.5809	5.01013	-41.8221	-17.5106	3.91717	-46.3867	
349	5.31995	-44.0635	6.86505	-43.3684	5.01013	-42.6408	-18.0029	3.88801	-46.9752	
350	4.31087	-44.6098	5.93878	-44.0465	3.92829	-43.3623	-19.004	2.8561	-47.441	
351	4.31087	-45.1826	5.93878	-44.7375	3.92829	-44.0783	-19.4683	2.83143	-47.9628	
352	3.10218	-45.6026	4.79642	-45.3137	2.64434	-44.6964	-20.5124	1.64694	-48.3665	
353	2.21142	-46.0092	3.97404	-45.8568	1.69333	-45.2681	-21.3378	0.846602	-48.7466	
354	1.84801	-45.8777	3.62416	-45.9048	1.31277	-45.3268	-21.6719	0.490942	-48.5788	
355	1.54313	-45.7784	3.33	-45.9703	0.99476	-45.4029	-21.97	0.201357	-48.455	
356	0.795552	-45.9594	2.61888	-46.1834	0.206409	-45.6385	-22.5505	-0.488838	-48.5738	
357	0.830489	-46.3924	2.33922	-46.7424	0.342937	-46.2089	-22.9669	-0.363769	-49.0087	
358	-0.220214	-46.7297	1.25296	-47.3902	-0.738884	-46.8793	-23.9323	-1.23405	-49.5981	
359	-1.94581	-47.212	-0.394963	-47.9933	-2.55641	-47.5125	-25.3042	-2.85216	-50.1636	
360	-1.8463	-46.5661	-0.382076	-47.4691	-2.41834	-46.9733	-25.1693	-2.8824	-49.4156	
361	-1.53581	-45.8152	-0.0612228	-46.8665	-2.06917	-46.3452	-24.8154	-2.56567	-48.3687	
362	-0.210017	-43.7158	1.37715	-44.9436	-0.622042	-44.36	-23.1789	-1.00161	-45.4899	
363	-0.177606	-43.5936	1.38705	-44.861	-0.577433	-44.28	-23.1875	-1.00709	-45.3662	
364	-1.13092	-44.1732	0.500727	-45.4683	-1.59405	-44.919	-23.966	-1.73988	-46.1109	
365	-1.76362	-44.6552	-0.0842631	-45.9552	-2.26727	-45.4259	-24.5531	-2.23521	-46.6416	
