#Output values file generated by Xhydro
10
ReportTime
point# 1
point# 2
point# 3
point# 4
point# 5
point# 6
point# 7
point# 8
point# 9
1	-57	-57	-57	-57	-57	-57	-57	-57	-57	
2	-57	-57	-57	-57	-57	-57	-57	-57	-57	
3	-52.8933	-52.9573	-52.9652	-52.9119	-52.9774	-52.9113	-52.9115	-52.9102	-52.8473	
4	-52.7304	-52.7828	-52.7926	-52.748	-52.8061	-52.7481	-52.7479	-52.7464	-52.6705	
5	-52.7304	-52.7828	-52.7926	-52.748	-52.8061	-52.7481	-52.7479	-52.7464	-52.6705	
6	-52.5363	-52.5363	-52.5363	-52.5363	-52.5363	-52.5363	-52.5363	-52.5363	-52.5363	
7	-52.5363	-52.5363	-52.5363	-52.5363	-52.5363	-52.5363	-52.5363	-52.5363	-52.5363	
8	-48.8138	-48.8664	-48.8748	-48.8303	-48.8867	-48.8302	-48.83	-48.8275	-48.7633	
9	1	1	1	1	1	1	1	1	1	
10	1	1	1	1	1	1	1	1	1	
11	-50.0754	-50.0754	-50.0754	-50.0754	-50.0754	-50.0754	-50.0754	-50.0754	-50.0754	
12	-53.2667	-53.2667	-53.2667	-53.2667	-53.2667	-53.2667	-53.2667	-53.2667	-53.2667	
13	-53.2667	-53.2667	-53.2667	-53.2667	-53.2667	-53.2667	-53.2667	-53.2667	-53.2667	
14	-57.4706	-59.188	-59.6495	-59.6495	-59.6495	-58.6133	-57.79	-59.6495	-56.7074	
15	-57.4706	-59.188	-59.6495	-59.6495	-59.6495	-58.6133	-57.79	-59.6495	-56.7074	
16	-57.4706	-59.188	-59.6495	-59.6495	-59.6495	-58.6133	-57.79	-59.6495	-56.7074	
17	-57.4706	-59.188	-59.6495	-59.6495	-59.6495	-58.6133	-57.79	-59.6495	-56.7074	
18	-72.1352	-72.2272	-72.2371	-72.161	-72.2531	-72.1598	-72.1602	-72.1595	-72.0784	
19	-72.1352	-72.2272	-72.2371	-72.161	-72.2531	-72.1598	-72.1602	-72.1595	-72.0784	
20	-72.1352	-72.2272	-72.2371	-72.161	-72.2531	-72.1598	-72.1602	-72.1595	-72.0784	
21	-72.1352	-72.2272	-72.2371	-72.161	-72.2531	-72.1598	-72.1602	-72.1595	-72.0784	
22	-27.1338	-27.1684	-27.1721	-27.1435	-27.1781	-27.143	-27.1432	-27.1429	-27.1124	
23	-27.1338	-27.1684	-27.1721	-27.1435	-27.1781	-27.143	-27.1432	-27.1429	-27.1124	
24	-27.1338	-27.1684	-27.1721	-27.1435	-27.1781	-27.143	-27.1432	-27.1429	-27.1124	
25	-27.1338	-27.1684	-27.1721	-27.1435	-27.1781	-27.143	-27.1432	-27.1429	-27.1124	
26	-27.1338	-27.1684	-27.1721	-27.1435	-27.1781	-27.143	-27.1432	-27.1429	-27.1124	
27	-108.34	-108.478	-108.493	-108.378	-108.517	-108.377	-108.377	-108.376	-108.254	
28	-124.634	-124.765	-124.787	-124.676	-124.818	-124.676	-124.676	-124.671	-124.501	
29	-104.131	-104.241	-104.26	-104.166	-104.286	-104.166	-104.166	-104.163	-104.021	
30	1	1	1	1	1	1	1	1	1	
31	1	1	1	1	1	1	1	1	1	
32	1	1	1	1	1	1	1	1	1	
33	1	1	1	1	1	1	1	1	1	
34	1	1	1	1	1	1	1	1	1	
35	1	1	1	1	1	1	1	1	1	
36	-45.4491	-45.4823	-45.4922	-45.4624	-45.5043	-45.4633	-45.4624	-45.4577	-45.3832	
37	-43.757	-43.757	-43.757	-43.757	-43.757	-43.757	-43.757	-43.757	-43.757	
38	1	1	1	1	1	1	1	1	1	
39	-40.119	-40.119	-40.119	-40.119	-40.119	-40.119	-40.119	-40.119	-40.119	
40	1	1	1	1	1	1	1	1	1	
41	1	1	1	1	1	1	1	1	1	
42	1	1	1	1	1	1	1	1	1	
43	1	1	1	1	1	1	1	1	1	
44	1	1	1	1	1	1	1	1	1	
45	-32.1822	-32.2232	-32.2277	-32.1937	-32.2348	-32.1932	-32.1934	-32.193	-32.1569	
46	-32.1822	-32.2232	-32.2277	-32.1937	-32.2348	-32.1932	-32.1934	-32.193	-32.1569	
47	1	1	1	1	1	1	1	1	1	
48	1	1	1	1	1	1	1	1	1	
49	1	1	1	1	1	1	1	1	1	
50	1	1	1	1	1	1	1	1	1	
51	1	-60.4384	1	-59.484	-59.484	-59.6154	-59.6965	-59.484	-60.4384	
52	1	1	1	1	1	1	1	1	1	
53	1	1	1	1	1	1	1	1	1	
54	1	1	1	1	1	1	1	1	1	
55	1	1	1	1	1	1	1	1	1	
56	-75.2749	-75.3491	-75.3631	-75.2996	-75.3822	-75.2999	-75.2992	-75.2942	-75.1886	
57	-106.496	-106.602	-106.622	-106.532	-106.649	-106.532	-106.532	-106.532	-106.375	
58	-68.0342	-68.1025	-68.115	-68.0571	-68.1326	-68.0571	-68.057	-68.0561	-67.9577	
59	-60.936	-60.936	-60.936	-60.936	-60.936	-60.936	-60.936	-60.936	-60.936	
60	-53.4294	-53.483	-53.4928	-53.4474	-53.5067	-53.4474	-53.4474	-53.447	-53.3693	
61	1	1	1	1	1	1	1	1	1	
62	-53.558	-53.558	-53.558	-53.558	-53.558	-53.558	-53.558	-53.558	-53.558	
63	-75.2275	-75.3027	-75.3166	-75.2528	-75.3362	-75.2529	-75.2529	-75.2529	-75.1427	
64	-75.2275	-75.3027	-75.3166	-75.2528	-75.3362	-75.2529	-75.2529	-75.2529	-75.1427	
65	-75.2275	-46.9376	-75.3166	-65.8	-65.8	-62.7178	-65.8	-65.8	-65.8	
66	1	1	1	1	1	1	1	1	1	
67	-105.074	-105.181	-105.2	-105.109	-105.227	-105.109	-105.109	-105.108	-104.958	
68	-105.074	-105.181	-105.2	-105.109	-105.227	-105.109	-105.109	-105.108	-104.958	
69	-49.5968	-49.6462	-49.6554	-49.6131	-49.6679	-49.6133	-49.6129	-49.6097	-49.5406	
70	-60.5602	-60.621	-60.6322	-14.9727	-60.6479	-60.5807	-60.5807	-60.5807	-60.4923	
71	1	1	1	-10.3394	1	1	1	1	1	
72	-26.5978	-9.68144	-26.6293	-10.4867	-26.6362	-26.6068	-26.6068	-26.607	-26.5678	
73	1	-11.5094	1	-17.0697	1	1	1	1	1	
74	1	-11.9754	1	-17.5656	1	1	1	1	1	
75	1	-8.0882	1	-13.7338	1	1	1	1	1	
76	1	-7.93545	1	-13.6355	1	1	1	1	-9.11413	
77	1	-9.36398	1	-15.0234	1	1	1	1	-11.1362	
78	1	-9.68681	1	-15.2863	1	1	1	1	-11.9037	
79	1	-10.5493	1	-16.0656	1	1	1	1	-13.4611	
80	1	-10.5489	1	-16.0283	1	1	1	1	-13.7695	
81	1	-8.37706	1	-13.9797	1	1	1	1	-11.8074	
82	1	-6.4591	1	-12.2254	1	1	1	1	-10.2051	
83	1	-5.62938	1	-11.5441	1	1	1	1	-9.85065	
84	1	-4.70742	1	-10.7865	1	1	1	1	-9.48239	
85	1	-2.26859	1	-8.59238	1	1	1	1	-7.78706	
86	1	-0.510842	1	-6.98992	1	1	1	1	-6.90195	
87	1	-0.701211	1	-7.21957	1	1	1	1	-7.83506	
88	1	-1.20507	1	-7.72365	1	1	1	1	-9.03251	
89	-34.7363	-1.62358	-34.7854	-7.76437	-34.7931	-34.7481	-34.7484	-34.748	-9.84669	
90	-34.7363	-2.72073	-34.7854	-9.19961	-34.7931	-34.7481	-34.7484	-34.748	-11.2751	
91	-34.7363	-2.92126	-34.7854	-9.4722	-34.7931	-34.7481	-34.7484	-34.748	-12.0253	
92	-34.7363	-3.61258	-34.7854	-10.2103	-34.7931	-34.7481	-34.7484	-34.748	-13.1731	
93	-34.7363	-4.2613	-34.7854	-10.8361	-34.7931	-34.7481	-34.7484	-34.748	-14.2313	
94	-34.7363	-4.92975	-34.7854	-11.5397	-34.7931	-34.7481	-34.7484	-34.748	-15.2505	
95	-34.7363	-6.03385	-34.7854	-12.6553	-34.7931	10.7915	-34.7484	-34.748	-16.594	
96	-34.7363	-4.03283	-34.7854	-10.7238	-34.7931	12.3036	-34.7484	-34.748	-15.5543	
97	-34.7363	-0.586337	-34.7854	-7.21765	-34.7931	15.1599	-34.7484	-34.748	-13.3127	
98	-34.7363	-0.08503	-34.7854	-6.76683	-34.7931	15.1587	-34.7484	-34.748	-13.3277	
99	-34.7363	-0.286967	-34.7854	-7.02432	-34.7931	14.5754	-34.7484	-34.748	-13.9163	
100	-34.7363	0.0310404	-34.7854	-6.76708	-34.7931	14.4884	-34.7484	-34.748	-14.0699	
101	-34.7363	0.479117	-34.7854	-6.43907	-34.7931	14.7121	-34.7484	-34.748	-14.1417	
102	-34.7363	0.583847	-34.7854	-6.44453	-34.7931	14.597	-34.7484	-34.748	-14.4725	
103	-34.7363	0.829609	-34.7854	-6.30346	-34.7931	14.5504	-34.7484	-34.748	-14.6946	
104	-15.0327	0.41395	-15.0539	-4.62145	-15.0573	9.01824	-15.0379	-15.0378	-11.407	
105	-15.0327	1.67863	-15.0539	-5.5737	-15.0573	14.6629	-15.0379	-15.0378	-14.2118	
106	-15.0327	1.19196	-15.0539	-6.1369	-15.0573	13.9984	-15.0379	-15.0378	-14.8634	
107	-15.0327	0.602297	-15.0539	-6.80271	-15.0573	13.2134	-15.0379	-15.0378	-15.6245	
108	-15.0327	1.76288	-15.0539	-5.74881	-15.0573	14.0986	-15.0379	-15.0378	-15.0968	
109	-15.0327	5.26573	-15.0539	-2.28565	-15.0573	17.4155	-15.0379	-15.0378	-12.8476	
110	-15.0327	10.9388	-15.0539	3.29038	-15.0573	17.4155	-15.0379	-15.0378	-8.77763	
111	-15.0327	13.686	-15.0539	5.92002	-15.0573	25.2659	-15.0379	-15.0378	-6.86654	
112	-15.0327	16.5448	-15.0539	8.67428	-15.0573	27.7144	-15.0379	-15.0378	-4.80694	
113	-15.0327	16.7799	-15.0539	8.66705	-15.0573	27.6727	-15.0379	-15.0378	-4.82764	
114	-15.0327	15.2792	-15.0539	6.99694	-15.0573	26.1029	-15.0379	-15.0378	-6.28812	
115	-15.0327	13.7009	-15.0539	5.2427	-15.0573	24.4868	-15.0379	-15.0378	-7.80739	
116	-15.0327	13.5033	-15.0539	4.8879	-15.0573	24.1628	-15.0379	-15.0378	-8.20637	
117	-15.0327	11.9451	-15.0539	3.19669	-15.0573	22.6157	-15.0379	-15.0378	-9.65408	
118	-15.0327	11.5434	-15.0539	2.66078	-15.0573	22.0922	-15.0379	-15.0378	-10.309	
119	1	10.9141	1	2.0375	1	21.1396	1	1	-10.9272	
120	1	4.83962	1	0.165949	1	9.65926	1	1	-7.48658	
121	1	5.45856	1	-3.02307	1	14.6313	1	1	-14.8629	
122	1	4.55251	1	-3.84829	1	13.2958	1	1	-15.5264	
123	1	2.53437	1	-5.67882	1	10.8947	1	1	-16.8445	
124	1	0.400132	1	-7.78445	1	8.71915	1	1	-18.5427	
125	1	-1.18503	1	-8.16952	1	5.56612	1	1	-17.4372	
126	-59.4296	-6.22268	-59.5135	-12.5539	-59.5267	-0.0108452	-59.4502	-59.4496	-21.8579	
127	-59.4296	-4.4127	-59.5135	-12.0312	-59.5267	3.68585	-59.4502	-59.4496	-21.8124	
128	-59.4296	-6.24967	-59.5135	-13.6998	-59.5267	1.88856	-59.4502	-59.4496	-23.2292	
129	-59.4296	-7.17687	-59.5135	-14.4814	-59.5267	0.927659	-59.4502	-59.4496	-24.1365	
130	-59.4296	-7.02755	-59.5135	-14.2452	-59.5267	0.871665	-59.4502	-59.4496	-24.4409	
131	1	-8.32319	1	-15.3713	1	-0.666647	1	1	-25.5687	
132	1	-2.1199	1	-5.02959	1	0.530888	1	1	-10.1452	
133	1	-7.49553	1	-13.9747	1	-0.254698	1	1	-24.469	
134	1	-8.09859	1	-14.3545	1	-0.645442	1	1	-24.8928	
135	1	-7.03924	1	-13.1252	1	0.446202	1	1	-24.2894	
136	1	-7.24699	1	-13.1812	1	0.453484	1	1	-24.6682	
137	1	-8.13352	1	-13.8805	1	-0.230957	1	1	-25.4489	
138	1	-8.60735	1	-14.148	1	-0.608333	1	1	-25.9434	
139	1	-9.32661	1	-14.7028	1	-1.23285	1	1	-26.6921	
140	1	-10.4211	1	-15.6091	1	-2.28167	1	1	-27.5878	
141	1	-8.51094	1	-13.6935	1	-0.518896	1	1	-26.7319	
142	1	-6.04315	1	-11.1537	1	-0.518896	1	1	-26.7319	
143	1	-3.94835	1	-9.0049	1	1	1	1	1	
144	1	-3.75923	1	-7.46485	1	1.49627	1	1	-24.5175	
145	1	-1.34699	1	-2.77897	1	0.765047	1	1	-8.12902	
146	1	-4.88323	1	-7.36904	1	-0.423654	1	1	-15.968	
147	1	-10.4671	1	-14.6038	1	-3.04495	1	1	-26.9107	
148	1	-11.3619	1	-15.4075	1	-3.04495	1	1	-26.9107	
149	1	-10.6174	1	-14.6988	1	-3.57043	1	1	-27.354	
150	1	-9.40943	1	-13.3996	1	-3.57043	1	1	-27.354	
151	1	-8.09279	1	-12.0522	1	-3.57043	1	1	-27.354	
152	1	-8.42193	1	-12.3794	1	-3.57043	1	1	-27.354	
153	1	-7.43117	1	-12.3794	1	-3.57043	1	1	-27.354	
154	1	-7.47523	1	-12.3794	1	-3.57043	1	1	-27.354	
155	1	-7.18731	1	-12.3794	1	-3.57043	1	1	-27.354	
156	1	-6.4939	1	-10.6333	1	1	1	1	1	
157	1	-6.49536	1	-10.5665	1	1	1	1	1	
158	1	-5.14761	1	-9.1513	1	1	1	1	1	
159	1	-6.68473	1	-10.16	1	-1.70238	1	1	1	
160	1	-9.08232	1	-12.547	1	-2.97738	1	1	1	
161	1	-8.89987	1	-12.4577	1	-2.97738	1	1	1	
162	1	-8.27178	1	-12.0057	1	1	1	1	1	
163	1	-10.6223	1	-14.0983	1	-5.18694	1	1	-26.4867	
164	1	-11.1142	1	-14.6474	1	-5.18694	1	1	-26.4867	
165	1	-1.21813	1	-1.79333	1	-0.14235	1	1	-5.8844	
166	1	-10.0101	1	-13.5085	1	-0.14235	1	1	-5.8844	
167	1	-9.08071	1	-13.5085	1	-0.14235	1	1	-5.8844	
168	1	-10.422	1	-13.6906	1	-0.14235	1	1	-5.8844	
169	1	-11.2755	1	-14.4687	1	-0.14235	1	1	-5.8844	
170	1	-12.0502	1	-15.1895	1	-7.37813	1	1	1	
171	1	-13.7248	1	-16.6234	1	-8.82907	1	1	-28.2671	
172	1	-10.0164	1	-11.5859	1	-5.8517	1	1	-20.1073	
173	1	-4.71942	1	-5.12168	1	-2.24674	1	1	-9.87403	
174	1	-17.7581	1	-19.8207	1	-12.1979	1	1	-9.87403	
175	1	-16.7784	1	-18.9513	1	-12.1979	1	1	-9.87403	
176	1	-17.1636	1	-19.2643	1	-11.647	1	1	-9.87403	
177	1	-17.6404	1	-19.7974	1	-12.4088	1	1	-9.87403	
178	1	-18.8224	1	-20.8354	1	-13.609	1	1	-31.7649	
179	1	-19.1889	1	-21.1708	1	-13.9712	1	1	-31.7649	
180	1	-19.5385	1	-21.5568	1	-14.4289	1	1	-32.2264	
181	1	-18.9564	1	-20.9824	1	-13.9078	1	1	-31.502	
182	1	-16.0222	1	-20.9824	1	-13.9078	1	1	-31.502	
183	1	-6.66104	1	-7.73401	1	-4.5255	1	1	-20.2022	
184	1	-17.2795	1	-19.1772	1	-12.2103	1	1	-28.5758	
185	1	-17.8551	1	-19.7522	1	-12.7081	1	1	-29.1137	
186	1	-16.5609	1	-19.7522	1	-12.7081	1	1	-29.1137	
187	1	-16.5411	1	-18.8839	1	1	1	1	1	
188	1	-15.7197	1	-18.3268	1	1	1	1	1	
189	1	-15.4299	1	-18.0839	1	1	1	1	1	
190	1	-16.1883	1	-18.7983	1	-11.9267	1	1	-28.1577	
191	1	-9.13659	1	-9.99924	1	-5.77498	1	1	-16.835	
192	1	-18.286	1	-20.5082	1	-13.9471	1	1	-29.3355	
193	1	-18.8363	1	-21.1767	1	-14.4364	1	1	-29.5018	
194	1	-18.5902	1	-21.1195	1	-14.2231	1	1	-29.3263	
195	1	-18.8132	1	-21.3408	1	-14.3206	1	1	-29.5742	
196	1	-17.1299	1	-21.3408	1	-14.3206	1	1	-29.5742	
197	1	-9.65406	1	-11.8351	1	-8.28845	1	1	-27.8717	
198	1	-15.6222	1	-18.0909	1	-12.1235	1	1	-28.2885	
199	1	-21.4591	1	-23.5063	1	-16.7571	1	1	-30.0812	
200	1	-22.7308	1	-24.7341	1	-17.9732	1	1	-31.4384	
201	1	-12.2131	1	-13.0344	1	-8.61016	1	1	-23.0421	
202	1	-23.4005	1	-25.2997	1	-18.9008	1	1	-31.7749	
203	1	-23.3776	1	-25.4757	1	-18.9899	1	1	-31.8702	
204	1	-22.9566	1	-25.2092	1	-18.6367	1	1	-31.8012	
205	1	-22.868	1	-25.0609	1	-18.5558	1	1	-31.7034	
206	1	-22.3148	1	-24.8779	1	-18.5558	1	1	-31.7034	
207	1	-23.0608	1	-25.5365	1	-19.0058	1	1	-32.4513	
208	1	-19.2146	1	-21.3823	1	-15.6095	1	1	-31.001	
209	1	-22.8754	1	-25.2983	1	-19.0881	1	1	-32.3598	
210	1	-22.2808	1	-24.855	1	-19.0881	1	1	-32.3598	
211	1	-21.7683	1	-24.3365	1	-18.0854	1	1	-32.3598	
212	1	-21.1905	1	-23.8373	1	-17.4908	1	1	-32.3598	
213	1	-19.8497	1	-22.6856	1	-17.4908	1	1	-32.3598	
214	1	-18.3739	1	-22.6856	1	-17.4908	1	1	-32.3598	
215	1	-15.6284	1	-18.8697	1	-14.6743	1	1	-28.6549	
216	1	-17.8938	1	-20.7665	1	-14.485	1	1	-28.3271	
217	1	-17.0265	1	-19.8669	1	-13.5415	1	1	-27.6071	
218	1	-16.5311	1	-19.3974	1	-13.5415	1	1	-27.6071	
219	1	-15.6102	1	-18.5195	1	-13.5415	1	1	-27.6071	
220	1	-14.8537	1	-17.8619	1	-13.5415	1	1	-27.6071	
221	1	-14.8266	1	-17.7751	1	-13.5415	1	1	-27.6071	
222	1	-3.80933	1	-4.29084	1	-2.41041	1	1	-15.772	
223	1	-14.4567	1	-17.2197	1	-11.0124	1	1	-23.3571	
224	1	-11.8168	1	-17.2197	1	-11.0124	1	1	-23.3571	
225	1	-9.15345	1	-17.2197	1	-11.0124	1	1	-23.3571	
226	1	-7.88893	1	-17.2197	1	-11.0124	1	1	-23.3571	
227	1	-4.4995	1	-6.8887	1	-4.63835	1	1	-18.3471	
228	1	-5.53536	1	-6.53927	1	-2.7518	1	1	-14.3169	
229	1	-8.55631	1	-6.53927	1	-2.7518	1	1	-14.3169	
230	1	-8.64411	1	-10.3899	1	-2.7518	1	1	-14.3169	
231	1	-10.6741	1	-12.1609	1	-6.26669	1	1	-20.6234	
232	1	-4.09135	1	-4.15033	1	-1.79253	1	1	-9.24645	
233	1	-13.2588	1	-14.2375	1	-8.44521	1	1	-9.24645	
234	1	-12.0348	1	-14.2375	1	-8.44521	1	1	-9.24645	
235	1	-9.40671	1	-9.86634	1	-6.63813	1	1	-22.1359	
236	1	-12.8926	1	-13.3828	1	-7.99142	1	1	-22.057	
237	1	-12.5554	1	-12.8875	1	-7.46465	1	1	-21.9048	
238	1	-12.0942	1	-12.316	1	-6.81949	1	1	-21.6584	
239	1	-7.33937	1	-6.75214	1	-4.02407	1	1	-12.4153	
240	1	-17.4283	1	-17.3958	1	-12.402	1	1	-25.5575	
241	1	-16.081	1	-15.7862	1	-11.402	1	1	-25.5241	
242	1	-19.4157	1	-18.9421	1	-14.1503	1	1	-26.7644	
243	1	-5.67178	1	-4.45828	1	-2.78754	1	1	-8.42169	
244	1	-8.1823	1	-6.15673	1	-4.12802	1.84689	1	-11.3584	
245	1	-23.2145	1	-21.7533	1	-17.1569	1	1	-29.0591	
246	1	-21.4578	1	-19.182	1	-14.9859	1.81827	1	-27.1756	
247	1	-13.7491	1	-10.7648	1	-7.98473	0.889651	1	-18.8603	
248	1	-22.1855	1	-18.9083	1	-15.0999	0.0958722	1	-25.7857	
249	1	-28.143	1	-25.558	1	-21.3197	-1.11092	1	-33.0445	
250	1	-28.2264	1	-25.2147	1	-20.8722	-1.11092	1	-32.9842	
251	1	-28.5377	1	-25.1776	1	-20.7394	-1.11092	1	-33.1533	
252	1	-28.2063	1	-24.6889	1	-20.2372	-1.11092	1	-33.0043	
253	1	-28.6936	1	-25.0911	1	-20.7302	-1.11092	1	-34.2623	
254	1	-28.6707	1	-24.8347	1	-20.4072	-1.11092	1	-34.2376	
255	1	-28.2776	1	-24.2902	1	-19.798	-1.11092	1	-34.0714	
256	1	-28.0257	1	-24.025	1	-19.5509	-1.11092	1	-34.1192	
257	1	-28.6513	1	-24.5768	1	-20.1108	-1.11092	1	-34.668	
258	1	-29.7839	1	-25.6124	1	-21.1622	-1.11092	1	-35.6615	
259	1	-30.4752	1	-26.4467	1	-22.107	-1.11092	1	-36.461	
260	1	-30.866	1	-26.9711	1	-22.7241	-1.11092	1	-37.0389	
261	1	-27.6577	1	-23.8572	1	-19.7285	-1.11092	1	-35.1762	
262	1	-27.5404	1	-23.5661	1	-19.3316	-1.11092	1	-35.0694	
263	1	-26.9114	1	-22.9345	1	-18.6404	-1.11092	1	-34.7609	
264	1	-26.8621	1	-23.0268	1	-18.764	-1.11092	1	-34.9392	
265	1	-28.0802	1	-24.2395	1	-20.0053	-1.11092	1	-35.8853	
266	1	-29.721	1	-25.9975	1	-21.863	-1.11092	1	-37.2486	
267	1	-31.7889	1	-28.2042	1	-24.1971	-1.11092	1	-38.2567	
268	1	-33.3368	1	-30.0308	1	-26.1918	-1.11092	1	-39.7534	
269	1	-18.2054	1	-13.5646	1	-10.9519	1	1	-20.6747	
270	1	-4.64771	1	-2.71336	1	-1.79585	0.756106	1	-5.44862	
271	1	-35.6721	1	-32.5334	1	-28.8496	-7.58474	1	-41.0782	
272	1	-36.4604	1	-33.3299	1	-29.6332	-8.38882	1	-41.5806	
273	1	-37.3037	1	-34.1911	1	-30.4963	-9.27812	1	-42.224	
274	1	-38.1037	1	-34.9159	1	-31.181	-9.75694	1	-42.8922	
275	1	-38.0934	1	-34.5126	1	-30.727	-9.14664	1	-42.1404	
276	1	-34.4996	1	-30.0286	1	-26.2069	-5.97901	1	-37.4101	
277	1	-38.8865	1	-36.0627	1	-32.6952	-13.3876	1	-44.5786	
278	1	-29.3429	1	-25.1023	1	-21.5238	-4.07886	1	-35.581	
279	1	-35.1514	1	-34.5446	1	-31.1927	-12.5869	1	-42.8326	
280	1	-35.0452	1	-33.6587	1	-30.3922	-12.5642	1	-42.0071	
281	1	-26.4024	1	-28.0481	1	-24.5879	-6.41724	1	-36.4639	
282	1	-20.3971	1	-22.3266	1	-18.9244	-3.45864	1	-31.8404	
283	1	-15.7988	1	-18.3944	1	-15.1721	-2.0322	1	-26.816	
284	-30.778	-33.2141	-30.778	-32.4333	1	-29.077	-11.7902	-30.778	-41.2043	
285	-38.38	-34.1436	-38.38	-32.5001	1	-29.0319	-11.3209	-38.38	-41.1135	
286	-64.1086	-24.1211	-64.1849	-25.7428	-64.2009	-22.0367	-5.02429	-64.1254	-34.6398	
287	-77.0687	-34.819	-77.1486	-34.2147	-77.1668	-30.6958	-12.4684	-77.0839	-42.1737	
288	1	-2.4924	1	-4.2993	1	-3.17589	0.322403	1	-6.72044	
289	1	-26.0761	1	-28.4294	1	-25.1678	-6.63052	1	-34.0777	
290	1	-33.1627	1	-34.6043	1	-31.392	-11.7946	1	-39.7353	
291	1	-33.4414	1	-34.9478	1	-31.7904	-12.0411	1	-41.2313	
292	1	-31.0468	1	-32.9733	1	-29.8833	-10.0713	1	-38.0907	
293	-48.908	-39.4805	-48.908	-39.941	-48.908	-36.9461	-19.0467	-48.908	-44.6374	
294	-47.0877	-39.9094	-47.0877	-39.4233	-47.0877	-36.5063	-18.9048	-47.0877	-44.4906	
295	1	-35.1367	1	-36.2758	1	-33.4351	-14.2364	1	-42.4161	
296	-43.447	-39.5906	-43.447	-40.3815	-43.447	-37.6256	-20.6883	-43.447	-45.5761	
297	1	-8.31615	1	-11.8704	1	-10.2521	-1.12634	1	-16.4812	
298	1	-39.807	1	-40.7609	1	-38.0435	-20.2042	1	-46.1943	
299	-32.4753	-40.2393	-32.4753	-39.649	-32.4753	-36.9953	-19.449	-32.4753	-45.4883	
300	1	-38.6306	1	-39.6278	1	-37.0263	-19.4431	1	-45.0822	
301	-40.6818	-39.2466	-40.6818	-39.0466	-40.6818	-36.4979	-19.0529	-40.6818	-44.8511	
302	-44.785	-38.7047	-44.785	-38.4605	-44.785	-35.9909	-18.8641	-44.785	-44.1761	
303	1	-23.9298	1	-26.5608	1	-24.3932	-6.3183	1	-33.0222	
304	1	-9.04009	1	-12.6529	1	-11.3692	-1.43514	1	-17.6604	
305	1	-22.8824	1	-27.4937	1	-25.536	-6.84609	1	-33.9018	
306	1	-29.9997	1	-31.9206	1	-29.8578	-10.2214	1	-38.9081	
307	1	-12.4029	1	-17.0613	1	-15.7708	-2.64936	1	-23.0739	
308	-33.87	-39.639	-33.87	-40.1415	-33.87	-37.9506	-19.6794	-33.87	-46.5306	
309	-33.87	-39.735	-33.87	-40.0502	-33.87	-37.8801	-19.309	-33.87	-46.3529	
310	-33.87	-39.4779	-33.87	-39.4921	-33.87	-37.3376	-18.552	-33.87	-45.6232	
311	-33.87	-39.0512	-33.87	-39.7738	-33.87	-37.664	-18.6376	-33.87	-46.202	
312	-33.87	-39.0918	-33.87	-39.1398	-33.87	-37.0632	-17.9973	-33.87	-45.7432	
313	-33.87	-38.4792	-33.87	-38.5725	-33.87	-36.5109	-17.2048	-33.87	-45.0395	
314	-33.87	-37.6991	-33.87	-38.2016	-33.87	-36.1894	-16.8716	-33.87	-44.7229	
315	1	-36.8284	1	-38.1209	1	-36.1643	-16.7699	1	-44.5297	
316	1	-37.5351	1	-38.631	1	-36.7275	-17.0869	1	-45.1961	
317	1	-37.9413	1	-38.8653	1	-37.0435	-17.5829	1	-42.4052	
318	1	-38.6779	1	-39.3838	1	-37.6251	-18.0931	1	-42.8694	
319	1	-39.3605	1	-40.3885	1	-38.6645	-18.5996	1	-43.3465	
320	1	-39.5481	1	-40.0301	1	-38.3962	-19.0114	1	-43.9716	
321	1	-35.5907	1	-37.1243	1	-35.6924	-14.8177	1	-38.2236	
322	1	-29.991	1	-31.5613	1	-30.3597	-9.55788	1	-32.4829	
323	1	-39.4436	1	-39.1175	-24.428	-37.6594	-19.3392	-24.428	-45.0742	
324	1	-33.6778	1	-34.4811	1	-33.1842	-13.1248	1	-38.2389	
325	1	-38.299	1	-38.1105	-15.8853	-36.6797	-18.0621	-15.8853	-43.6502	
326	1	-38.2604	1	-36.3429	-15.8853	-34.8768	-16.0331	-15.8853	-42.3161	
327	1	-29.2561	1	-30.9395	1	-29.7294	-9.50313	1	-33.5867	
328	1	-34.8552	1	-35.0108	1	-33.5842	-14.3744	1	-39.974	
329	1	-34.5473	1	-34.8157	1	-33.4019	-13.7085	1	-39.4695	
330	1	-34.3692	1	-34.8269	1	-33.4282	-13.1645	1	-39.1719	
331	-28.361	-33.3045	-28.4011	-34.7327	-28.4074	-33.4505	-14.9283	-28.3706	-37.5614	
332	-28.361	-35.3168	-28.4011	-36.4724	-28.4074	-35.1641	-13.7641	-28.3706	-39.5276	
333	-28.361	-36.3111	-28.4011	-37.2499	-28.4074	-35.981	-14.0605	-28.3706	-39.977	
334	-49.9513	-36.7383	-50.0219	-37.6366	-50.033	-36.4116	-14.2788	-49.9681	-40.1483	
335	-49.9513	-37.2106	-50.0219	-37.8792	-50.033	-36.6824	-14.216	-49.9681	-40.3362	
336	-49.9513	-37.3635	-50.0219	-38.1497	-50.033	-36.986	-14.263	-49.9681	-40.3748	
337	-49.9513	-37.4803	-50.0219	-38.5269	-50.033	-37.3945	-14.3376	-49.9681	-40.4347	
338	-49.9513	-37.8227	-50.0219	-38.1036	-50.033	-36.9849	-13.796	-49.9681	-40.2426	
339	-49.9513	-37.2965	-50.0219	-38.4597	-50.033	-37.3789	-13.9711	-49.9681	-40.0125	
340	-49.9513	-37.7231	-50.0219	-39.1468	-50.033	-38.114	-14.5035	-49.9681	-40.2762	
341	-49.9513	-38.4796	-50.0219	-40.1638	-50.033	-39.1731	-15.0572	-49.9681	-40.8589	
342	-49.9513	-39.3921	-50.0219	-40.7224	-50.033	-39.7834	-15.8277	-49.9681	-41.4027	
343	-49.9513	-39.7036	-50.0219	-40.9671	-50.033	-40.0601	-16.1247	-49.9681	-41.547	
344	-58.4225	-40.3181	-58.505	-40.9745	-58.5179	-40.0915	-16.2074	-58.4421	-42.1646	
345	-58.4225	-39.7191	-58.505	-40.9925	-58.5179	-40.1302	-16.1987	-58.4421	-41.3645	
346	-58.4225	-39.7163	-58.505	-41.1683	-58.5179	-40.3338	-16.3885	-58.4421	-41.2642	
347	-58.4225	-40.0172	-58.505	-41.759	-58.5179	-40.9658	-17.0178	-58.4421	-41.4065	
348	-67.8031	-40.2549	-67.8989	-42.397	-67.9139	-41.6553	-17.8267	-67.8259	-41.4726	
349	-67.8031	-41.2325	-67.8989	-43.3684	-67.9139	-42.6408	-18.0029	-67.8259	-42.3249	
350	-67.8031	-42.1443	-67.8989	-44.0465	-67.9139	-43.3623	-19.004	-67.8259	-43.2325	
351	-67.8031	-42.4005	-67.8989	-44.7375	-67.9139	-44.0783	-19.4683	-67.8259	-43.4029	
352	-83.5291	-38.9753	-83.6471	-41.5796	-83.6656	-41.2059	-15.9822	-83.5572	-39.8503	
353	-83.5291	-43.701	-83.6471	-45.8568	-83.6656	-45.2681	-21.3378	-83.5572	-44.7151	
354	-83.5291	-43.9169	-83.6471	-45.9048	-83.6656	-45.3268	-21.6719	-83.5572	-44.8992	
355	-83.5291	-43.8713	-83.6471	-45.9703	-83.6656	-45.4029	-21.97	-83.5572	-44.8055	
356	1	-41.8772	1	-44.5187	1	-44.0945	-19.571	1	-42.799	
357	1	-11.8101	1	-16.561	1	-16.8983	-2.09972	0.922415	-13.2583	
358	1	-21.9629	1	-25.9338	1	-26.1538	-5.12284	0.943684	-22.4217	
359	1	-29.8922	1	-33.199	1	-33.2887	-8.91472	0.804832	-30.0598	
360	-75.684	-40.7543	-75.7723	-42.6287	-75.7924	-42.3927	-25.7473	-24.6096	-42.4777	
361	-75.684	-44.5618	-75.7723	-46.8665	-75.7924	-46.3452	-24.8154	-24.6096	-45.5379	
362	-75.684	-43.7158	-75.7723	-44.9436	-75.7924	-44.36	-23.1789	-24.6096	-45.4663	
363	-75.684	-42.1279	-75.7723	-44.861	-75.7924	-44.28	-23.1875	-24.6096	-42.1577	
364	-87.8723	-44.465	-87.9964	-46.8823	-88.0159	-46.2998	-32.5431	-87.9019	-44.8628	
365	-87.8723	-43.1599	-87.9964	-45.9552	-88.0159	-45.4259	-24.5531	-87.9019	-40.1482	
