#Output values file generated by Xhydro
10
ReportTime
point# 1
point# 2
point# 3
point# 4
point# 5
point# 6
point# 7
point# 8
point# 9
1	-60.5934	-60.5934	-60.5934	-60.5934	-60.5934	-60.5934	-60.5934	-60.5934	-60.5934	
2	-56.8427	-56.8427	-56.8427	-56.8427	-56.8427	-56.8427	-56.8427	-56.8427	-56.8427	
3	-52.8933	-52.9573	-52.9652	-52.9119	-52.9774	-52.9113	-52.9115	-52.9102	-52.8473	
4	-52.7304	-52.7828	-52.7926	-52.748	-52.8061	-52.7481	-52.7479	-52.7464	-52.6705	
5	-52.7215	-52.7215	-52.7215	-52.7215	-52.7215	-52.7215	-52.7215	-52.7215	-52.7215	
6	-52.5363	-52.5363	-52.5363	-52.5363	-52.5363	-52.5363	-52.5363	-52.5363	-52.5363	
7	-52.351	-52.351	-52.351	-52.351	-52.351	-52.351	-52.351	-52.351	-52.351	
8	-48.8138	-48.8664	-48.8748	-48.8303	-48.8867	-48.8302	-48.83	-48.8275	-48.7633	
9	-45.2467	-45.2922	-45.3005	-45.262	-45.3123	-45.262	-45.262	-45.2621	-45.196	
10	-46.7258	-46.7732	-46.7817	-46.7417	-46.7939	-46.7416	-46.7417	-46.742	-46.674	
11	-50.0754	-50.0754	-50.0754	-50.0754	-50.0754	-50.0754	-50.0754	-50.0754	-50.0754	
12	-53.2667	-53.2667	-53.2667	-53.2667	-53.2667	-53.2667	-53.2667	-53.2667	-53.2667	
13	-56.4581	-56.4581	-56.4581	-56.4581	-56.4581	-56.4581	-56.4581	-56.4581	-56.4581	
14	-59.6495	-59.6495	-59.6495	-59.6495	-59.6495	-59.6495	-59.6495	-59.6495	-59.6495	
15	-62.8408	-62.8408	-62.8408	-62.8408	-62.8408	-62.8408	-62.8408	-62.8408	-62.8408	
16	-66.0322	-66.0322	-66.0322	-66.0322	-66.0322	-66.0322	-66.0322	-66.0322	-66.0322	
17	-69.2235	-69.2235	-69.2235	-69.2235	-69.2235	-69.2235	-69.2235	-69.2235	-69.2235	
18	-72.1352	-72.2272	-72.2371	-72.161	-72.2531	-72.1598	-72.1602	-72.1595	-72.0784	
19	-75.6063	-75.6063	-75.6063	-75.6063	-75.6063	-75.6063	-75.6063	-75.6063	-75.6063	
20	-78.7976	-78.7976	-78.7976	-78.7976	-78.7976	-78.7976	-78.7976	-78.7976	-78.7976	
21	-81.989	-81.989	-81.989	-81.989	-81.989	-81.989	-81.989	-81.989	-81.989	
22	-27.1338	-27.1684	-27.1721	-27.1435	-27.1781	-27.143	-27.1432	-27.1429	-27.1124	
23	-43.5432	-43.5432	-43.5432	-43.5432	-43.5432	-43.5432	-43.5432	-43.5432	-43.5432	
24	-59.8473	-59.8473	-59.8473	-59.8473	-59.8473	-59.8473	-59.8473	-59.8473	-59.8473	
25	-76.1515	-76.1515	-76.1515	-76.1515	-76.1515	-76.1515	-76.1515	-76.1515	-76.1515	
26	-92.4557	-92.4557	-92.4557	-92.4557	-92.4557	-92.4557	-92.4557	-92.4557	-92.4557	
27	-108.34	-108.478	-108.493	-108.378	-108.517	-108.377	-108.377	-108.376	-108.254	
28	-124.634	-124.765	-124.787	-124.676	-124.818	-124.676	-124.676	-124.671	-124.501	
29	-104.131	-104.241	-104.26	-104.166	-104.286	-104.166	-104.166	-104.163	-104.021	
30	-65.0722	-65.1385	-65.1503	-65.0941	-65.167	-65.0941	-65.094	-65.0932	-65.0003	
31	-63.8485	-63.9277	-63.9369	-63.8711	-63.9513	-63.8702	-63.8705	-63.8694	-63.7954	
32	-98.6222	-98.7233	-98.741	-98.6555	-98.7662	-98.6555	-98.6552	-98.6532	-98.5139	
33	-67.7825	-67.8533	-67.8653	-67.8054	-67.8825	-67.8054	-67.8052	-67.8036	-67.7098	
34	-52.2195	-52.2713	-52.281	-52.2369	-52.2945	-52.237	-52.2369	-52.236	-52.1601	
35	-43.5464	-43.5886	-43.5969	-43.561	-43.6084	-43.561	-43.561	-43.5612	-43.4957	
36	-45.4491	-45.4823	-45.4922	-45.4624	-45.5043	-45.4633	-45.4624	-45.4577	-45.3832	
37	-43.757	-43.757	-43.757	-43.757	-43.757	-43.757	-43.757	-43.757	-43.757	
38	-41.7959	-41.8386	-41.8462	-41.8105	-41.8574	-41.8103	-41.8107	-41.8137	-41.75	
39	-40.119	-40.119	-40.119	-40.119	-40.119	-40.119	-40.119	-40.119	-40.119	
40	-38.1744	-38.2113	-38.2185	-38.1871	-38.2285	-38.1872	-38.1871	-38.1865	-38.1298	
41	-56.1376	-56.1973	-56.2071	-56.1566	-56.2211	-56.1566	-56.1564	-56.1546	-56.0786	
42	-45.4249	-45.4696	-45.4781	-45.4397	-45.4896	-45.44	-45.4396	-45.4365	-45.3727	
43	-41.153	-41.153	-41.153	-41.153	-41.153	-41.153	-41.153	-41.153	-41.153	
44	-36.73	-36.73	-36.73	-36.73	-36.73	-36.73	-36.73	-36.73	-36.73	
45	-32.1822	-32.2232	-32.2277	-32.1937	-32.2348	-32.1932	-32.1934	-32.193	-32.1569	
46	-43.9345	-43.9345	-43.9345	-43.9345	-43.9345	-43.9345	-43.9345	-43.9345	-43.9345	
47	-55.3756	-55.4312	-55.4414	-55.394	-55.4555	-55.3942	-55.3939	-55.3917	-55.3134	
48	-58.831	-58.831	-58.831	-58.831	-58.831	-58.831	-58.831	-58.831	-58.831	
49	-61.8601	-61.939	-61.9475	-61.8822	-61.9612	-61.8812	-61.8816	-61.881	-61.8114	
50	-60.5841	-60.647	-60.6578	-60.6044	-60.673	-60.6044	-60.6042	-60.6016	-60.5185	
51	-59.484	-59.484	-59.484	-59.484	-59.484	-59.484	-59.484	-59.484	-59.484	
52	-12.8271	-12.8398	-12.8422	-12.8314	-12.8455	-12.8314	-12.8314	-12.8311	-12.8125	
53	-75.1097	-75.1854	-75.1992	-75.1345	-75.2181	-75.1348	-75.1342	-75.1295	-75.0256	
54	-53.2819	-53.3358	-53.3455	-53.2998	-53.3593	-53.2998	-53.2998	-53.2992	-53.2226	
55	-44.0515	-44.0954	-44.1035	-44.0664	-44.115	-44.0664	-44.0664	-44.0662	-44.0016	
56	-75.2749	-75.3491	-75.3631	-75.2996	-75.3822	-75.2999	-75.2992	-75.2942	-75.1886	
57	-106.496	-106.602	-106.622	-106.532	-106.649	-106.532	-106.532	-106.532	-106.375	
58	-68.0342	-68.1025	-68.115	-68.0571	-68.1326	-68.0571	-68.057	-68.0561	-67.9577	
59	-60.936	-60.936	-60.936	-60.936	-60.936	-60.936	-60.936	-60.936	-60.936	
60	-53.4294	-53.483	-53.4928	-53.4474	-53.5067	-53.4474	-53.4474	-53.447	-53.3693	
61	-53.3794	-53.4325	-53.4424	-53.3972	-53.4561	-53.3973	-53.3971	-53.3953	-53.3188	
62	-64.519	-64.519	-64.519	-64.519	-64.519	-64.519	-64.519	-64.519	-64.519	
63	-75.2275	-75.3027	-75.3166	-75.2528	-75.3362	-75.2529	-75.2529	-75.2529	-75.1427	
64	-41.767	-41.767	-41.767	-41.767	-41.767	-41.767	-41.767	-41.767	-41.767	
65	-65.8	-65.8	-65.8	-65.8	-65.8	-65.8	-65.8	-65.8	-65.8	
66	-89.533	-89.6224	-89.6389	-89.563	-89.662	-89.5632	-89.563	-89.5616	-89.4317	
67	-105.074	-105.181	-105.2	-105.109	-105.227	-105.109	-105.109	-105.108	-104.958	
68	-77.597	-77.597	-77.597	-77.597	-77.597	-77.597	-77.597	-77.597	-77.597	
69	-49.5968	-49.6462	-49.6554	-49.6131	-49.6679	-49.6133	-49.6129	-49.6097	-49.5406	
70	-60.5602	-60.621	-60.6322	-60.5807	-60.6479	-60.5807	-60.5807	-60.5807	-60.4923	
71	-33.6326	-33.666	-33.6722	-33.6438	-33.6809	-33.6439	-33.6438	-33.643	-33.5944	
72	-26.5978	-26.6245	-26.6293	-26.6068	-26.6362	-26.6068	-26.6068	-26.607	-26.5678	
73	-27.0651	-27.0996	-27.1033	-27.0747	-27.1093	-27.0743	-27.0744	-27.0742	-27.0437	
74	-25.021	-25.021	-25.021	-25.021	-25.021	-25.021	-25.021	-25.021	-25.021	
75	-22.872	-22.872	-22.872	-22.872	-22.872	-22.872	-22.872	-22.872	-22.872	
76	-20.723	-20.723	-20.723	-20.723	-20.723	-20.723	-20.723	-20.723	-20.723	
77	-18.574	-18.574	-18.574	-18.574	-18.574	-18.574	-18.574	-18.574	-18.574	
78	-22.088	-22.088	-22.088	-22.088	-22.088	-22.088	-22.088	-22.088	-22.088	
79	-25.602	-25.602	-25.602	-25.602	-25.602	-25.602	-25.602	-25.602	-25.602	
80	-29.116	-29.116	-29.116	-29.116	-29.116	-29.116	-29.116	-29.116	-29.116	
81	-32.63	-32.63	-32.63	-32.63	-32.63	-32.63	-32.63	-32.63	-32.63	
82	-36.144	-36.144	-36.144	-36.144	-36.144	-36.144	-36.144	-36.144	-36.144	
83	-39.658	-39.658	-39.658	-39.658	-39.658	-39.658	-39.658	-39.658	-39.658	
84	-43.172	-43.172	-43.172	-43.172	-43.172	-43.172	-43.172	-43.172	-43.172	
85	-41.5118	-41.5118	-41.5118	-41.5118	-41.5118	-41.5118	-41.5118	-41.5118	-41.5118	
86	-39.8516	-39.8516	-39.8516	-39.8516	-39.8516	-39.8516	-39.8516	-39.8516	-39.8516	
87	-38.1914	-38.1914	-38.1914	-38.1914	-38.1914	-38.1914	-38.1914	-38.1914	-38.1914	
88	-36.5312	-36.5312	-36.5312	-36.5312	-36.5312	-36.5312	-36.5312	-36.5312	-36.5312	
89	-34.7363	-34.7806	-34.7854	-34.7487	-34.7931	-34.7481	-34.7484	-34.748	-34.709	
90	-33.5523	-33.5523	-33.5523	-33.5523	-33.5523	-33.5523	-33.5523	-33.5523	-33.5523	
91	-32.2337	-32.2337	-32.2337	-32.2337	-32.2337	-32.2337	-32.2337	-32.2337	-32.2337	
92	-30.915	-30.915	-30.915	-30.915	-30.915	-30.915	-30.915	-30.915	-30.915	
93	-29.5963	-29.5963	-29.5963	-29.5963	-29.5963	-29.5963	-29.5963	-29.5963	-29.5963	
94	-28.2777	-28.2777	-28.2777	-28.2777	-28.2777	-28.2777	-28.2777	-28.2777	-28.2777	
95	-26.959	-26.959	-26.959	-26.959	-26.959	-26.959	-26.959	-26.959	-26.959	
96	-25.6403	-25.6403	-25.6403	-25.6403	-25.6403	-25.6403	-25.6403	-25.6403	-25.6403	
97	-24.3217	-24.3217	-24.3217	-24.3217	-24.3217	-24.3217	-24.3217	-24.3217	-24.3217	
98	-23.003	-23.003	-23.003	-23.003	-23.003	-23.003	-23.003	-23.003	-23.003	
99	-21.6843	-21.6843	-21.6843	-21.6843	-21.6843	-21.6843	-21.6843	-21.6843	-21.6843	
100	-20.3657	-20.3657	-20.3657	-20.3657	-20.3657	-20.3657	-20.3657	-20.3657	-20.3657	
101	-19.047	-19.047	-19.047	-19.047	-19.047	-19.047	-19.047	-19.047	-19.047	
102	-17.7283	-17.7283	-17.7283	-17.7283	-17.7283	-17.7283	-17.7283	-17.7283	-17.7283	
103	-16.4097	-16.4097	-16.4097	-16.4097	-16.4097	-16.4097	-16.4097	-16.4097	-16.4097	
104	-15.0327	-15.0519	-15.0539	-15.0381	-15.0573	-15.0378	-15.0379	-15.0378	-15.0209	
105	-13.031	-13.031	-13.031	-13.031	-13.031	-13.031	-13.031	-13.031	-13.031	
106	-13.8703	-13.8703	-13.8703	-13.8703	-13.8703	-13.8703	-13.8703	-13.8703	-13.8703	
107	-14.7096	-14.7096	-14.7096	-14.7096	-14.7096	-14.7096	-14.7096	-14.7096	-14.7096	
108	-15.5489	-15.5489	-15.5489	-15.5489	-15.5489	-15.5489	-15.5489	-15.5489	-15.5489	
109	-16.3881	-16.3881	-16.3881	-16.3881	-16.3881	-16.3881	-16.3881	-16.3881	-16.3881	
110	-17.2274	-17.2274	-17.2274	-17.2274	-17.2274	-17.2274	-17.2274	-17.2274	-17.2274	
111	-18.0667	-18.0667	-18.0667	-18.0667	-18.0667	-18.0667	-18.0667	-18.0667	-18.0667	
112	-18.906	-18.906	-18.906	-18.906	-18.906	-18.906	-18.906	-18.906	-18.906	
113	-19.7453	-19.7453	-19.7453	-19.7453	-19.7453	-19.7453	-19.7453	-19.7453	-19.7453	
114	-20.5846	-20.5846	-20.5846	-20.5846	-20.5846	-20.5846	-20.5846	-20.5846	-20.5846	
115	-21.4239	-21.4239	-21.4239	-21.4239	-21.4239	-21.4239	-21.4239	-21.4239	-21.4239	
116	-22.2631	-22.2631	-22.2631	-22.2631	-22.2631	-22.2631	-22.2631	-22.2631	-22.2631	
117	-23.1024	-23.1024	-23.1024	-23.1024	-23.1024	-23.1024	-23.1024	-23.1024	-23.1024	
118	-23.9417	-23.9417	-23.9417	-23.9417	-23.9417	-23.9417	-23.9417	-23.9417	-23.9417	
119	-24.6853	-24.7168	-24.7202	-24.6941	-24.7256	-24.6937	-24.6939	-24.6936	-24.6658	
120	-49.5157	-49.5785	-49.5854	-49.5334	-49.5964	-49.5326	-49.5329	-49.5323	-49.4763	
121	-51.5667	-51.5667	-51.5667	-51.5667	-51.5667	-51.5667	-51.5667	-51.5667	-51.5667	
122	-53.22	-53.2878	-53.2952	-53.239	-53.307	-53.2381	-53.2384	-53.2379	-53.1781	
123	-55.0724	-55.1427	-55.1503	-55.0921	-55.1625	-55.0912	-55.0916	-55.091	-55.0291	
124	-53.322	-53.322	-53.322	-53.322	-53.322	-53.322	-53.322	-53.322	-53.322	
125	-51.1596	-51.2249	-51.2319	-51.1779	-51.2432	-51.1771	-51.1774	-51.1769	-51.1194	
126	-59.4296	-59.5053	-59.5135	-59.4508	-59.5267	-59.4498	-59.4502	-59.4496	-59.3828	
127	-57.8635	-57.8635	-57.8635	-57.8635	-57.8635	-57.8635	-57.8635	-57.8635	-57.8635	
128	-56.067	-56.067	-56.067	-56.067	-56.067	-56.067	-56.067	-56.067	-56.067	
129	-54.2705	-54.2705	-54.2705	-54.2705	-54.2705	-54.2705	-54.2705	-54.2705	-54.2705	
130	-52.474	-52.474	-52.474	-52.474	-52.474	-52.474	-52.474	-52.474	-52.474	
131	-50.4818	-50.5461	-50.5531	-50.4998	-50.5643	-50.499	-50.4993	-50.4988	-50.442	
132	-48.6989	-48.7573	-48.7647	-48.716	-48.776	-48.7155	-48.7156	-48.7143	-48.656	
133	-30.964	-30.964	-30.964	-30.964	-30.964	-30.964	-30.964	-30.964	-30.964	
134	-29.7985	-29.7985	-29.7985	-29.7985	-29.7985	-29.7985	-29.7985	-29.7985	-29.7985	
135	-28.633	-28.633	-28.633	-28.633	-28.633	-28.633	-28.633	-28.633	-28.633	
136	-27.4675	-27.4675	-27.4675	-27.4675	-27.4675	-27.4675	-27.4675	-27.4675	-27.4675	
137	-26.302	-26.302	-26.302	-26.302	-26.302	-26.302	-26.302	-26.302	-26.302	
138	-25.0394	-25.0713	-25.0748	-25.0484	-25.0803	-25.0479	-25.0481	-25.0478	-25.0197	
139	-23.971	-23.971	-23.971	-23.971	-23.971	-23.971	-23.971	-23.971	-23.971	
140	-22.8055	-22.8055	-22.8055	-22.8055	-22.8055	-22.8055	-22.8055	-22.8055	-22.8055	
141	-21.64	-21.64	-21.64	-21.64	-21.64	-21.64	-21.64	-21.64	-21.64	
142	-20.4745	-20.4745	-20.4745	-20.4745	-20.4745	-20.4745	-20.4745	-20.4745	-20.4745	
143	-19.2344	-19.2589	-19.2616	-19.2413	-19.2659	-19.241	-19.2411	-19.2409	-19.2193	
144	-35.1507	-35.1955	-35.2004	-35.1633	-35.2082	-35.1627	-35.1629	-35.1625	-35.123	
145	-35.2976	-35.3396	-35.345	-35.3101	-35.3534	-35.3097	-35.3098	-35.3097	-35.2661	
146	-33.3895	-33.4321	-33.4367	-33.4015	-33.4441	-33.4009	-33.4011	-33.4008	-33.3632	
147	-48.3236	-48.3852	-48.3919	-48.3409	-48.4026	-48.3401	-48.3404	-48.3399	-48.2856	
148	-45.6084	-45.6084	-45.6084	-45.6084	-45.6084	-45.6084	-45.6084	-45.6084	-45.6084	
149	-42.5408	-42.5951	-42.6009	-42.556	-42.6104	-42.5553	-42.5556	-42.5552	-42.5074	
150	-39.8032	-39.8032	-39.8032	-39.8032	-39.8032	-39.8032	-39.8032	-39.8032	-39.8032	
151	-36.9006	-36.9006	-36.9006	-36.9006	-36.9006	-36.9006	-36.9006	-36.9006	-36.9006	
152	-33.998	-33.998	-33.998	-33.998	-33.998	-33.998	-33.998	-33.998	-33.998	
153	-31.0954	-31.0954	-31.0954	-31.0954	-31.0954	-31.0954	-31.0954	-31.0954	-31.0954	
154	-28.1928	-28.1928	-28.1928	-28.1928	-28.1928	-28.1928	-28.1928	-28.1928	-28.1928	
155	-25.2902	-25.2902	-25.2902	-25.2902	-25.2902	-25.2902	-25.2902	-25.2902	-25.2902	
156	-22.3011	-22.3296	-22.3326	-22.3091	-22.3376	-22.3087	-22.3089	-22.3086	-22.2836	
157	-19.4097	-19.4345	-19.4372	-19.4167	-19.4415	-19.4164	-19.4165	-19.4163	-19.3945	
158	-25.9815	-25.9815	-25.9815	-25.9815	-25.9815	-25.9815	-25.9815	-25.9815	-25.9815	
159	-32.3525	-32.3938	-32.3983	-32.3641	-32.4054	-32.3636	-32.3638	-32.3634	-32.3271	
160	-23.4361	-23.466	-23.4692	-23.4445	-23.4744	-23.4441	-23.4443	-23.444	-23.4177	
161	-24.978	-24.978	-24.978	-24.978	-24.978	-24.978	-24.978	-24.978	-24.978	
162	-24.5468	-24.5781	-24.5815	-24.5556	-24.5869	-24.5552	-24.5553	-24.5551	-24.5275	
163	-24.2121	-24.243	-24.2463	-24.2208	-24.2517	-24.2204	-24.2205	-24.2203	-24.1931	
164	-16.974	-16.974	-16.974	-16.974	-16.974	-16.974	-16.974	-16.974	-16.974	
165	-9.6071	-9.61808	-9.61962	-9.61046	-9.62197	-9.61038	-9.61042	-9.61048	-9.59796	
166	-18.6163	-18.6163	-18.6163	-18.6163	-18.6163	-18.6163	-18.6163	-18.6163	-18.6163	
167	-27.5907	-27.5907	-27.5907	-27.5907	-27.5907	-27.5907	-27.5907	-27.5907	-27.5907	
168	-36.565	-36.565	-36.565	-36.565	-36.565	-36.565	-36.565	-36.565	-36.565	
169	-35.8729	-35.8729	-35.8729	-35.8729	-35.8729	-35.8729	-35.8729	-35.8729	-35.8729	
170	-35.045	-35.0896	-35.0945	-35.0575	-35.1022	-35.0569	-35.0571	-35.0568	-35.0174	
171	-34.3556	-34.3994	-34.4041	-34.3678	-34.4117	-34.3673	-34.3675	-34.3671	-34.3285	
172	-33.6661	-33.7091	-33.7137	-33.6782	-33.7212	-33.6776	-33.6778	-33.6775	-33.6396	
173	-32.9779	-33.0193	-33.024	-32.9897	-33.0315	-32.9892	-32.9895	-32.9899	-32.9512	
174	-32.4125	-32.4125	-32.4125	-32.4125	-32.4125	-32.4125	-32.4125	-32.4125	-32.4125	
175	-31.7205	-31.7205	-31.7205	-31.7205	-31.7205	-31.7205	-31.7205	-31.7205	-31.7205	
176	-31.0284	-31.0284	-31.0284	-31.0284	-31.0284	-31.0284	-31.0284	-31.0284	-31.0284	
177	-30.3363	-30.3363	-30.3363	-30.3363	-30.3363	-30.3363	-30.3363	-30.3363	-30.3363	
178	-29.5297	-29.5674	-29.5714	-29.5403	-29.578	-29.5398	-29.54	-29.5397	-29.5065	
179	-28.9522	-28.9522	-28.9522	-28.9522	-28.9522	-28.9522	-28.9522	-28.9522	-28.9522	
180	-28.2601	-28.2601	-28.2601	-28.2601	-28.2601	-28.2601	-28.2601	-28.2601	-28.2601	
181	-27.4615	-27.4965	-27.5003	-27.4713	-27.5064	-27.4709	-27.471	-27.4708	-27.4399	
182	-26.96	-26.96	-26.96	-26.96	-26.96	-26.96	-26.96	-26.96	-26.96	
183	-29.2506	-29.2879	-29.2919	-29.261	-29.2984	-29.2605	-29.2607	-29.2604	-29.2276	
184	-31.768	-31.768	-31.768	-31.768	-31.768	-31.768	-31.768	-31.768	-31.768	
185	-34.04	-34.0834	-34.0881	-34.0522	-34.0956	-34.0516	-34.0518	-34.0515	-34.0132	
186	-36.576	-36.576	-36.576	-36.576	-36.576	-36.576	-36.576	-36.576	-36.576	
187	-38.8294	-38.8789	-38.8843	-38.8433	-38.8929	-38.8427	-38.8429	-38.8425	-38.7989	
188	-26.085	-26.085	-26.085	-26.085	-26.085	-26.085	-26.085	-26.085	-26.085	
189	-32.3071	-32.3483	-32.3527	-32.3186	-32.3599	-32.3181	-32.3183	-32.3179	-32.2816	
190	-38.7797	-38.7797	-38.7797	-38.7797	-38.7797	-38.7797	-38.7797	-38.7797	-38.7797	
191	-44.9527	-45.01	-45.0162	-44.9688	-45.0262	-44.968	-44.9683	-44.9678	-44.9173	
192	-16.2311	-16.2518	-16.254	-16.2369	-16.2576	-16.2366	-16.2367	-16.2365	-16.2183	
193	-15.1962	-15.1962	-15.1962	-15.1962	-15.1962	-15.1962	-15.1962	-15.1962	-15.1962	
194	-14.0985	-14.0985	-14.0985	-14.0985	-14.0985	-14.0985	-14.0985	-14.0985	-14.0985	
195	-13.0007	-13.0007	-13.0007	-13.0007	-13.0007	-13.0007	-13.0007	-13.0007	-13.0007	
196	-11.903	-11.903	-11.903	-11.903	-11.903	-11.903	-11.903	-11.903	-11.903	
197	-56.2788	-56.3505	-56.3583	-56.2989	-56.3708	-56.298	-56.2983	-56.2977	-56.2345	
198	-72.2488	-72.341	-72.3509	-72.2747	-72.3669	-72.2735	-72.2739	-72.2732	-72.192	
199	-62.3083	-62.3083	-62.3083	-62.3083	-62.3083	-62.3083	-62.3083	-62.3083	-62.3083	
200	-52.0877	-52.0877	-52.0877	-52.0877	-52.0877	-52.0877	-52.0877	-52.0877	-52.0877	
201	-41.7053	-41.7585	-41.7642	-41.7202	-41.7734	-41.7195	-41.7198	-41.7193	-41.6725	
202	-41.581	-41.581	-41.581	-41.581	-41.581	-41.581	-41.581	-41.581	-41.581	
203	-41.295	-41.295	-41.295	-41.295	-41.295	-41.295	-41.295	-41.295	-41.295	
204	-41.009	-41.009	-41.009	-41.009	-41.009	-41.009	-41.009	-41.009	-41.009	
205	-40.5657	-40.6174	-40.623	-40.5802	-40.632	-40.5795	-40.5798	-40.5794	-40.5338	
206	-39.539	-39.539	-39.539	-39.539	-39.539	-39.539	-39.539	-39.539	-39.539	
207	-38.355	-38.355	-38.355	-38.355	-38.355	-38.355	-38.355	-38.355	-38.355	
208	-37.0274	-37.0746	-37.0797	-37.0407	-37.0879	-37.04	-37.0403	-37.0399	-36.9983	
209	-38.692	-38.7413	-38.7466	-38.7058	-38.7552	-38.7052	-38.7054	-38.705	-38.6615	
210	-34.5478	-34.5478	-34.5478	-34.5478	-34.5478	-34.5478	-34.5478	-34.5478	-34.5478	
211	-30.2537	-30.2537	-30.2537	-30.2537	-30.2537	-30.2537	-30.2537	-30.2537	-30.2537	
212	-25.9595	-25.9595	-25.9595	-25.9595	-25.9595	-25.9595	-25.9595	-25.9595	-25.9595	
213	-21.6653	-21.6653	-21.6653	-21.6653	-21.6653	-21.6653	-21.6653	-21.6653	-21.6653	
214	-17.3712	-17.3712	-17.3712	-17.3712	-17.3712	-17.3712	-17.3712	-17.3712	-17.3712	
215	-13.0265	-13.0431	-13.0449	-13.0311	-13.0478	-13.0309	-13.031	-13.0309	-13.0162	
216	-14.5227	-14.5412	-14.5432	-14.5279	-14.5464	-14.5276	-14.5277	-14.5276	-14.5113	
217	-13.708	-13.708	-13.708	-13.708	-13.708	-13.708	-13.708	-13.708	-13.708	
218	-15.5762	-15.5762	-15.5762	-15.5762	-15.5762	-15.5762	-15.5762	-15.5762	-15.5762	
219	-17.4444	-17.4444	-17.4444	-17.4444	-17.4444	-17.4444	-17.4444	-17.4444	-17.4444	
220	-19.3126	-19.3126	-19.3126	-19.3126	-19.3126	-19.3126	-19.3126	-19.3126	-19.3126	
221	-21.1808	-21.1808	-21.1808	-21.1808	-21.1808	-21.1808	-21.1808	-21.1808	-21.1808	
222	-22.9601	-22.9893	-22.9925	-22.9685	-22.9977	-22.9681	-22.9683	-22.9689	-22.942	
223	-18.874	-18.874	-18.874	-18.874	-18.874	-18.874	-18.874	-18.874	-18.874	
224	-15.9202	-15.9202	-15.9202	-15.9202	-15.9202	-15.9202	-15.9202	-15.9202	-15.9202	
225	-12.9665	-12.9665	-12.9665	-12.9665	-12.9665	-12.9665	-12.9665	-12.9665	-12.9665	
226	-10.0127	-10.0127	-10.0127	-10.0127	-10.0127	-10.0127	-10.0127	-10.0127	-10.0127	
227	-7.03173	-7.0407	-7.04167	-7.03425	-7.04323	-7.03413	-7.03417	-7.0341	-7.0262	
228	-13.157	-13.1738	-13.1756	-13.1617	-13.1785	-13.1615	-13.1616	-13.1614	-13.1466	
229	-19.357	-19.357	-19.357	-19.357	-19.357	-19.357	-19.357	-19.357	-19.357	
230	-25.506	-25.506	-25.506	-25.506	-25.506	-25.506	-25.506	-25.506	-25.506	
231	-31.5327	-31.5729	-31.5773	-31.544	-31.5843	-31.5435	-31.5437	-31.5434	-31.5079	
232	-41.3626	-41.4153	-41.421	-41.3775	-41.4303	-41.3767	-41.3771	-41.3771	-41.3301	
233	-34.2767	-34.2767	-34.2767	-34.2767	-34.2767	-34.2767	-34.2767	-34.2767	-34.2767	
234	-27.0303	-27.0303	-27.0303	-27.0303	-27.0303	-27.0303	-27.0303	-27.0303	-27.0303	
235	-19.7076	-19.7327	-19.7354	-19.7146	-19.7398	-19.7143	-19.7144	-19.7142	-19.6921	
236	-19.3317	-19.3564	-19.359	-19.3386	-19.3633	-19.3383	-19.3384	-19.3382	-19.3165	
237	-18.9558	-18.98	-18.9826	-18.9626	-18.9868	-18.9623	-18.9624	-18.9622	-18.9409	
238	-18.58	-18.6036	-18.6062	-18.5866	-18.6103	-18.5863	-18.5864	-18.5862	-18.5653	
239	-72.8615	-72.9544	-72.9644	-72.8875	-72.9806	-72.8863	-72.8868	-72.886	-72.8041	
240	-46.0315	-46.0902	-46.0965	-46.048	-46.1067	-46.0472	-46.0475	-46.047	-45.9953	
241	-44.5483	-44.6051	-44.6112	-44.5642	-44.6211	-44.5634	-44.5637	-44.5633	-44.5132	
242	-27.622	-27.622	-27.622	-27.622	-27.622	-27.622	-27.622	-27.622	-27.622	
243	-40.3478	-40.3964	-40.4024	-40.3621	-40.4119	-40.3616	-40.3618	-40.362	-40.3125	
244	-60.607	-60.6725	-60.6829	-60.6278	-60.698	-60.6276	-60.6276	-60.6268	-60.5447	
245	-41.2809	-41.3336	-41.3392	-41.2957	-41.3484	-41.295	-41.2953	-41.2948	-41.2484	
246	-73.9154	-74.0096	-74.0198	-73.9418	-74.0362	-73.9406	-73.9411	-73.9403	-73.8572	
247	-73.5906	-73.6845	-73.6946	-73.6169	-73.7109	-73.6157	-73.6162	-73.6154	-73.5327	
248	-29.0573	-29.0944	-29.0984	-29.0677	-29.1048	-29.0672	-29.0674	-29.0671	-29.0345	
249	-11.095	-11.1091	-11.1107	-11.0989	-11.1131	-11.0988	-11.0988	-11.0987	-11.0862	
250	-14.8564	-14.8564	-14.8564	-14.8564	-14.8564	-14.8564	-14.8564	-14.8564	-14.8564	
251	-18.5748	-18.5748	-18.5748	-18.5748	-18.5748	-18.5748	-18.5748	-18.5748	-18.5748	
252	-22.2932	-22.2932	-22.2932	-22.2932	-22.2932	-22.2932	-22.2932	-22.2932	-22.2932	
253	-26.0116	-26.0116	-26.0116	-26.0116	-26.0116	-26.0116	-26.0116	-26.0116	-26.0116	
254	-29.73	-29.73	-29.73	-29.73	-29.73	-29.73	-29.73	-29.73	-29.73	
255	-33.4484	-33.4484	-33.4484	-33.4484	-33.4484	-33.4484	-33.4484	-33.4484	-33.4484	
256	-37.1668	-37.1668	-37.1668	-37.1668	-37.1668	-37.1668	-37.1668	-37.1668	-37.1668	
257	-40.8852	-40.8852	-40.8852	-40.8852	-40.8852	-40.8852	-40.8852	-40.8852	-40.8852	
258	-44.6036	-44.6036	-44.6036	-44.6036	-44.6036	-44.6036	-44.6036	-44.6036	-44.6036	
259	-48.322	-48.322	-48.322	-48.322	-48.322	-48.322	-48.322	-48.322	-48.322	
260	-52.0404	-52.0404	-52.0404	-52.0404	-52.0404	-52.0404	-52.0404	-52.0404	-52.0404	
261	-55.7588	-55.7588	-55.7588	-55.7588	-55.7588	-55.7588	-55.7588	-55.7588	-55.7588	
262	-59.4772	-59.4772	-59.4772	-59.4772	-59.4772	-59.4772	-59.4772	-59.4772	-59.4772	
263	-63.1956	-63.1956	-63.1956	-63.1956	-63.1956	-63.1956	-63.1956	-63.1956	-63.1956	
264	-66.914	-66.914	-66.914	-66.914	-66.914	-66.914	-66.914	-66.914	-66.914	
265	-70.6324	-70.6324	-70.6324	-70.6324	-70.6324	-70.6324	-70.6324	-70.6324	-70.6324	
266	-74.3508	-74.3508	-74.3508	-74.3508	-74.3508	-74.3508	-74.3508	-74.3508	-74.3508	
267	-78.0692	-78.0692	-78.0692	-78.0692	-78.0692	-78.0692	-78.0692	-78.0692	-78.0692	
268	-81.7876	-81.7876	-81.7876	-81.7876	-81.7876	-81.7876	-81.7876	-81.7876	-81.7876	
269	-85.1757	-85.2843	-85.296	-85.2062	-85.3149	-85.2047	-85.2053	-85.2044	-85.1087	
270	-70.8188	-70.8909	-70.9038	-70.8428	-70.922	-70.8428	-70.8428	-70.8424	-70.7405	
271	-69.7805	-69.7805	-69.7805	-69.7805	-69.7805	-69.7805	-69.7805	-69.7805	-69.7805	
272	-68.502	-68.502	-68.502	-68.502	-68.502	-68.502	-68.502	-68.502	-68.502	
273	-62.206	-62.206	-62.206	-62.206	-62.206	-62.206	-62.206	-62.206	-62.206	
274	-55.91	-55.91	-55.91	-55.91	-55.91	-55.91	-55.91	-55.91	-55.91	
275	-49.4224	-49.4854	-49.4922	-49.44	-49.5031	-49.4392	-49.4395	-49.439	-49.3835	
276	-43.1507	-43.2057	-43.2116	-43.1661	-43.2212	-43.1654	-43.1657	-43.1652	-43.1167	
277	-40.521	-40.521	-40.521	-40.521	-40.521	-40.521	-40.521	-40.521	-40.521	
278	-49.9615	-50.0259	-50.0324	-49.9793	-50.0429	-49.9783	-49.9787	-49.9781	-49.9219	
279	-36.0104	-36.0563	-36.0612	-36.0232	-36.0692	-36.0226	-36.0229	-36.0225	-35.982	
280	-45.4002	-45.4599	-45.465	-45.4161	-45.4737	-45.415	-45.4154	-45.4148	-45.3637	
281	-54.789	-54.86	-54.8668	-54.8084	-54.8781	-54.8073	-54.8077	-54.807	-54.7454	
282	-21.3299	-21.3517	-21.3555	-21.3369	-21.3607	-21.337	-21.3368	-21.3355	-21.3061	
283	-30.6662	-30.7016	-30.7064	-30.6768	-30.7136	-30.6766	-30.6766	-30.6754	-30.6372	
284	-38.38	-38.38	-38.38	-38.38	-38.38	-38.38	-38.38	-38.38	-38.38	
285	-51.3522	-51.3522	-51.3522	-51.3522	-51.3522	-51.3522	-51.3522	-51.3522	-51.3522	
286	-64.1086	-64.1733	-64.1849	-64.1297	-64.2009	-64.1299	-64.1294	-64.1254	-64.0366	
287	-77.0687	-77.1346	-77.1486	-77.0917	-77.1668	-77.0925	-77.0914	-77.0839	-76.9632	
288	-89.9681	-90.0582	-90.0744	-89.9983	-90.0975	-89.9983	-89.9983	-89.9982	-89.8659	
289	-66.5041	-66.5715	-66.5829	-66.5262	-66.5994	-66.5261	-66.5261	-66.5257	-66.4281	
290	-44.2505	-44.2912	-44.2999	-44.2649	-44.3116	-44.2652	-44.265	-44.2641	-44.1963	
291	-53.6415	-53.6923	-53.7026	-53.6593	-53.7169	-53.6594	-53.6594	-53.6594	-53.5776	
292	-48.739	-48.7905	-48.7991	-48.7554	-48.8111	-48.7554	-48.7551	-48.7525	-48.6873	
293	-47.0877	-47.0877	-47.0877	-47.0877	-47.0877	-47.0877	-47.0877	-47.0877	-47.0877	
294	-45.2673	-45.2673	-45.2673	-45.2673	-45.2673	-45.2673	-45.2673	-45.2673	-45.2673	
295	-43.2988	-43.3441	-43.3515	-43.3131	-43.362	-43.3131	-43.3129	-43.3104	-43.2516	
296	-35.9095	-35.9095	-35.9095	-35.9095	-35.9095	-35.9095	-35.9095	-35.9095	-35.9095	
297	-28.2774	-28.3057	-28.3108	-28.2869	-28.3181	-28.2869	-28.2869	-28.2869	-28.2453	
298	-32.3761	-32.4043	-32.4106	-32.3866	-32.4193	-32.3867	-32.3868	-32.3879	-32.334	
299	-36.5785	-36.5785	-36.5785	-36.5785	-36.5785	-36.5785	-36.5785	-36.5785	-36.5785	
300	-40.5314	-40.5812	-40.5864	-40.5457	-40.5952	-40.5449	-40.5455	-40.5478	-40.4948	
301	-44.785	-44.785	-44.785	-44.785	-44.785	-44.785	-44.785	-44.785	-44.785	
302	-45.1135	-45.1135	-45.1135	-45.1135	-45.1135	-45.1135	-45.1135	-45.1135	-45.1135	
303	-45.2897	-45.3353	-45.3435	-45.3049	-45.3552	-45.3049	-45.3049	-45.3047	-45.2388	
304	-42.8773	-42.9198	-42.9276	-42.8916	-42.9387	-42.8917	-42.8916	-42.8915	-42.8282	
305	-11.2987	-11.3103	-11.3123	-11.3024	-11.3151	-11.3024	-11.3024	-11.3023	-11.2862	
306	-16.1442	-16.1602	-16.1632	-16.1496	-16.1673	-16.1496	-16.1495	-16.1492	-16.1257	
307	-33.7569	-33.7907	-33.7969	-33.7683	-33.8056	-33.7683	-33.7683	-33.7683	-33.7187	
308	-28.286	-28.286	-28.286	-28.286	-28.286	-28.286	-28.286	-28.286	-28.286	
309	-29.2567	-29.2567	-29.2567	-29.2567	-29.2567	-29.2567	-29.2567	-29.2567	-29.2567	
310	-30.2274	-30.2274	-30.2274	-30.2274	-30.2274	-30.2274	-30.2274	-30.2274	-30.2274	
311	-31.1981	-31.1981	-31.1981	-31.1981	-31.1981	-31.1981	-31.1981	-31.1981	-31.1981	
312	-32.1688	-32.1688	-32.1688	-32.1688	-32.1688	-32.1688	-32.1688	-32.1688	-32.1688	
313	-33.1395	-33.1395	-33.1395	-33.1395	-33.1395	-33.1395	-33.1395	-33.1395	-33.1395	
314	-34.1102	-34.1102	-34.1102	-34.1102	-34.1102	-34.1102	-34.1102	-34.1102	-34.1102	
315	-34.9453	-34.9899	-34.9947	-34.9578	-35.0025	-34.9573	-34.9575	-34.9571	-34.9178	
316	-36.0515	-36.0515	-36.0515	-36.0515	-36.0515	-36.0515	-36.0515	-36.0515	-36.0515	
317	-37.0222	-37.0222	-37.0222	-37.0222	-37.0222	-37.0222	-37.0222	-37.0222	-37.0222	
318	-37.9929	-37.9929	-37.9929	-37.9929	-37.9929	-37.9929	-37.9929	-37.9929	-37.9929	
319	-38.9636	-38.9636	-38.9636	-38.9636	-38.9636	-38.9636	-38.9636	-38.9636	-38.9636	
320	-39.9343	-39.9343	-39.9343	-39.9343	-39.9343	-39.9343	-39.9343	-39.9343	-39.9343	
321	-40.747	-40.7989	-40.8046	-40.7616	-40.8136	-40.7609	-40.7611	-40.7607	-40.7149	
322	-24.3417	-24.3684	-24.3725	-24.35	-24.3784	-24.3499	-24.3498	-24.3487	-24.3171	
323	-20.7315	-20.7315	-20.7315	-20.7315	-20.7315	-20.7315	-20.7315	-20.7315	-20.7315	
324	-16.9768	-16.9944	-16.9974	-16.9827	-17.0019	-16.9826	-16.9827	-16.9832	-16.9585	
325	-15.8853	-15.8853	-15.8853	-15.8853	-15.8853	-15.8853	-15.8853	-15.8853	-15.8853	
326	-14.7357	-14.7357	-14.7357	-14.7357	-14.7357	-14.7357	-14.7357	-14.7357	-14.7357	
327	-13.5335	-13.5508	-13.5526	-13.5384	-13.5556	-13.5381	-13.5382	-13.5381	-13.5229	
328	-17.3072	-17.3072	-17.3072	-17.3072	-17.3072	-17.3072	-17.3072	-17.3072	-17.3072	
329	-21.0285	-21.0285	-21.0285	-21.0285	-21.0285	-21.0285	-21.0285	-21.0285	-21.0285	
330	-24.7498	-24.7498	-24.7498	-24.7498	-24.7498	-24.7498	-24.7498	-24.7498	-24.7498	
331	-28.361	-28.3972	-28.4011	-28.3712	-28.4074	-28.3707	-28.3709	-28.3706	-28.3387	
332	-35.6957	-35.6957	-35.6957	-35.6957	-35.6957	-35.6957	-35.6957	-35.6957	-35.6957	
333	-42.9203	-42.9203	-42.9203	-42.9203	-42.9203	-42.9203	-42.9203	-42.9203	-42.9203	
334	-49.9513	-50.015	-50.0219	-49.9692	-50.033	-49.9683	-49.9687	-49.9681	-49.912	
335	-50.9954	-50.9954	-50.9954	-50.9954	-50.9954	-50.9954	-50.9954	-50.9954	-50.9954	
336	-51.8458	-51.8458	-51.8458	-51.8458	-51.8458	-51.8458	-51.8458	-51.8458	-51.8458	
337	-52.6962	-52.6962	-52.6962	-52.6962	-52.6962	-52.6962	-52.6962	-52.6962	-52.6962	
338	-53.5466	-53.5466	-53.5466	-53.5466	-53.5466	-53.5466	-53.5466	-53.5466	-53.5466	
339	-54.397	-54.397	-54.397	-54.397	-54.397	-54.397	-54.397	-54.397	-54.397	
340	-55.2474	-55.2474	-55.2474	-55.2474	-55.2474	-55.2474	-55.2474	-55.2474	-55.2474	
341	-56.0978	-56.0978	-56.0978	-56.0978	-56.0978	-56.0978	-56.0978	-56.0978	-56.0978	
342	-56.9482	-56.9482	-56.9482	-56.9482	-56.9482	-56.9482	-56.9482	-56.9482	-56.9482	
343	-57.7986	-57.7986	-57.7986	-57.7986	-57.7986	-57.7986	-57.7986	-57.7986	-57.7986	
344	-58.4225	-58.4969	-58.505	-58.4433	-58.5179	-58.4424	-58.4427	-58.4421	-58.3765	
345	-61.0033	-61.0033	-61.0033	-61.0033	-61.0033	-61.0033	-61.0033	-61.0033	-61.0033	
346	-63.3575	-63.3575	-63.3575	-63.3575	-63.3575	-63.3575	-63.3575	-63.3575	-63.3575	
347	-65.7117	-65.7117	-65.7117	-65.7117	-65.7117	-65.7117	-65.7117	-65.7117	-65.7117	
348	-67.8031	-67.8895	-67.8989	-67.8273	-67.9139	-67.8262	-67.8266	-67.8259	-67.7497	
349	-72.0127	-72.0127	-72.0127	-72.0127	-72.0127	-72.0127	-72.0127	-72.0127	-72.0127	
350	-75.9595	-75.9595	-75.9595	-75.9595	-75.9595	-75.9595	-75.9595	-75.9595	-75.9595	
351	-79.9062	-79.9062	-79.9062	-79.9062	-79.9062	-79.9062	-79.9062	-79.9062	-79.9062	
352	-83.5291	-83.6356	-83.6471	-83.559	-83.6656	-83.5576	-83.5581	-83.5572	-83.4634	
353	-79.387	-79.387	-79.387	-79.387	-79.387	-79.387	-79.387	-79.387	-79.387	
354	-74.921	-74.921	-74.921	-74.921	-74.921	-74.921	-74.921	-74.921	-74.921	
355	-75.817	-75.817	-75.817	-75.817	-75.817	-75.817	-75.817	-75.817	-75.817	
356	-69.883	-69.9721	-69.9817	-69.908	-69.9972	-69.9068	-69.9073	-69.9066	-69.828	
357	-73.9507	-74.0283	-74.0413	-73.9758	-74.06	-73.9757	-73.9756	-73.9741	-73.8717	
358	-86.0126	-86.0974	-86.1134	-86.0414	-86.1359	-86.0415	-86.0414	-86.0409	-85.9142	
359	-86.008	-86.0962	-86.1117	-86.0372	-86.1339	-86.0372	-86.0372	-86.0373	-85.9137	
360	-75.684	-75.7582	-75.7723	-75.7095	-75.7924	-75.7096	-75.7097	-75.7109	-75.5969	
361	-69.6423	-69.6423	-69.6423	-69.6423	-69.6423	-69.6423	-69.6423	-69.6423	-69.6423	
362	-63.3497	-63.3497	-63.3497	-63.3497	-63.3497	-63.3497	-63.3497	-63.3497	-63.3497	
363	-57.057	-57.057	-57.057	-57.057	-57.057	-57.057	-57.057	-57.057	-57.057	
364	-87.8723	-87.9843	-87.9964	-87.9037	-88.0159	-87.9022	-87.9028	-87.9019	-87.8031	
365	-90.539	-90.539	-90.539	-90.539	-90.539	-90.539	-90.539	-90.539	-90.539	
