#Output values file generated by Xhydro
10
ReportTime
point# 1
point# 2
point# 3
point# 4
point# 5
point# 6
point# 7
point# 8
point# 9
1	-56.7223	-56.7006	-56.752	-56.708	-56.7002	-56.697	-56.7059	-56.6806	-56.7227	
2	-56.3961	-56.3443	-56.3921	-56.365	-56.3482	-56.3413	-56.3607	-56.3097	-56.4	
3	-55.0981	-54.9779	-55.0908	-55.0524	-55.0358	-55.0244	-55.0498	-55.0429	-55.3256	
4	-53.5181	-53.4197	-53.5072	-53.4524	-53.4341	-53.4198	-53.4501	-53.4737	-54.0993	
5	-53.4016	-53.3372	-53.4029	-53.3305	-53.3092	-53.2937	-53.3275	-53.3676	-54.0097	
6	-53.3367	-53.3375	-53.344	-53.2637	-53.2412	-53.2252	-53.2605	-53.3104	-54.0098	
7	-53.2413	-53.2685	-53.258	-53.1646	-53.14	-53.1231	-53.1609	-53.2242	-53.9318	
8	-53.1028	-53.1263	-53.117	-53.0255	-53.0015	-52.9842	-53.0221	-53.0876	-53.8197	
9	-51.6014	-51.6103	-51.5993	-51.5073	-51.4832	-51.4662	-51.5038	-51.5683	-52.6507	
10	-50.5978	-50.5952	-50.5841	-50.4928	-50.4688	-50.4522	-50.4892	-50.5513	-51.8638	
11	-50.464	-50.448	-50.4643	-50.3535	-50.3262	-50.3084	-50.349	-50.428	-51.7478	
12	-50.2564	-50.2185	-50.2339	-50.1378	-50.1055	-50.0859	-50.1321	-50.1962	-51.5122	
13	-50.2776	-50.2331	-50.2524	-50.1628	-50.1323	-50.1134	-50.1576	-50.2183	-51.5122	
14	-50.2498	-50.2019	-50.2271	-50.137	-50.107	-50.0884	-50.1321	-50.196	-51.4735	
15	-50.0983	-50.0363	-50.0601	-49.9809	-49.9479	-49.9281	-49.9752	-50.0299	-51.3141	
16	-50.0576	-49.9915	-50.0235	-49.9395	-49.906	-49.8861	-49.9337	-49.9938	-51.2916	
17	-50.0037	-49.9302	-49.9623	-49.8847	-49.8507	-49.8305	-49.8789	-49.9475	-51.2646	
18	-49.995	-49.9204	-49.9504	-49.8785	-49.8462	-49.8263	-49.8734	-49.9408	-51.255	
19	-49.9948	-49.92	-49.9499	-49.8792	-49.8473	-49.8275	-49.8743	-49.9424	-51.2577	
20	-50.0013	-49.9242	-49.9553	-49.8871	-49.856	-49.8364	-49.8825	-49.9508	-51.273	
21	-49.9486	-49.8646	-49.9073	-49.8326	-49.801	-49.7807	-49.8282	-49.9057	-51.251	
22	-49.9227	-49.8375	-49.8808	-49.7112	-49.678	-49.6567	-49.7066	-49.88	-51.226	
23	-49.8536	-49.7882	-49.8188	-49.6409	-49.6063	-49.5843	-49.636	-49.8182	-51.226	
24	-49.7249	-49.6464	-49.7032	-49.5081	-49.4705	-49.4471	-49.5025	-49.7019	-51.1374	
25	-49.742	-49.6636	-49.7172	-49.5299	-49.4941	-49.4708	-49.5251	-49.7216	-51.1549	
26	-49.8214	-49.7197	-49.7872	-49.6167	-49.584	-49.5618	-49.6128	-49.7977	-51.2162	
27	-49.7705	-49.6667	-49.7351	-49.5671	-49.5349	-49.5127	-49.5634	-49.747	-51.1663	
28	-47.7592	-47.6168	-47.6937	-47.5479	-47.5223	-47.4969	-47.5475	-47.7478	-49.5457	
29	-47.6457	-47.3889	-47.5342	-47.455	-47.4416	-47.4205	-47.458	-47.6069	-49.4347	
30	-46.6448	-46.1759	-46.5018	-46.4594	-46.4529	-46.434	-46.4643	-46.5864	-48.4765	
31	-46.6013	-46.1301	-46.4569	-46.4155	-46.4093	-46.3903	-46.4206	-46.5431	-48.444	
32	-44.744	-44.2555	-44.5802	-44.5441	-44.5397	-44.5195	-44.5503	-44.6819	-46.9507	
33	-44.2487	-43.7724	-44.0689	-44.0528	-44.0523	-44.0329	-44.0602	-44.1806	-46.5408	
34	-43.5773	-43.0898	-43.3883	-43.3798	-43.3809	-43.3617	-43.3877	-43.5041	-45.9636	
35	-43.0175	-42.5277	-42.8374	-42.8119	-42.8098	-42.7899	-42.8188	-42.9471	-45.5213	
36	-42.8107	-42.3098	-42.6118	-42.5971	-42.5899	-42.5676	-42.6028	-42.7206	-45.3049	
37	-42.7981	-42.3042	-42.6018	-42.5852	-42.5778	-42.5554	-42.591	-42.7116	-45.2901	
38	-42.7761	-42.2848	-42.5804	-42.5627	-42.5551	-42.5326	-42.5684	-42.6898	-45.2759	
39	-42.6797	-42.1864	-42.4965	-42.4639	-42.4539	-42.4303	-42.469	-42.6049	-45.1871	
40	-42.0565	-41.5677	-41.8573	-41.8312	-41.8166	-41.7909	-41.8352	-41.9691	-44.6734	
41	-40.1409	-39.657	-39.9075	-39.9169	-39.911	-39.8847	-39.9245	-40.0575	-43.0977	
42	-39.846	-39.3467	-39.5902	-39.6113	-39.5995	-39.5701	-39.6177	-39.7442	-42.8037	
43	-39.5659	-39.0407	-39.2808	-39.3179	-39.2986	-39.2659	-39.3225	-39.4332	-42.4755	
44	-39.3088	-38.7652	-39	-39.0491	-39.0232	-38.9875	-39.0522	-39.1541	-42.1969	
45	-39.2961	-38.7539	-38.9883	-39.0192	-38.9933	-38.9574	-39.0223	-39.1423	-42.1814	
46	-39.2411	-38.7101	-38.9365	-38.9645	-38.9381	-38.9019	-38.9677	-39.0987	-42.1758	
47	-38.689	-38.1831	-38.3982	-38.4174	-38.397	-38.3611	-38.4228	-38.5782	-41.8306	
48	-38.661	-38.1645	-38.3739	-38.3909	-38.3705	-38.3346	-38.3963	-38.5574	-41.8106	
49	-38.5586	-38.0641	-38.268	-38.2867	-38.2646	-38.2279	-38.2917	-38.4553	-41.7188	
50	-37.3999	-36.903	-37.1007	-37.1229	-37.1043	-37.0656	-37.13	-37.3194	-40.8815	
51	-37.3866	-36.9036	-37.0934	-37.1993	-37.1833	-37.1453	-37.2073	-37.4147	-41.0365	
52	-36.0297	-35.519	-35.7006	-35.8355	-35.814	-35.7731	-35.8422	-36.0357	-39.8493	
53	-35.9577	-35.4665	-35.6391	-35.7885	-35.7701	-35.7296	-35.7964	-36.014	-39.9572	
54	-32.5387	-32.4048	-32.2011	-32.7092	-32.3526	-32.3145	-32.3753	-32.5779	-37.1075	
55	-31.3476	-31.5761	-31.0041	-31.8929	-31.1553	-31.1174	-31.1788	-31.3813	-36.1138	
56	-31.4307	-32.0393	-31.0624	-32.3352	-31.2584	-31.2226	-31.2768	-31.4526	-36.5401	
57	-30.7732	-31.7942	-30.3874	-32.0801	-30.6092	-30.576	-30.6241	-30.7757	-36.4498	
58	-30.4834	-31.86	-30.0923	-32.1521	-30.3211	-30.2884	-30.3349	-30.4814	-36.5701	
59	-30.4965	-32.1734	-30.1052	-32.4767	-30.3342	-30.3015	-30.348	-30.4952	-36.889	
60	-30.4635	-32.3878	-30.0488	-32.7877	-30.3144	-30.2844	-30.3235	-30.4418	-37.2481	
61	-29.7512	-32.083	-29.3323	-32.4774	-29.601	-29.5712	-29.609	-29.727	-37.0095	
62	-29.8485	-32.4766	-29.4219	-32.8666	-29.7032	-29.6741	-29.7097	-29.8191	-37.4387	
63	-29.3247	-32.2801	-28.8858	-32.7308	-29.1832	-29.3125	-29.1872	-29.2789	-37.3842	
64	-29.2142	-32.4178	-28.7887	-32.8882	-29.0618	-29.5271	-29.0685	-29.1784	-37.4829	
65	-28.9952	-32.4339	-28.5513	-33.0638	-28.97	-29.7575	-28.9792	-29.0958	-37.6376	
66	-27.3242	-31.3943	-26.9157	-32.0492	-27.3429	-28.4909	-27.3468	-27.4339	-36.8148	
67	-27.2975	-31.6132	-26.8738	-32.8311	-27.3485	-28.8326	-27.349	-27.4157	-37.1958	
68	-27.2903	-31.8639	-26.8743	-33.8172	-27.3759	-29.1703	-27.3766	-27.4681	-37.5421	
69	-27.0859	-32.7586	-26.6661	-34.5824	-27.1713	-29.2864	-27.1714	-27.266	-37.6503	
70	-26.4841	-33.6285	-26.0426	-35.23	-26.5848	-29.0702	-26.5805	-26.6443	-37.5186	
71	-25.978	-34.1664	-25.5429	-35.8323	-26.0702	-28.8968	-26.0671	-26.141	-38.0092	
72	-25.2073	-34.4265	-24.7472	-36.1803	-25.2666	-28.4437	-25.2696	-25.3317	-38.2193	
73	-24.7889	-34.6377	-24.2861	-36.4087	-24.8101	-28.2608	-24.8226	-24.866	-38.3051	
74	-24.3755	-34.951	-23.8259	-36.7509	-24.3617	-28.077	-24.3832	-24.4002	-38.5593	
75	-23.0855	-34.3874	-22.5475	-36.2209	-23.0968	-27.0569	-23.1892	-23.1273	-37.6921	
76	-22.4618	-34.567	-21.9018	-36.433	-22.4575	-26.6627	-22.8229	-22.4846	-37.8679	
77	-22.2516	-35.0604	-21.6718	-36.938	-22.2248	-26.6724	-22.8472	-22.256	-38.4473	
78	-21.8177	-35.3283	-21.1983	-37.2129	-21.7469	-26.4266	-22.6234	-21.7878	-38.7623	
79	-21.568	-35.7007	-20.9288	-37.5864	-21.47	-26.3771	-22.5891	-21.5251	-39.2422	
80	-21.2365	-35.8961	-20.5674	-37.7914	-21.1055	-26.2321	-22.4619	-21.1682	-39.4689	
81	-20.5843	-35.654	-19.8971	-37.5899	-20.4388	-25.7747	-22.0322	-20.5094	-39.2402	
82	-19.8317	-35.4592	-19.1204	-37.4428	-19.6707	-25.2081	-21.4974	-19.7463	-39.0808	
83	-19.2069	-35.4785	-18.4316	-37.506	-18.9911	-24.725	-21.0436	-19.0714	-39.1678	
84	-18.5145	-35.4759	-17.7155	-37.5496	-18.2849	-25.1284	-20.5581	-18.3713	-39.249	
85	-17.6995	-35.1639	-16.8739	-37.2996	-17.4537	-25.6426	-19.9445	-17.5524	-39.0525	
86	-17.0189	-34.9795	-16.1723	-37.1596	-16.7599	-25.968	-19.4595	-16.8744	-39.0042	
87	-16.5941	-35.1812	-15.7092	-37.3819	-16.2988	-26.5247	-19.1965	-16.4327	-39.3069	
88	-16.2355	-35.4492	-15.321	-37.6608	-15.9099	-27.0919	-18.9993	-16.0656	-39.6761	
89	-16.3131	-35.6438	-15.4096	-37.8443	-15.9782	-27.7374	-19.2457	-16.145	-39.9333	
90	-16.0856	-36.0811	-15.1616	-38.303	-15.733	-28.4119	-19.1806	-15.906	-40.4054	
91	-15.7934	-36.281	-14.8426	-38.5254	-15.4181	-28.7857	-19.0425	-15.6005	-40.6917	
92	-15.4855	-36.5762	-14.5083	-38.8374	-15.0863	-29.2266	-18.8838	-15.2796	-41.0549	
93	-15.2623	-36.8567	-14.2678	-39.1206	-14.846	-29.6591	-18.8102	-15.052	-41.3877	
94	-14.985	-37.1349	-13.9665	-39.4138	-14.5475	-30.0585	-18.6758	-14.7622	-41.7003	
95	-14.7277	-37.5007	-13.6864	-39.7883	-14.27	-30.5214	-18.5585	-14.4922	-42.0817	
96	-14.2592	-37.2259	-13.1706	-39.5355	-13.7634	-30.3623	-18.2102	-14.0012	-41.9426	
97	-13.7145	-36.634	-12.6051	-38.9434	-13.209	-29.9037	-17.8075	-13.4676	-41.51	
98	-13.3422	-36.6532	-12.1958	-38.9799	-12.8059	-30.043	-17.5512	-13.0864	-41.5651	
99	-13.0017	-36.818	-11.8209	-39.1614	-12.4373	-30.3051	-17.3259	-12.7388	-41.7504	
100	-12.6778	-36.8771	-11.4636	-39.2379	-12.0867	-30.4668	-17.1144	-12.4104	-41.8606	
101	-12.31	-36.9088	-11.0521	-39.2973	-11.687	-30.5642	-16.8506	-12.0602	-41.9558	
102	-11.9885	-37.012	-10.6915	-39.4252	-11.3383	-30.7333	-16.6344	-11.8766	-42.1111	
103	-11.6939	-37.0713	-10.3616	-39.5095	-11.019	-30.8715	-16.4435	-11.7215	-42.2059	
104	-13.0173	-37.0363	-11.8075	-39.4721	-12.3823	-30.9805	-17.9035	-13.2152	-42.1613	
105	-12.6584	-37.1428	-11.4013	-39.6091	-11.9941	-31.1383	-17.6385	-12.981	-42.3029	
106	-12.3838	-37.3504	-11.0919	-39.8333	-11.6985	-31.403	-17.4635	-12.8356	-42.5086	
107	-12.0989	-37.572	-10.7712	-40.0719	-11.3914	-31.6852	-17.2738	-12.679	-42.7128	
108	-11.7419	-37.4389	-10.3645	-39.9614	-11.0047	-31.628	-16.9988	-12.4469	-42.6639	
109	-11.2993	-36.813	-9.85068	-39.3456	-10.5211	-31.0558	-16.6173	-12.1206	-42.2331	
110	-10.921	-35.7501	-9.40685	-38.3029	-10.1082	-30.0709	-16.301	-11.8602	-41.447	
111	-10.6164	-35.276	-9.04913	-37.8521	-9.77689	-29.6665	-16.0652	-11.6753	-41.0864	
112	-10.3647	-34.7622	-8.75284	-37.3598	-9.50349	-29.2509	-15.8846	-11.5445	-40.6698	
113	-10.1523	-34.7844	-8.50497	-37.4314	-9.27341	-29.3481	-15.7469	-11.4532	-40.6793	
114	-9.95822	-35.1621	-8.27677	-37.8401	-9.06292	-29.7564	-15.6283	-11.3766	-40.9843	
115	-9.76789	-35.5574	-8.05317	-38.27	-8.85565	-30.18	-15.5104	-11.3279	-41.3021	
116	-9.60033	-35.6767	-7.85431	-38.4194	-8.67285	-30.3449	-15.4139	-11.2974	-41.4305	
117	-9.44485	-36.0744	-7.66979	-38.8409	-8.50305	-30.7607	-15.3302	-11.274	-41.7629	
118	-9.27953	-36.2192	-7.47108	-39.0104	-8.32185	-30.9462	-15.2296	-11.2399	-41.8911	
119	-9.50752	-36.3979	-7.71033	-39.1875	-8.55351	-31.2058	-15.5323	-11.598	-42.0092	
120	-12.1718	-37.0328	-10.65	-39.7745	-11.3398	-31.9752	-18.3508	-14.4078	-42.4788	
121	-12.1718	-37.6695	-10.6571	-40.3755	-11.3497	-32.7366	-18.4583	-14.5258	-42.96	
122	-12.1406	-37.9173	-10.614	-40.6049	-11.3176	-33.0899	-18.5065	-14.6032	-43.1255	
123	-12.5665	-38.4135	-11.0815	-41.0594	-11.7674	-33.6868	-19.0361	-15.1444	-43.4719	
124	-12.4911	-38.9236	-10.9954	-41.5595	-11.6906	-34.2272	-19.0441	-15.1797	-43.8815	
125	-13.1259	-39.4248	-11.6953	-42.0201	-12.3587	-34.7789	-19.788	-15.9227	-44.2494	
126	-13.7957	-39.8238	-12.4292	-42.3656	-13.0619	-35.218	-20.5626	-16.7014	-44.4942	
127	-13.6527	-40.1257	-12.2615	-42.6288	-12.9116	-35.5319	-20.4882	-16.6483	-44.7307	
128	-13.5904	-40.5835	-12.1906	-43.0434	-12.8493	-36.0012	-20.5078	-16.6793	-45.0875	
129	-13.4314	-40.8224	-11.9979	-43.2433	-12.6806	-36.2559	-20.4089	-16.606	-45.2776	
130	-13.2319	-40.8266	-11.7474	-43.2207	-12.4664	-36.3064	-20.2519	-16.4883	-45.3193	
131	-13.2355	-41.1377	-11.7419	-43.4883	-12.4737	-36.6761	-20.3339	-16.5821	-45.5617	
132	-16.2267	-41.055	-15.0163	-43.319	-15.6178	-36.7388	-23.5063	-19.6639	-45.4373	
133	-15.7561	-41.1487	-14.4939	-43.3606	-15.1487	-36.8049	-23.6652	-19.2813	-45.4924	
134	-15.4355	-41.3422	-14.1167	-43.4938	-14.8091	-36.9662	-24.0468	-19.0246	-45.6256	
135	-15.0329	-41.1901	-13.6628	-43.2914	-14.4099	-36.8146	-24.1946	-18.7082	-45.537	
136	-14.6252	-41.2713	-13.1727	-43.3266	-13.9703	-36.8562	-24.1829	-18.3482	-45.6162	
137	-14.3588	-41.5094	-12.8542	-43.5117	-13.6848	-37.062	-24.4664	-18.1385	-45.8021	
138	-14.248	-41.6383	-12.7002	-43.582	-13.5596	-37.1716	-24.6184	-18.0787	-45.8948	
139	-14.03	-41.8175	-12.4339	-43.712	-13.3264	-37.3332	-24.7586	-17.9158	-46.0443	
140	-13.9192	-42.0947	-12.3021	-43.9352	-13.2121	-37.6081	-25.1926	-17.872	-46.2619	
141	-13.6692	-41.7204	-11.9732	-43.5403	-12.9408	-37.2552	-24.856	-17.6587	-46.0582	
142	-13.4117	-41.2162	-11.6219	-43.0019	-12.658	-36.7602	-24.341	-17.4279	-45.7421	
143	-13.4654	-40.7634	-11.6262	-42.518	-12.7032	-36.3267	-24.0127	-17.5107	-45.3791	
144	-14.7267	-41.1954	-13.0361	-42.9053	-14.0265	-36.8338	-25.5467	-18.8438	-45.5023	
145	-17.9917	-41.567	-16.6785	-43.2239	-17.4665	-37.2345	-28.0499	-22.2244	-45.677	
146	-17.9404	-42.0134	-16.1534	-43.5828	-17.3859	-37.6792	-28.9053	-22.1474	-45.9188	
147	-17.7724	-42.2948	-15.9698	-43.7965	-17.2448	-37.9468	-29.0976	-22.0709	-46.1047	
148	-17.4359	-42.4536	-15.5934	-43.9093	-16.9263	-38.0733	-29.0412	-21.8015	-46.2094	
149	-17.2292	-42.3148	-15.3641	-43.7533	-16.7411	-38.0107	-29.0095	-21.6625	-46.1234	
150	-16.8261	-42.0752	-14.9114	-43.4705	-16.3475	-37.7976	-28.6758	-21.3028	-45.9352	
151	-16.4992	-41.8059	-14.5368	-43.1691	-16.0271	-37.5588	-28.3297	-21.0128	-45.6894	
152	-16.3959	-41.8578	-14.402	-43.1952	-15.9213	-37.6546	-28.4722	-20.9593	-45.6515	
153	-16.2294	-41.5996	-14.1768	-42.9095	-15.7422	-37.4363	-28.0015	-20.8087	-45.3751	
154	-16.0992	-41.5455	-13.9947	-42.8434	-15.6012	-37.3723	-27.6207	-20.6935	-45.2293	
155	-15.9577	-41.4401	-13.7897	-42.7205	-15.4457	-37.215	-27.0863	-20.5509	-45.074	
156	-15.943	-41.2722	-13.7456	-42.538	-15.4252	-37.0551	-26.7789	-20.5795	-44.8567	
157	-16.1485	-41.2944	-13.9779	-42.5265	-15.633	-37.0966	-26.8902	-20.8278	-44.7696	
158	-16.0915	-41.0171	-13.9115	-42.2128	-15.57	-36.8231	-26.6933	-20.8135	-44.4714	
159	-16.6488	-41.5557	-14.5387	-42.6664	-16.1433	-37.3522	-27.5799	-21.4183	-44.811	
160	-16.6674	-41.883	-14.5589	-42.9351	-16.1598	-37.6155	-27.6585	-21.4843	-45.0045	
161	-16.6291	-41.8316	-14.5129	-42.8813	-16.1177	-37.5854	-27.479	-21.4914	-44.9217	
162	-16.6716	-41.6797	-14.5567	-42.7411	-16.1598	-37.5089	-27.3502	-21.5789	-44.7933	
163	-16.8727	-42.2106	-14.7786	-43.208	-16.3665	-38.0674	-28.0907	-21.8478	-45.2144	
164	-16.8727	-42.2759	-14.7729	-43.2646	-16.3665	-38.2246	-28.1163	-21.9011	-45.2035	
165	-21.0136	-42.2833	-19.2527	-43.2535	-20.6688	-38.374	-30.6722	-25.8157	-45.2902	
166	-20.3458	-42.0805	-18.4722	-43.0281	-19.9959	-38.1931	-30.2477	-25.1783	-45.0228	
167	-19.7384	-41.8537	-17.7413	-42.7679	-19.3953	-37.9513	-29.6909	-24.5492	-44.7987	
168	-19.4343	-42.1086	-17.3768	-42.9601	-19.0975	-38.1168	-29.615	-24.27	-44.9667	
169	-19.2214	-42.2716	-17.0818	-43.0861	-18.8668	-38.2335	-29.5494	-24.0548	-45.069	
170	-19.1662	-42.4629	-17.0017	-43.251	-18.8085	-38.4385	-29.7779	-24.0503	-45.1887	
171	-19.1849	-42.8551	-17.0292	-43.5827	-18.8317	-38.7964	-30.1914	-24.1477	-45.4494	
172	-19.6809	-43.2198	-17.634	-43.8878	-19.3426	-39.151	-30.8029	-24.7646	-45.6972	
173	-20.7193	-43.6915	-18.3846	-44.2717	-20.3568	-39.5764	-31.5841	-25.5334	-46.0011	
174	-20.5057	-43.8497	-18.1499	-44.3763	-20.1608	-39.6955	-31.5938	-25.3836	-46.037	
175	-19.9673	-43.6332	-17.541	-44.1559	-19.6355	-39.4717	-31.1779	-24.862	-45.8708	
176	-19.8109	-43.7396	-17.356	-44.2286	-19.4901	-39.5774	-31.2067	-24.7625	-45.9435	
177	-19.7618	-43.8341	-17.2878	-44.3104	-19.4567	-39.7188	-31.3357	-24.7875	-46.0181	
178	-19.8019	-44.111	-17.3242	-44.541	-19.5027	-40.0015	-31.6134	-24.9044	-46.3404	
179	-19.6731	-44.187	-17.1441	-44.5904	-19.3645	-40.0708	-31.5349	-24.7891	-46.383	
180	-19.5911	-44.2758	-17.0227	-44.6682	-19.2771	-40.1795	-31.5403	-24.7325	-46.4514	
181	-19.6515	-44.1859	-17.0635	-44.5649	-19.3255	-40.1049	-31.3444	-24.7825	-46.339	
182	-19.4378	-43.564	-16.7403	-43.9614	-19.0919	-39.5323	-30.446	-24.4815	-45.9025	
183	-20.4915	-43.6503	-18.0099	-43.9951	-20.1539	-39.6032	-30.8221	-25.6612	-45.5586	
184	-20.3484	-43.8734	-17.799	-44.1812	-20.0029	-39.7921	-30.8488	-25.5263	-45.7417	
185	-20.198	-43.9992	-17.5697	-44.2908	-19.8408	-39.9019	-30.7693	-25.3541	-45.8571	
186	-20.0235	-43.6999	-17.2868	-44.037	-19.6521	-39.6893	-30.3148	-25.112	-45.6638	
187	-20.0806	-43.6725	-17.3351	-44.0187	-19.7093	-39.7649	-30.378	-25.209	-45.6415	
188	-19.9566	-43.4951	-17.1207	-43.8782	-19.5752	-39.6034	-29.8575	-25.0164	-45.4673	
189	-19.9476	-43.4404	-17.0576	-43.8217	-19.5599	-39.5306	-29.4821	-24.9605	-45.3975	
190	-19.9079	-43.6366	-17.0055	-44.0032	-19.5177	-39.7168	-29.5764	-24.947	-45.5654	
191	-20.7268	-43.9994	-18.0352	-44.3118	-20.3578	-40.0871	-30.3087	-25.9361	-45.8273	
192	-20.8232	-44.1432	-18.1453	-44.4252	-20.4564	-40.242	-30.5092	-26.0886	-45.9196	
193	-20.6832	-44.2575	-17.906	-44.5518	-20.3055	-40.3472	-30.3646	-25.8734	-45.9608	
194	-20.5472	-44.2047	-17.6612	-44.5269	-20.1587	-40.3041	-29.9301	-25.6374	-45.9201	
195	-20.4484	-44.253	-17.4793	-44.5661	-20.0522	-40.332	-29.6033	-25.469	-45.9664	
196	-20.3675	-43.8543	-17.3171	-44.2713	-19.9658	-40.0629	-29.0214	-25.3095	-45.6288	
197	-21.1228	-44.1307	-18.306	-44.4612	-20.7478	-40.2848	-29.5138	-26.2744	-45.5783	
198	-21.4076	-44.417	-18.6748	-44.6726	-21.0439	-40.5486	-29.9803	-26.6907	-45.7472	
199	-21.3924	-44.8383	-18.6441	-45.035	-21.0297	-40.9166	-30.2832	-26.7262	-46.1178	
200	-21.3538	-45.0897	-18.5672	-45.2689	-20.9898	-41.1596	-30.317	-26.7076	-46.3903	
201	-21.8561	-45.0965	-19.2369	-45.2467	-21.5098	-41.2212	-30.6744	-27.397	-46.2729	
202	-21.7702	-45.2713	-19.0863	-45.42	-21.4211	-41.4158	-30.7937	-27.3206	-46.5107	
203	-21.6063	-45.2742	-18.7875	-45.4553	-21.247	-41.447	-30.6066	-27.0394	-46.5349	
204	-21.4585	-45.1908	-18.5025	-45.396	-21.0897	-41.3825	-30.2102	-26.7515	-46.5168	
205	-21.5053	-45.195	-18.5241	-45.3839	-21.1367	-41.3993	-30.1183	-26.7814	-46.5226	
206	-21.4242	-45.07	-18.351	-45.3269	-21.0512	-41.3497	-29.8285	-26.6212	-46.4759	
207	-21.3793	-45.24	-18.2585	-45.4769	-21.0046	-41.5124	-29.7372	-26.5605	-46.6679	
208	-21.6293	-45.2698	-18.6246	-45.4892	-21.2656	-41.5978	-30.0986	-26.9525	-46.6894	
209	-21.5933	-45.2418	-18.538	-45.4662	-21.2282	-41.5975	-29.9346	-26.8869	-46.7044	
210	-21.5419	-45.1108	-18.4275	-45.3624	-21.175	-41.5132	-29.6974	-26.7861	-46.61	
211	-21.484	-45.0219	-18.3001	-45.2712	-21.1149	-41.421	-29.335	-26.6472	-46.5372	
212	-21.4316	-44.8988	-18.2159	-45.16	-21.0609	-41.3023	-28.9731	-26.5194	-46.451	
213	-21.3893	-44.6151	-18.1506	-44.9089	-21.0176	-41.0515	-28.6336	-26.4524	-46.2702	
214	-21.3531	-44.2818	-18.0998	-44.638	-20.981	-40.7801	-28.3622	-26.4101	-46.0187	
215	-21.6757	-44.2535	-18.5922	-44.5686	-21.3191	-40.7425	-28.5737	-26.8892	-45.8745	
216	-21.7156	-44.2542	-18.6234	-44.5577	-21.3609	-40.7663	-28.5235	-26.9435	-45.8644	
217	-21.7156	-44.096	-18.5806	-44.3948	-21.3609	-40.6102	-28.3519	-26.9116	-45.7342	
218	-21.6818	-43.9653	-18.5387	-44.2631	-21.3267	-40.4709	-28.1526	-26.882	-45.6039	
219	-21.6497	-43.7392	-18.5012	-44.0406	-21.2943	-40.2521	-27.9842	-26.8632	-45.4311	
220	-21.6497	-43.5412	-18.4712	-43.8568	-21.2943	-40.0943	-27.8874	-26.8564	-45.2729	
221	-21.6497	-43.5192	-18.4416	-43.82	-21.2943	-40.066	-27.791	-26.8518	-45.2302	
222	-22.6606	-43.5282	-20.1788	-43.8081	-22.351	-40.0733	-29.4689	-28.795	-44.5957	
223	-22.439	-43.4707	-19.8626	-43.7429	-22.1229	-40.0441	-29.0869	-28.5183	-44.5855	
224	-22.2503	-42.8916	-19.568	-43.1741	-21.9294	-39.5506	-28.5865	-28.2324	-44.1192	
225	-22.084	-42.2999	-19.3027	-42.5429	-21.7596	-38.9381	-28.0253	-27.953	-43.6303	
226	-21.9589	-41.9953	-19.1054	-42.1973	-21.6323	-38.5526	-27.5911	-27.7438	-43.3412	
227	-22.2797	-42.1601	-19.6456	-42.2656	-21.9655	-38.6516	-28.2975	-28.355	-43.2442	
228	-22.4426	-42.4002	-19.9165	-42.4489	-22.1346	-38.8817	-28.8044	-28.7051	-43.3525	
229	-22.1478	-42.1325	-19.4542	-42.1708	-21.8296	-38.5942	-28.1899	-28.238	-43.159	
230	-21.9716	-42.1228	-19.166	-42.1477	-21.6482	-38.5721	-27.8752	-27.9659	-43.1745	
231	-21.9831	-42.592	-19.1866	-42.5582	-21.6619	-39.0141	-28.0787	-28.0454	-43.5978	
232	-22.4421	-42.9883	-19.9156	-42.9054	-22.1349	-39.3995	-29.0741	-28.8939	-43.85	
233	-22.1224	-43.1241	-19.4983	-43.0037	-21.8308	-39.5097	-28.8712	-28.5594	-43.9807	
234	-21.7487	-42.8446	-18.9764	-42.6987	-21.4725	-39.2661	-28.4425	-28.0877	-43.7924	
235	-21.8427	-43.1175	-19.1398	-42.9323	-21.5652	-39.551	-29.1344	-28.3448	-43.9098	
236	-21.5714	-43.0886	-18.7602	-42.8662	-21.2786	-39.4966	-28.9829	-28.0091	-43.9217	
237	-21.338	-43.0436	-18.4258	-42.7913	-21.0321	-39.4312	-28.8728	-27.7132	-43.9196	
238	-21.1243	-42.9538	-18.1019	-42.677	-20.8055	-39.3159	-28.612	-27.4146	-43.8599	
239	-21.7482	-43.8097	-19.0464	-43.5494	-21.4482	-40.3008	-30.2778	-28.4722	-44.5463	
240	-21.7098	-44.1154	-19.0163	-43.805	-21.41	-40.5815	-30.6369	-28.53	-44.7844	
241	-21.8736	-44.4352	-19.2798	-44.0862	-21.5832	-40.9193	-31.26	-28.8891	-44.9935	
242	-21.7266	-44.5793	-19.1064	-44.1893	-21.4293	-41.0403	-31.3605	-28.7911	-45.1205	
243	-20.4473	-44.9923	-17.4346	-44.5543	-20.2033	-41.4429	-32.1688	-27.549	-45.4303	
244	-18.1142	-45.4083	-15.5765	-44.9068	-17.9187	-41.8369	-32.6573	-26.1676	-45.711	
245	-17.8354	-45.4889	-15.2837	-44.9192	-17.6463	-41.8649	-32.6273	-25.9523	-45.7965	
246	-18.0175	-45.9475	-15.4691	-45.2972	-17.8457	-42.2678	-32.9495	-26.2011	-46.12	
247	-17.1519	-46.2791	-14.783	-45.5974	-17.0269	-42.623	-33.3554	-25.7143	-46.2599	
248	-17.0284	-46.4755	-14.7087	-45.7673	-16.9263	-42.8464	-33.666	-25.7253	-46.5579	
249	-16.8802	-46.6723	-14.5453	-45.8875	-16.7672	-42.9778	-33.7206	-25.6247	-46.8741	
250	-16.4919	-46.7173	-14.1079	-45.8581	-16.3502	-42.9446	-33.5635	-25.2297	-46.9176	
251	-16.1769	-46.8213	-13.7497	-45.8983	-16.0132	-42.9834	-33.4694	-24.9152	-47.0185	
252	-15.9303	-46.7858	-13.4586	-45.8349	-15.7517	-42.934	-33.3632	-24.6802	-47.0387	
253	-15.9583	-46.9137	-13.4808	-45.9513	-15.7871	-43.0853	-33.5199	-24.7602	-47.3437	
254	-15.6631	-46.9409	-13.135	-45.9377	-15.4717	-43.0751	-33.3979	-24.4639	-47.3916	
255	-15.3401	-46.887	-12.7483	-45.8588	-15.1274	-42.9993	-33.2094	-24.1322	-47.4011	
256	-15.1655	-46.858	-12.5261	-45.8327	-14.9443	-42.9926	-33.1472	-23.9746	-47.4423	
257	-15.0899	-47.0097	-12.4219	-45.9781	-14.8682	-43.1559	-33.2252	-23.9293	-47.6011	
258	-15.0826	-47.2599	-12.4005	-46.2176	-14.8656	-43.4145	-33.3887	-23.9641	-47.8416	
259	-15.0971	-47.4175	-12.4028	-46.4121	-14.8873	-43.6465	-33.6143	-24.0325	-48.0336	
260	-15.058	-47.5148	-12.3433	-46.5467	-14.8505	-43.8155	-33.7732	-24.0347	-48.1818	
261	-14.7681	-46.8918	-11.9513	-45.9549	-14.5367	-43.2635	-33.1817	-23.6965	-47.8396	
262	-14.5673	-46.8926	-11.6837	-45.9365	-14.3207	-43.2406	-32.9978	-23.4737	-47.8671	
263	-14.4158	-46.7804	-11.4735	-45.8375	-14.158	-43.1454	-32.7808	-23.3075	-47.834	
264	-14.3428	-46.7833	-11.3644	-45.8821	-14.0811	-43.2116	-32.8049	-23.2437	-47.8928	
265	-14.3251	-47.0446	-11.3325	-46.1589	-14.0653	-43.51	-33.0425	-23.2561	-48.1187	
266	-14.3541	-47.3874	-11.3656	-46.5417	-14.1016	-43.9284	-33.4649	-23.3243	-48.4274	
267	-14.4233	-47.8158	-11.4563	-47.0156	-14.1825	-44.4434	-34.0106	-23.4413	-48.6682	
268	-14.4773	-48.1456	-11.5277	-47.4231	-14.2464	-44.901	-34.5618	-23.5392	-49.0217	
269	-15.089	-48.456	-12.3247	-47.7578	-14.8729	-45.2671	-34.8086	-24.1992	-49.2763	
270	-11.862	-48.4962	-9.83591	-47.8679	-11.6508	-45.4121	-34.9883	-21.5661	-49.353	
271	-12.0231	-48.6842	-9.99445	-48.0803	-11.8294	-45.636	-35.1969	-21.7777	-49.5007	
272	-12.1515	-48.8594	-10.1138	-48.2846	-11.9721	-45.8521	-35.387	-21.9539	-49.6549	
273	-12.3053	-49.0464	-10.2622	-48.5046	-12.1416	-46.0869	-35.6	-22.1578	-49.844	
274	-12.3479	-49.2245	-10.2966	-48.6984	-12.1893	-46.2875	-35.7342	-22.2196	-50.0428	
275	-12.4855	-49.3935	-10.4227	-48.8677	-12.3386	-46.4747	-35.9078	-22.3698	-50.2157	
276	-12.8658	-49.4414	-10.7848	-49.0006	-12.7464	-46.6568	-36.2527	-22.7484	-50.397	
277	-13.1962	-49.4277	-11.1422	-49.069	-13.0993	-46.7761	-36.5745	-23.0811	-50.5645	
278	-13.0358	-49.3424	-10.9918	-49.0209	-12.9287	-46.7464	-36.589	-22.9314	-50.4605	
279	-12.8948	-49.1284	-10.8328	-48.8553	-12.7739	-46.595	-36.4889	-22.8068	-50.3304	
280	-12.9555	-48.9187	-10.8927	-48.7216	-12.8366	-46.4931	-36.5211	-22.9121	-50.2209	
281	-13.0865	-48.9991	-11.0526	-48.8437	-12.9835	-46.6417	-36.7198	-23.0968	-50.3336	
282	-12.6032	-48.5736	-10.5931	-48.443	-12.4802	-46.2547	-36.4365	-22.6099	-49.9742	
283	-12.2823	-48.6503	-10.3371	-48.5273	-12.1685	-46.3444	-36.4973	-22.2975	-50.1649	
284	-12.1962	-48.7616	-10.2413	-48.6456	-12.0749	-46.4567	-36.5133	-22.2205	-50.2795	
285	-12.0299	-48.8013	-10.0565	-48.7	-11.8949	-46.503	-36.4564	-22.0538	-50.3157	
286	-11.9967	-48.9779	-10.042	-48.8842	-11.8664	-46.6887	-36.547	-22.0352	-50.4567	
287	-12.2359	-49.1814	-10.2608	-49.1228	-12.1243	-46.9441	-36.7591	-22.273	-50.6342	
288	-10.8495	-49.9017	-9.22717	-49.9728	-10.8484	-47.8788	-37.869	-20.294	-50.8305	
289	-10.7281	-50.0982	-9.12303	-50.2023	-10.7277	-48.1217	-37.9938	-20.1503	-51.0195	
290	-10.8262	-50.07	-9.22051	-50.235	-10.8337	-48.1921	-38.1093	-20.2401	-51.083	
291	-10.7955	-50.1104	-9.19757	-50.3216	-10.8016	-48.3035	-38.183	-20.2103	-51.1675	
292	-10.7526	-50.1178	-9.16254	-50.3773	-10.7585	-48.3863	-38.2441	-20.1639	-51.2508	
293	-10.7617	-50.2288	-9.17252	-50.5033	-10.7667	-48.5348	-38.3323	-20.188	-51.4249	
294	-10.7791	-50.0814	-9.18636	-50.4362	-10.7816	-48.5013	-38.346	-20.233	-51.4416	
295	-10.9815	-50.1106	-9.37491	-50.4768	-10.9953	-48.5873	-38.5217	-20.4361	-51.5882	
296	-11.1446	-50.2908	-9.52692	-50.6937	-11.1668	-48.8209	-38.6431	-20.602	-51.7472	
297	-10.4621	-50.4464	-8.93441	-50.8979	-10.4822	-49.0433	-38.7681	-19.6903	-51.8972	
298	-10.4214	-50.3293	-8.89075	-50.8478	-10.4344	-49.0263	-38.7797	-19.6705	-52.0257	
299	-10.269	-50.0519	-8.72054	-50.6553	-10.2653	-48.864	-38.6708	-19.5268	-51.8579	
300	-10.2597	-50.0278	-8.7133	-50.684	-10.253	-48.9214	-38.7131	-19.5364	-51.9002	
301	-10.2134	-49.8738	-8.65935	-50.5999	-10.2002	-48.866	-38.6783	-19.509	-51.8135	
302	-10.2592	-49.717	-8.70844	-50.5142	-10.247	-48.8139	-38.6833	-19.5883	-51.7188	
303	-10.194	-49.6939	-8.66138	-50.5337	-10.1806	-48.8622	-38.7244	-19.5173	-51.7603	
304	-9.75124	-49.8098	-8.27419	-50.6605	-9.7416	-49.0196	-38.8655	-19.4072	-51.9262	
305	-9.62291	-50.0057	-8.16042	-50.8939	-9.61261	-49.2758	-39.0047	-19.4096	-52.0854	
306	-9.50061	-49.8998	-8.05698	-50.7245	-9.48305	-49.1392	-38.9299	-19.3811	-52.2347	
307	-9.13513	-50.0844	-7.73488	-50.9605	-9.1147	-49.3989	-39.0757	-19.349	-52.3796	
308	-9.05626	-50.1394	-7.66538	-51.0301	-9.02872	-49.4941	-39.1199	-19.338	-52.4149	
309	-8.87928	-50.0788	-7.4717	-51.0397	-8.83676	-49.5256	-39.0922	-19.2484	-52.4145	
310	-8.64649	-49.9186	-7.21467	-50.9554	-8.58481	-49.4617	-38.9867	-19.0605	-52.3028	
311	-8.62891	-49.9871	-7.19816	-51.0383	-8.56589	-49.5705	-39.0494	-19.0783	-52.4524	
312	-8.49062	-49.8061	-7.04453	-50.9374	-8.41713	-49.4928	-38.9665	-18.9682	-52.3931	
313	-8.27772	-49.6523	-6.81047	-50.8492	-8.18786	-49.4239	-38.8528	-18.7775	-52.2848	
314	-8.25759	-49.5353	-6.7928	-50.7997	-8.16798	-49.4001	-38.8305	-18.7663	-52.2533	
315	-8.27284	-49.4891	-6.80912	-50.8076	-8.18647	-49.4347	-38.8541	-18.794	-52.246	
316	-8.33259	-49.6044	-6.86454	-50.933	-8.25252	-49.586	-38.9611	-18.8633	-52.4099	
317	-8.50322	-49.6672	-7.02208	-51.0027	-8.43852	-49.6869	-39.1036	-19.0476	-52.5632	
318	-8.61944	-49.8466	-7.1301	-51.1287	-8.56482	-49.8401	-39.2484	-19.1767	-52.7085	
319	-8.61944	-50.0094	-7.1301	-51.3514	-8.56482	-50.0839	-39.3922	-19.2082	-52.8464	
320	-8.77289	-49.8567	-7.27403	-51.3009	-8.73008	-50.0653	-39.5167	-19.4387	-52.9728	
321	-8.94611	-49.8891	-7.43758	-51.3585	-8.91632	-50.1521	-39.6792	-19.6465	-53.0943	
322	-8.99679	-50.0307	-7.49764	-51.2942	-8.97043	-50.112	-39.7203	-19.7292	-53.2106	
323	-9.01303	-49.9179	-7.52036	-51.1787	-8.98694	-50.018	-39.7063	-19.776	-53.3208	
324	-8.86049	-49.6067	-7.39432	-50.9732	-8.82403	-49.8286	-39.5592	-19.6648	-53.0914	
325	-8.65577	-49.5481	-7.21276	-51.0151	-8.64841	-49.8846	-39.532	-19.5672	-53.0671	
326	-8.18515	-49.0766	-6.69803	-50.6796	-8.1952	-49.554	-39.166	-19.1029	-52.6441	
327	-7.99034	-48.8198	-6.49269	-50.5105	-8.00394	-49.4007	-39.0085	-18.9248	-52.4682	
328	-7.80324	-48.6856	-6.29182	-50.4471	-7.81884	-49.3522	-38.9115	-18.772	-52.3833	
329	-7.58146	-48.6055	-6.05152	-50.4249	-7.58844	-49.3436	-38.8174	-18.5801	-52.3394	
330	-7.369	-48.5741	-5.82071	-50.4435	-7.36436	-49.376	-38.7473	-18.3961	-52.3343	
331	-7.34973	-48.6784	-5.81091	-50.5314	-7.34533	-49.4831	-38.7881	-18.3874	-52.3738	
332	-7.34973	-48.9122	-5.81091	-50.8041	-7.34533	-49.7752	-38.9437	-18.4115	-52.554	
333	-7.31555	-49.0597	-5.78167	-50.9748	-7.30923	-49.9636	-39.0407	-18.4092	-52.6624	
334	-7.34001	-49.0868	-5.80758	-51.0669	-7.33616	-50.074	-39.1217	-18.4399	-52.7113	
335	-7.26231	-49.0859	-5.74041	-51.1298	-7.25278	-50.1518	-39.1462	-18.3925	-52.7476	
336	-7.22541	-49.0885	-5.70977	-51.1979	-7.2133	-50.2355	-39.1924	-18.3754	-52.7841	
337	-7.17076	-49.1181	-5.66257	-51.287	-7.15447	-50.3395	-39.2438	-18.3465	-52.8435	
338	-7.04809	-48.9773	-5.52915	-51.2156	-7.02206	-50.2793	-39.1716	-18.2071	-52.7261	
339	-7.04495	-49.0043	-5.52828	-51.2997	-7.01907	-50.3791	-39.2425	-18.216	-52.7889	
340	-7.11731	-49.1276	-5.59522	-51.4497	-7.09736	-50.5466	-39.3845	-18.2902	-52.8956	
341	-7.39442	-49.2937	-5.84833	-51.6651	-7.39616	-50.7779	-39.5299	-18.3073	-53.0505	
342	-7.5338	-49.3791	-5.9782	-51.7884	-7.54553	-50.919	-39.7183	-18.4703	-53.1301	
343	-7.55707	-49.3699	-6.00313	-51.849	-7.5697	-50.993	-39.8124	-18.5188	-53.1579	
344	-7.62941	-49.3199	-6.08345	-51.8617	-7.64082	-51.0173	-39.8633	-18.5805	-53.1434	
345	-7.59915	-49.271	-6.05973	-51.8763	-7.60746	-51.0426	-39.8957	-18.5622	-53.1262	
346	-7.62032	-49.2547	-6.08158	-51.9222	-7.62958	-51.1003	-39.9674	-18.5887	-53.1346	
347	-7.73358	-49.3469	-6.18587	-52.0507	-7.75091	-51.2432	-40.1268	-18.6992	-53.2245	
348	-7.73541	-49.47	-6.18843	-52.2252	-7.7526	-51.4303	-40.2586	-18.7123	-53.3638	
349	-7.73541	-49.5818	-6.18843	-52.3925	-7.7526	-51.6094	-40.3901	-18.7239	-53.4973	
350	-7.93722	-49.6655	-6.37369	-52.5376	-7.96897	-51.7685	-40.6228	-18.9356	-53.6058	
351	-7.93722	-49.7543	-6.37369	-52.6851	-7.96897	-51.9261	-40.7481	-18.9456	-53.7254	
352	-8.17896	-49.8125	-6.60216	-52.8094	-8.22576	-52.0636	-40.9891	-19.1871	-53.821	
353	-8.35711	-49.8678	-6.76663	-52.9267	-8.41596	-52.1913	-41.1861	-19.3516	-53.9116	
354	-8.4298	-49.8155	-6.83661	-52.9448	-8.49207	-52.2159	-41.2845	-19.4267	-53.8923	
355	-8.49077	-49.7695	-6.89544	-52.9662	-8.55567	-52.2435	-41.3755	-19.4883	-53.8816	
356	-8.64029	-49.7794	-7.03766	-53.0169	-8.71334	-52.3026	-41.5227	-19.6297	-53.9191	
357	-8.33579	-49.8396	-6.78922	-53.1365	-8.39914	-52.4282	-41.6382	-19.6114	-54.0193	
358	-8.36312	-49.8804	-6.82328	-53.2738	-8.44036	-52.5734	-41.8641	-19.7945	-54.1503	
359	-8.62524	-49.9502	-7.06876	-53.402	-8.7263	-52.7108	-42.1716	-20.1282	-54.2762	
360	-8.54619	-49.7942	-7.00693	-53.3044	-8.64279	-52.6132	-42.1777	-20.1451	-54.1392	
361	-8.48409	-49.6171	-6.94276	-53.1909	-8.57296	-52.4974	-42.1397	-20.0922	-53.9422	
362	-8.21893	-49.1703	-6.65508	-52.8131	-8.28353	-52.1097	-41.845	-19.7894	-53.3785	
363	-8.21245	-49.1189	-6.6531	-52.8032	-8.27461	-52.1027	-41.879	-19.8002	-53.3656	
364	-8.40311	-49.2077	-6.83037	-52.931	-8.47793	-52.239	-42.0666	-19.9561	-53.5262	
365	-8.52965	-49.277	-6.94736	-53.0345	-8.61257	-52.3486	-42.2158	-20.0641	-53.6436	
