#Output values file generated by Xhydro
10
ReportTime
point# 1
point# 2
point# 3
point# 4
point# 5
point# 6
point# 7
point# 8
point# 9
1	-56.9979	-56.9978	-56.9981	-56.9978	-56.9978	-56.9977	-56.9978	-56.9976	-56.9979	
2	-56.9979	-56.9978	-56.9981	-56.9978	-56.9978	-56.9977	-56.9978	-56.9976	-56.9979	
3	-56.9972	-56.9969	-56.9974	-56.9971	-56.997	-56.997	-56.997	-56.9969	-56.9974	
4	-56.9939	-56.9934	-56.994	-56.9937	-56.9935	-56.9935	-56.9936	-56.9935	-56.9957	
5	-56.9939	-56.9934	-56.994	-56.9937	-56.9935	-56.9935	-56.9936	-56.9935	-56.9956	
6	-56.9939	-56.9934	-56.994	-56.9937	-56.9935	-56.9935	-56.9936	-56.9935	-56.9956	
7	-56.9939	-56.9934	-56.994	-56.9937	-56.9935	-56.9935	-56.9936	-56.9935	-56.9956	
8	-56.9937	-56.9932	-56.9938	-56.9934	-56.9933	-56.9933	-56.9934	-56.9933	-56.9955	
9	-56.9867	-56.9861	-56.9867	-56.9863	-56.9861	-56.9861	-56.9862	-56.9861	-56.9919	
10	-56.9803	-56.9796	-56.9802	-56.9798	-56.9794	-56.9795	-56.9796	-56.9796	-56.9886	
11	-56.9803	-56.9796	-56.9802	-56.9798	-56.9794	-56.9795	-56.9796	-56.9796	-56.9886	
12	-56.9803	-56.9796	-56.9802	-56.9798	-56.9794	-56.9795	-56.9796	-56.9796	-56.9886	
13	-56.9803	-56.9796	-56.9802	-56.9798	-56.9794	-56.9795	-56.9796	-56.9796	-56.9886	
14	-56.9803	-56.9796	-56.9802	-56.9798	-56.9794	-56.9795	-56.9796	-56.9796	-56.9886	
15	-56.9803	-56.9796	-56.9802	-56.9798	-56.9794	-56.9795	-56.9796	-56.9796	-56.9885	
16	-56.9803	-56.9796	-56.9802	-56.9798	-56.9794	-56.9795	-56.9796	-56.9796	-56.9885	
17	-56.9803	-56.9796	-56.9802	-56.9798	-56.9794	-56.9795	-56.9796	-56.9796	-56.9885	
18	-56.9803	-56.9796	-56.9802	-56.9798	-56.9794	-56.9795	-56.9796	-56.9796	-56.9885	
19	-56.9803	-56.9796	-56.9802	-56.9798	-56.9794	-56.9795	-56.9796	-56.9796	-56.9885	
20	-56.9803	-56.9796	-56.9802	-56.9798	-56.9794	-56.9795	-56.9796	-56.9796	-56.9885	
21	-56.9803	-56.9796	-56.9802	-56.9798	-56.9794	-56.9795	-56.9796	-56.9796	-56.9884	
22	-56.9803	-56.9796	-56.9802	-56.9798	-56.9794	-56.9795	-56.9796	-56.9796	-56.9884	
23	-56.9803	-56.9796	-56.9802	-56.9798	-56.9794	-56.9795	-56.9796	-56.9796	-56.9884	
24	-56.9803	-56.9796	-56.9802	-56.9798	-56.9794	-56.9795	-56.9796	-56.9796	-56.9884	
25	-56.9803	-56.9796	-56.9802	-56.9798	-56.9794	-56.9795	-56.9796	-56.9796	-56.9884	
26	-56.9803	-56.9796	-56.9802	-56.9798	-56.9794	-56.9795	-56.9796	-56.9796	-56.9884	
27	-56.9803	-56.9796	-56.9802	-56.9798	-56.9794	-56.9795	-56.9796	-56.9796	-56.9883	
28	-56.9615	-56.9612	-56.961	-56.9618	-56.9603	-56.9609	-56.9609	-56.9614	-56.9795	
29	-56.9559	-56.9558	-56.9553	-56.9565	-56.9547	-56.9554	-56.9553	-56.956	-56.9767	
30	-56.9382	-56.9386	-56.9373	-56.9395	-56.9366	-56.9378	-56.9376	-56.9385	-56.9679	
31	-56.9376	-56.9379	-56.9367	-56.9389	-56.9359	-56.9372	-56.937	-56.9379	-56.9676	
32	-56.8997	-56.9012	-56.8982	-56.903	-56.8975	-56.9001	-56.8994	-56.9009	-56.9487	
33	-56.8868	-56.8887	-56.8851	-56.8909	-56.8845	-56.8876	-56.8866	-56.8884	-56.9422	
34	-56.8694	-56.872	-56.8675	-56.8745	-56.8669	-56.8706	-56.8694	-56.8714	-56.9334	
35	-56.8578	-56.861	-56.8558	-56.8635	-56.8552	-56.8593	-56.8579	-56.86	-56.9277	
36	-56.8578	-56.861	-56.8558	-56.8635	-56.8552	-56.8593	-56.8579	-56.86	-56.9275	
37	-56.8577	-56.861	-56.8558	-56.8634	-56.8552	-56.8593	-56.8579	-56.86	-56.9273	
38	-56.8574	-56.8607	-56.8555	-56.8631	-56.8549	-56.859	-56.8576	-56.8598	-56.9272	
39	-56.8574	-56.8607	-56.8555	-56.863	-56.8549	-56.8589	-56.8576	-56.8598	-56.927	
40	-56.8464	-56.8505	-56.8444	-56.8528	-56.8437	-56.8483	-56.8468	-56.8492	-56.9226	
41	-56.7742	-56.782	-56.7712	-56.7864	-56.7715	-56.7794	-56.7765	-56.7797	-56.8859	
42	-56.7727	-56.7805	-56.7696	-56.785	-56.77	-56.7779	-56.775	-56.7784	-56.8855	
43	-56.7726	-56.7805	-56.7696	-56.7848	-56.77	-56.7779	-56.775	-56.7784	-56.8852	
44	-56.7725	-56.7805	-56.7696	-56.7847	-56.77	-56.7779	-56.7749	-56.7784	-56.885	
45	-56.7725	-56.7804	-56.7696	-56.7846	-56.77	-56.7779	-56.7749	-56.7785	-56.8847	
46	-56.7724	-56.7804	-56.7696	-56.7845	-56.77	-56.7778	-56.7749	-56.7785	-56.8844	
47	-56.7493	-56.7589	-56.7461	-56.7635	-56.7469	-56.7559	-56.7525	-56.7566	-56.8754	
48	-56.7493	-56.7589	-56.7461	-56.7634	-56.7469	-56.7559	-56.7525	-56.7566	-56.8751	
49	-56.7492	-56.7589	-56.7461	-56.7633	-56.7469	-56.7559	-56.7525	-56.7567	-56.8748	
50	-56.6998	-56.7133	-56.696	-56.7189	-56.6977	-56.7095	-56.705	-56.7101	-56.8537	
51	-56.6997	-56.7134	-56.696	-56.7188	-56.6977	-56.7095	-56.7049	-56.7101	-56.8533	
52	-56.6464	-56.6653	-56.6425	-56.6698	-56.6432	-56.6583	-56.6523	-56.6579	-56.8281	
53	-56.6414	-56.6609	-56.6374	-56.6648	-56.6378	-56.6532	-56.6471	-56.6531	-56.8268	
54	-56.3908	-56.4492	-56.3864	-56.4736	-56.3898	-56.4212	-56.4082	-56.4135	-56.7038	
55	-56.3022	-56.4497	-56.2981	-56.4731	-56.3021	-56.3392	-56.3238	-56.3288	-56.6605	
56	-56.2894	-56.4499	-56.2857	-56.4721	-56.2895	-56.3275	-56.3118	-56.3173	-56.6542	
57	-56.2193	-56.45	-56.216	-56.471	-56.2203	-56.2631	-56.2454	-56.2505	-56.6533	
58	-56.1891	-56.45	-56.1863	-56.4696	-56.1908	-56.2356	-56.2172	-56.2223	-56.6524	
59	-56.1889	-56.4498	-56.1865	-56.468	-56.1907	-56.2356	-56.2173	-56.2226	-56.6514	
60	-56.1634	-56.4497	-56.1615	-56.4664	-56.1657	-56.2125	-56.1935	-56.1988	-56.6504	
61	-56.0895	-56.4494	-56.0883	-56.4647	-56.0934	-56.1456	-56.1244	-56.1299	-56.6494	
62	-56.0892	-56.4489	-56.0885	-56.4626	-56.0933	-56.1456	-56.1245	-56.1302	-56.6483	
63	-56.0241	-56.4485	-56.0241	-56.4605	-56.0296	-56.087	-56.0638	-56.0688	-56.6472	
64	-56.0238	-56.4478	-56.0244	-56.458	-56.0295	-56.0871	-56.0639	-56.0691	-56.6461	
65	-56.0235	-56.4471	-56.0246	-56.4555	-56.0294	-56.0872	-56.0641	-56.0694	-56.6449	
66	-55.8115	-56.4464	-55.8146	-56.453	-55.819	-56.0872	-55.8633	-55.8666	-56.6438	
67	-55.7911	-56.445	-55.7949	-56.4493	-55.7989	-56.0867	-55.8444	-55.8476	-56.6424	
68	-55.7908	-56.4435	-55.7953	-56.4454	-55.7987	-56.0861	-55.8446	-55.848	-56.641	
69	-55.7622	-56.4421	-55.7674	-56.4416	-55.7701	-56.0855	-55.8177	-55.8214	-56.6397	
70	-55.6563	-56.4405	-55.6634	-56.4376	-55.6675	-56.0848	-55.7203	-55.7222	-56.6382	
71	-55.5955	-56.4386	-55.604	-56.433	-55.6089	-56.0837	-55.6649	-55.6662	-56.6367	
72	-55.527	-56.4364	-55.5367	-56.4282	-55.5426	-56.0825	-55.6022	-55.6024	-56.6351	
73	-55.5265	-56.4341	-55.5371	-56.4231	-55.5424	-56.0811	-55.6025	-55.6029	-56.6334	
74	-55.526	-56.4317	-55.5376	-56.418	-55.5422	-56.0796	-55.6028	-55.6034	-56.6318	
75	-55.5256	-56.4293	-55.538	-56.413	-55.542	-56.0782	-55.6032	-55.6039	-56.6301	
76	-55.5251	-56.427	-55.5384	-56.408	-55.5419	-56.0767	-55.6035	-55.6044	-56.6284	
77	-55.5247	-56.4246	-55.5388	-56.4031	-55.5417	-56.0753	-55.6038	-55.6048	-56.6268	
78	-55.5243	-56.4223	-55.5392	-56.3982	-55.5415	-56.0738	-55.6041	-55.6053	-56.6251	
79	-55.5238	-56.4199	-55.5396	-56.3933	-55.5414	-56.0724	-55.6044	-55.6058	-56.6234	
80	-55.5234	-56.4176	-55.54	-56.3884	-55.5412	-56.071	-55.6047	-55.6062	-56.6218	
81	-55.523	-56.4152	-55.5404	-56.3836	-55.5411	-56.0695	-55.605	-55.6067	-56.6202	
82	-55.5226	-56.4129	-55.5408	-56.3788	-55.5409	-56.0681	-55.6053	-55.6072	-56.6185	
83	-55.5221	-56.4105	-55.5412	-56.3741	-55.5408	-56.0667	-55.6056	-55.6076	-56.6169	
84	-55.5217	-56.4082	-55.5416	-56.3694	-55.5406	-56.0652	-55.6059	-55.6081	-56.6153	
85	-55.5213	-56.4059	-55.542	-56.3647	-55.5405	-56.0638	-55.6062	-55.6085	-56.6136	
86	-55.5209	-56.4035	-55.5424	-56.3601	-55.5404	-56.0623	-55.6064	-55.609	-56.612	
87	-55.5205	-56.4012	-55.5428	-56.3554	-55.5402	-56.0609	-55.6067	-55.6094	-56.6104	
88	-55.5201	-56.3989	-55.5432	-56.3509	-55.5401	-56.0595	-55.6069	-55.6099	-56.6087	
89	-55.5197	-56.3966	-55.5436	-56.3463	-55.54	-56.058	-55.6072	-55.6103	-56.6071	
90	-55.5193	-56.3943	-55.544	-56.3418	-55.5399	-56.0566	-55.6075	-55.6107	-56.6055	
91	-55.5189	-56.3919	-55.5444	-56.3373	-55.5397	-56.0552	-55.6078	-55.6112	-56.6039	
92	-55.5185	-56.3896	-55.5448	-56.3329	-55.5396	-56.0538	-55.608	-55.6116	-56.6024	
93	-55.5181	-56.3873	-55.5452	-56.3285	-55.5395	-56.0523	-55.6083	-55.612	-56.6008	
94	-55.5177	-56.385	-55.5456	-56.3241	-55.5394	-56.0509	-55.6085	-55.6125	-56.5991	
95	-55.5174	-56.3827	-55.5459	-56.3197	-55.5393	-56.0495	-55.6088	-55.6129	-56.5976	
96	-55.517	-56.3804	-55.5463	-56.3154	-55.5392	-56.048	-55.609	-55.6133	-56.5959	
97	-55.5166	-56.378	-55.5467	-56.311	-55.5391	-56.0466	-55.6091	-55.6137	-56.5942	
98	-55.5163	-56.3757	-55.5471	-56.3067	-55.539	-56.0451	-55.6092	-55.6141	-56.5926	
99	-55.5159	-56.3734	-55.5475	-56.3025	-55.5389	-56.0437	-55.6094	-55.6145	-56.591	
100	-55.5155	-56.3711	-55.5478	-56.2983	-55.5388	-56.0423	-55.6097	-55.6149	-56.5894	
101	-55.5152	-56.3688	-55.5482	-56.2941	-55.5387	-56.0408	-55.6099	-55.6153	-56.5878	
102	-55.5148	-56.3666	-55.5486	-56.2899	-55.5386	-56.0394	-55.6101	-55.6157	-56.5862	
103	-55.5144	-56.3643	-55.549	-56.2858	-55.5386	-56.038	-55.6102	-55.6161	-56.5846	
104	-55.5141	-56.362	-55.5493	-56.2817	-55.5385	-56.0366	-55.6105	-55.6165	-56.5831	
105	-55.5137	-56.3597	-55.5497	-56.2776	-55.5384	-56.0351	-55.6107	-55.6168	-56.5815	
106	-55.5134	-56.3574	-55.5501	-56.2736	-55.5383	-56.0337	-55.6109	-55.6171	-56.5799	
107	-55.5131	-56.3551	-55.5505	-56.2696	-55.5382	-56.0323	-55.6111	-55.6174	-56.5784	
108	-55.5127	-56.3529	-55.5508	-56.2656	-55.5382	-56.0309	-55.6112	-55.6177	-56.5768	
109	-55.5124	-56.3506	-55.5512	-56.2616	-55.5381	-56.0294	-55.6113	-55.6178	-56.5752	
110	-55.512	-56.3483	-55.5516	-56.2576	-55.538	-56.028	-55.6114	-55.618	-56.5736	
111	-55.5117	-56.346	-55.5519	-56.2537	-55.5379	-56.0266	-55.6116	-55.6182	-56.5721	
112	-55.5114	-56.3437	-55.5523	-56.2498	-55.5379	-56.0251	-55.6117	-55.6183	-56.5705	
113	-55.5111	-56.3415	-55.5526	-56.2459	-55.5378	-56.0237	-55.6118	-55.6185	-56.5689	
114	-55.5107	-56.3392	-55.553	-56.2421	-55.5378	-56.0223	-55.6119	-55.6187	-56.5673	
115	-55.5104	-56.337	-55.5534	-56.2383	-55.5377	-56.0208	-55.6121	-55.6189	-56.5658	
116	-55.5101	-56.3347	-55.5537	-56.2345	-55.5376	-56.0194	-55.6122	-55.6191	-56.5643	
117	-55.5098	-56.3325	-55.5541	-56.2307	-55.5376	-56.018	-55.6124	-55.6194	-56.5627	
118	-55.5095	-56.3302	-55.5544	-56.227	-55.5375	-56.0166	-55.6125	-55.6195	-56.5612	
119	-55.5091	-56.328	-55.5548	-56.2233	-55.5375	-56.0152	-55.6126	-55.6197	-56.5596	
120	-55.5088	-56.3258	-55.5551	-56.2196	-55.5374	-56.0138	-55.6128	-55.62	-56.5581	
121	-55.5085	-56.3235	-55.5555	-56.216	-55.5374	-56.0124	-55.6129	-55.6203	-56.5566	
122	-55.5082	-56.3213	-55.5558	-56.2123	-55.5373	-56.011	-55.6131	-55.6205	-56.5551	
123	-55.5079	-56.3191	-55.5562	-56.2087	-55.5373	-56.0096	-55.6132	-55.6208	-56.5536	
124	-55.5076	-56.3169	-55.5565	-56.2051	-55.5372	-56.0082	-55.6134	-55.621	-56.5522	
125	-55.5073	-56.3147	-55.5569	-56.2016	-55.5372	-56.0068	-55.6136	-55.6214	-56.5507	
126	-55.507	-56.3121	-55.5572	-56.1981	-55.5372	-56.0054	-55.6138	-55.6217	-56.5492	
127	-55.5067	-56.309	-55.5576	-56.1945	-55.5371	-56.004	-55.6139	-55.6218	-56.5477	
128	-55.5064	-56.3054	-55.5579	-56.1911	-55.5371	-56.0027	-55.614	-55.6221	-56.5463	
129	-55.5061	-56.3017	-55.5583	-56.1876	-55.537	-56.0013	-55.6141	-55.6222	-56.5448	
130	-55.5059	-56.2977	-55.5586	-56.1841	-55.537	-55.9998	-55.6141	-55.6223	-56.5432	
131	-55.5056	-56.2938	-55.559	-56.1807	-55.537	-55.9984	-55.6142	-55.6224	-56.5417	
132	-55.5053	-56.2898	-55.5593	-56.1773	-55.5369	-55.997	-55.6144	-55.6227	-56.5403	
133	-55.505	-56.2851	-55.5596	-56.1739	-55.5369	-55.9957	-55.6145	-55.623	-56.5388	
134	-55.5047	-56.2785	-55.56	-56.1706	-55.5369	-55.9943	-55.6147	-55.6232	-56.5374	
135	-55.5045	-56.2716	-55.5603	-56.1672	-55.5369	-55.9929	-55.6148	-55.6234	-56.5359	
136	-55.5042	-56.2646	-55.5606	-56.1639	-55.5368	-55.9915	-55.6148	-55.6235	-56.5344	
137	-55.5039	-56.2577	-55.561	-56.1606	-55.5368	-55.9901	-55.6149	-55.6237	-56.533	
138	-55.5036	-56.2507	-55.5613	-56.1573	-55.5368	-55.9887	-55.615	-55.6237	-56.5315	
139	-55.5034	-56.2435	-55.5616	-56.154	-55.5368	-55.9873	-55.615	-55.6238	-56.53	
140	-55.5031	-56.2363	-55.562	-56.1508	-55.5368	-55.9859	-55.6151	-55.6239	-56.5286	
141	-55.5028	-56.229	-55.5623	-56.1476	-55.5368	-55.9845	-55.6151	-55.6239	-56.527	
142	-55.5026	-56.2217	-55.5626	-56.1443	-55.5367	-55.983	-55.615	-55.6237	-56.5255	
143	-55.5023	-56.2144	-55.563	-56.1411	-55.5367	-55.9815	-55.6149	-55.6235	-56.524	
144	-55.5021	-56.2072	-55.5633	-56.138	-55.5367	-55.9802	-55.615	-55.6237	-56.5225	
145	-55.5018	-56.2001	-55.5636	-56.1349	-55.5367	-55.9788	-55.6152	-55.6239	-56.5211	
146	-55.5015	-56.1914	-55.5639	-56.1318	-55.5367	-55.9775	-55.6153	-55.6242	-56.5198	
147	-55.5013	-56.1782	-55.5643	-56.1287	-55.5367	-55.9761	-55.6153	-55.6242	-56.5183	
148	-55.501	-56.1635	-55.5646	-56.1255	-55.5367	-55.9746	-55.6153	-55.6241	-56.5168	
149	-55.5008	-56.1489	-55.5649	-56.1225	-55.5367	-55.9732	-55.6153	-55.6241	-56.5153	
150	-55.5006	-56.1346	-55.5652	-56.1194	-55.5367	-55.9718	-55.6152	-55.624	-56.5139	
151	-55.5003	-56.1203	-55.5656	-56.1164	-55.5367	-55.9703	-55.6152	-55.6239	-56.5124	
152	-55.5001	-56.1062	-55.5659	-56.1133	-55.5367	-55.9689	-55.6151	-55.6238	-56.5109	
153	-55.4998	-56.0922	-55.5662	-56.1103	-55.5367	-55.9674	-55.6149	-55.6234	-56.5093	
154	-55.4996	-56.0784	-55.5665	-56.1073	-55.5367	-55.9659	-55.6147	-55.623	-56.5077	
155	-55.4993	-56.0647	-55.5668	-56.1043	-55.5367	-55.9644	-55.6146	-55.6227	-56.5062	
156	-55.4991	-56.0511	-55.5672	-56.1013	-55.5367	-55.963	-55.6144	-55.6224	-56.5046	
157	-55.4989	-56.0378	-55.5675	-56.0984	-55.5367	-55.9616	-55.6144	-55.6224	-56.5032	
158	-55.4986	-56.0245	-55.5678	-56.0954	-55.5367	-55.9602	-55.6143	-55.6222	-56.5017	
159	-55.4984	-56.0114	-55.5681	-56.0926	-55.5367	-55.9589	-55.6144	-55.6224	-56.5003	
160	-55.4982	-55.9985	-55.5684	-56.0897	-55.5367	-55.9575	-55.6143	-55.6223	-56.4989	
161	-55.498	-55.9856	-55.5687	-56.0869	-55.5367	-55.9561	-55.6142	-55.622	-56.4974	
162	-55.4977	-55.9728	-55.569	-56.084	-55.5367	-55.9546	-55.614	-55.6217	-56.4959	
163	-55.4975	-55.9603	-55.5693	-56.0812	-55.5367	-55.9533	-55.6141	-55.6219	-56.4946	
164	-55.4973	-55.9478	-55.5696	-56.0784	-55.5367	-55.9519	-55.6139	-55.6215	-56.4931	
165	-55.4971	-55.9355	-55.57	-56.0756	-55.5367	-55.9505	-55.6139	-55.6215	-56.4917	
166	-55.4968	-55.9232	-55.5703	-56.0728	-55.5367	-55.9491	-55.6138	-55.6214	-56.4902	
167	-55.4966	-55.9064	-55.5706	-56.07	-55.5368	-55.9477	-55.6136	-55.6212	-56.4887	
168	-55.4964	-55.8898	-55.5709	-56.0673	-55.5368	-55.9463	-55.6135	-55.621	-56.4873	
169	-55.4962	-55.8733	-55.5712	-56.0645	-55.5368	-55.9449	-55.6134	-55.6209	-56.4858	
170	-55.496	-55.8571	-55.5715	-56.0619	-55.5368	-55.9435	-55.6134	-55.6209	-56.4845	
171	-55.4958	-55.841	-55.5718	-56.0592	-55.5368	-55.9422	-55.6134	-55.6211	-56.4832	
172	-55.4956	-55.8252	-55.5721	-56.0566	-55.5368	-55.9409	-55.6135	-55.6214	-56.4819	
173	-55.4953	-55.8095	-55.5724	-56.054	-55.5369	-55.9397	-55.6136	-55.6216	-56.4806	
174	-55.4951	-55.7919	-55.5727	-56.0514	-55.5369	-55.9383	-55.6136	-55.6216	-56.4792	
175	-55.4949	-55.7702	-55.573	-56.0487	-55.5369	-55.9369	-55.6134	-55.6214	-56.4778	
176	-55.4947	-55.7488	-55.5733	-56.0461	-55.5369	-55.9356	-55.6134	-55.6214	-56.4764	
177	-55.4945	-55.7276	-55.5736	-56.0435	-55.5369	-55.9342	-55.6132	-55.6212	-56.475	
178	-55.4943	-55.7067	-55.5739	-56.041	-55.537	-55.9329	-55.6132	-55.6213	-56.4737	
179	-55.4941	-55.686	-55.5742	-56.0384	-55.537	-55.9315	-55.613	-55.6211	-56.4723	
180	-55.4939	-55.6655	-55.5745	-56.0359	-55.537	-55.9301	-55.6129	-55.621	-56.4709	
181	-55.4937	-55.6453	-55.5748	-56.0333	-55.5371	-55.9288	-55.6128	-55.6209	-56.4696	
182	-55.4935	-55.6253	-55.5751	-56.0308	-55.5371	-55.9274	-55.6125	-55.6206	-56.4681	
183	-55.4933	-55.6056	-55.5753	-56.0283	-55.5371	-55.9261	-55.6125	-55.6207	-56.4668	
184	-55.4931	-55.586	-55.5756	-56.0259	-55.5371	-55.9248	-55.6124	-55.6206	-56.4655	
185	-55.493	-55.5659	-55.5759	-56.0234	-55.5372	-55.9235	-55.6123	-55.6205	-56.4642	
186	-55.4928	-55.5459	-55.5762	-56.0209	-55.5372	-55.9221	-55.612	-55.6202	-56.4627	
187	-55.4926	-55.5261	-55.5765	-56.0184	-55.5372	-55.9207	-55.6117	-55.6199	-56.4613	
188	-55.4924	-55.5066	-55.5768	-56.016	-55.5373	-55.9193	-55.6115	-55.6196	-56.46	
189	-55.4922	-55.4874	-55.5771	-56.0136	-55.5373	-55.918	-55.6113	-55.6195	-56.4586	
190	-55.492	-55.4683	-55.5774	-56.0112	-55.5373	-55.9167	-55.6112	-55.6196	-56.4574	
191	-55.4918	-55.4495	-55.5777	-56.0089	-55.5374	-55.9155	-55.6112	-55.6197	-56.4561	
192	-55.4916	-55.4309	-55.5779	-56.0066	-55.5374	-55.9142	-55.6111	-55.6198	-56.4549	
193	-55.4915	-55.412	-55.5782	-56.0042	-55.5374	-55.9129	-55.6109	-55.6196	-56.4536	
194	-55.4913	-55.3928	-55.5785	-56.0019	-55.5375	-55.9116	-55.6107	-55.6195	-56.4522	
195	-55.4911	-55.3738	-55.5788	-55.9995	-55.5375	-55.9103	-55.6105	-55.6193	-56.4509	
196	-55.4909	-55.355	-55.5791	-55.9972	-55.5375	-55.9089	-55.6101	-55.6188	-56.4495	
197	-55.4908	-55.3365	-55.5793	-55.9949	-55.5376	-55.9077	-55.61	-55.6189	-56.4483	
198	-55.4906	-55.3182	-55.5796	-55.9927	-55.5376	-55.9064	-55.6099	-55.6189	-56.447	
199	-55.4904	-55.2989	-55.5799	-55.9904	-55.5377	-55.9052	-55.6098	-55.619	-56.4458	
200	-55.4902	-55.2786	-55.5802	-55.9882	-55.5377	-55.9038	-55.6096	-55.6188	-56.4445	
201	-55.4901	-55.2584	-55.5805	-55.9859	-55.5377	-55.9026	-55.6094	-55.6187	-56.4432	
202	-55.4899	-55.2377	-55.5807	-55.9837	-55.5378	-55.9013	-55.6092	-55.6187	-56.442	
203	-55.4897	-55.2152	-55.581	-55.9815	-55.5378	-55.9	-55.609	-55.6186	-56.4407	
204	-55.4896	-55.193	-55.5813	-55.9793	-55.5379	-55.8987	-55.6087	-55.6184	-56.4394	
205	-55.4894	-55.1711	-55.5816	-55.9771	-55.5379	-55.8975	-55.6086	-55.6183	-56.4381	
206	-55.4892	-55.1495	-55.5818	-55.9749	-55.538	-55.8962	-55.6082	-55.6181	-56.4368	
207	-55.4891	-55.1281	-55.5821	-55.9728	-55.538	-55.8949	-55.6081	-55.618	-56.4356	
208	-55.4889	-55.1069	-55.5824	-55.9707	-55.5381	-55.8937	-55.6079	-55.6181	-56.4344	
209	-55.4887	-55.086	-55.5826	-55.9685	-55.5381	-55.8924	-55.6077	-55.6179	-56.4331	
210	-55.4886	-55.0654	-55.5829	-55.9664	-55.5382	-55.8912	-55.6074	-55.6176	-56.4318	
211	-55.4884	-55.045	-55.5832	-55.9643	-55.5382	-55.8899	-55.6071	-55.6175	-56.4305	
212	-55.4883	-55.0248	-55.5835	-55.9622	-55.5382	-55.8887	-55.6068	-55.6173	-56.4293	
213	-55.4881	-55.0049	-55.5837	-55.9601	-55.5383	-55.8874	-55.6065	-55.617	-56.428	
214	-55.4879	-54.9852	-55.584	-55.958	-55.5383	-55.8861	-55.6061	-55.6166	-56.4266	
215	-55.4878	-54.9658	-55.5843	-55.956	-55.5384	-55.8849	-55.6059	-55.6166	-56.4254	
216	-55.4876	-54.9466	-55.5845	-55.954	-55.5385	-55.8837	-55.6058	-55.6167	-56.4243	
217	-55.4875	-54.9276	-55.5848	-55.952	-55.5385	-55.8825	-55.6056	-55.6167	-56.4231	
218	-55.4873	-54.9089	-55.585	-55.9499	-55.5386	-55.8813	-55.6053	-55.6163	-56.4218	
219	-55.4872	-54.8903	-55.5853	-55.9479	-55.5386	-55.88	-55.6049	-55.6159	-56.4205	
220	-55.487	-54.872	-55.5856	-55.9459	-55.5387	-55.8787	-55.6044	-55.6162	-56.4192	
221	-55.4869	-54.8539	-55.5858	-55.9439	-55.5387	-55.8775	-55.6041	-55.6164	-56.4179	
222	-55.4867	-54.836	-55.5861	-55.9419	-55.5388	-55.8763	-55.6039	-55.6167	-56.4167	
223	-55.4866	-54.8183	-55.5864	-55.94	-55.5388	-55.8751	-55.6037	-55.617	-56.4154	
224	-55.4864	-54.7995	-55.5866	-55.938	-55.5389	-55.8739	-55.6033	-55.6172	-56.4141	
225	-55.4863	-54.7808	-55.5869	-55.936	-55.5389	-55.8726	-55.603	-55.6175	-56.4128	
226	-55.4861	-54.7624	-55.5871	-55.9341	-55.539	-55.8714	-55.6026	-55.6178	-56.4115	
227	-55.486	-54.7442	-55.5874	-55.9322	-55.539	-55.8702	-55.6025	-55.618	-56.4103	
228	-55.4859	-54.7262	-55.5876	-55.9303	-55.5391	-55.8691	-55.6023	-55.6183	-56.4092	
229	-55.4857	-54.7085	-55.5879	-55.9284	-55.5392	-55.8679	-55.602	-55.6185	-56.4079	
230	-55.4856	-54.6897	-55.5881	-55.9265	-55.5392	-55.8667	-55.6017	-55.6188	-56.4066	
231	-55.4854	-54.6713	-55.5884	-55.9247	-55.5393	-55.8656	-55.6016	-55.6191	-56.4055	
232	-55.4853	-54.653	-55.5887	-55.9229	-55.5393	-55.8644	-55.6015	-55.6193	-56.4043	
233	-55.4852	-54.6336	-55.5889	-55.9211	-55.5394	-55.8633	-55.6012	-55.6196	-56.4031	
234	-55.485	-54.6108	-55.5892	-55.9192	-55.5394	-55.8621	-55.6009	-55.6198	-56.4018	
235	-55.4849	-54.5884	-55.5894	-55.9174	-55.5395	-55.861	-55.6009	-55.6201	-56.4007	
236	-55.4848	-54.5662	-55.5897	-55.9156	-55.5396	-55.8598	-55.6007	-55.6203	-56.3996	
237	-55.4846	-54.5438	-55.5899	-55.9139	-55.5396	-55.8587	-55.6005	-55.6206	-56.3984	
238	-55.4845	-54.5217	-55.5902	-55.9121	-55.5397	-55.8576	-55.6003	-55.6208	-56.3972	
239	-55.4844	-54.4999	-55.5904	-55.9104	-55.5398	-55.8565	-55.6002	-55.6211	-56.3961	
240	-55.4842	-54.4772	-55.5906	-55.9086	-55.5398	-55.8554	-55.6001	-55.6213	-56.395	
241	-55.4841	-54.4517	-55.5909	-55.9069	-55.5399	-55.8543	-55.6	-55.6216	-56.3939	
242	-55.484	-54.4255	-55.5911	-55.9052	-55.5399	-55.8532	-55.5998	-55.6218	-56.3927	
243	-55.4838	-54.3986	-55.5914	-55.9035	-55.54	-55.8521	-55.5997	-55.622	-56.3917	
244	-55.4837	-54.3689	-55.5916	-55.9018	-55.5401	-55.8511	-55.5996	-55.6222	-56.3906	
245	-55.4836	-54.3312	-55.5919	-55.9002	-55.5401	-55.85	-55.5995	-55.6223	-56.3895	
246	-55.4835	-54.2889	-55.5921	-55.8985	-55.5402	-55.8489	-55.5994	-55.6225	-56.3884	
247	-55.4833	-54.2461	-55.5923	-55.8968	-55.5403	-55.8479	-55.5992	-55.6226	-56.3872	
248	-55.4831	-54.2011	-55.5926	-55.8952	-55.5403	-55.8468	-55.5991	-55.6227	-56.3862	
249	-55.4828	-54.1529	-55.5928	-55.8936	-55.5404	-55.8458	-55.5989	-55.623	-56.3851	
250	-55.4825	-54.1039	-55.5931	-55.8919	-55.5405	-55.8447	-55.5988	-55.623	-56.384	
251	-55.4821	-54.0549	-55.5933	-55.8903	-55.5406	-55.8436	-55.5986	-55.6232	-56.3829	
252	-55.4818	-54.006	-55.5935	-55.8887	-55.5406	-55.8426	-55.5983	-55.6232	-56.3818	
253	-55.4815	-53.9572	-55.5938	-55.8871	-55.5407	-55.8415	-55.5981	-55.6233	-56.3807	
254	-55.4812	-53.9084	-55.594	-55.8855	-55.5408	-55.8404	-55.5979	-55.6234	-56.3796	
255	-55.4809	-53.8598	-55.5943	-55.8839	-55.5408	-55.8394	-55.5976	-55.6234	-56.3784	
256	-55.4806	-53.8114	-55.5945	-55.8824	-55.5409	-55.8383	-55.5973	-55.6235	-56.3773	
257	-55.4803	-53.7637	-55.5947	-55.8808	-55.541	-55.8372	-55.597	-55.6235	-56.3762	
258	-55.48	-53.7164	-55.595	-55.8792	-55.5411	-55.8361	-55.5967	-55.6236	-56.3751	
259	-55.4797	-53.6694	-55.5952	-55.8777	-55.5411	-55.8351	-55.5964	-55.6236	-56.3739	
260	-55.4794	-53.6227	-55.5954	-55.8761	-55.5412	-55.834	-55.5961	-55.6236	-56.3728	
261	-55.4791	-53.5764	-55.5956	-55.8746	-55.5413	-55.8329	-55.5958	-55.6236	-56.3717	
262	-55.4787	-53.5309	-55.5959	-55.8731	-55.5413	-55.8319	-55.5954	-55.6237	-56.3705	
263	-55.4784	-53.486	-55.5961	-55.8716	-55.5414	-55.8308	-55.5951	-55.6237	-56.3694	
264	-55.4781	-53.4417	-55.5963	-55.8701	-55.5415	-55.8298	-55.5947	-55.6238	-56.3683	
265	-55.4779	-53.3981	-55.5966	-55.8686	-55.5416	-55.8287	-55.5943	-55.6238	-56.3671	
266	-55.4776	-53.355	-55.5968	-55.8671	-55.5416	-55.8277	-55.594	-55.6239	-56.366	
267	-55.4773	-53.3123	-55.597	-55.8657	-55.5417	-55.8266	-55.5936	-55.6239	-56.3649	
268	-55.477	-53.2699	-55.5972	-55.8642	-55.5418	-55.8256	-55.5932	-55.624	-56.3637	
269	-55.4767	-53.2276	-55.5975	-55.8628	-55.5419	-55.8245	-55.5928	-55.6243	-56.3627	
270	-55.4764	-53.184	-55.5977	-55.8613	-55.542	-55.8235	-55.5924	-55.6245	-56.3616	
271	-55.4742	-53.1365	-55.5979	-55.8584	-55.542	-55.8225	-55.592	-55.6247	-56.3605	
272	-55.4721	-53.0891	-55.5981	-55.8555	-55.5421	-55.8214	-55.5916	-55.6248	-56.3594	
273	-55.47	-53.0417	-55.5984	-55.8526	-55.5422	-55.8204	-55.5912	-55.625	-56.3583	
274	-55.4678	-52.9945	-55.5986	-55.8497	-55.5423	-55.8193	-55.5908	-55.6252	-56.3572	
275	-55.4657	-52.9473	-55.5988	-55.8468	-55.5424	-55.8183	-55.5903	-55.6255	-56.3561	
276	-55.4636	-52.9003	-55.599	-55.844	-55.5424	-55.8172	-55.5899	-55.6257	-56.355	
277	-55.4616	-52.8534	-55.5992	-55.8412	-55.5425	-55.8161	-55.5894	-55.6259	-56.3538	
278	-55.4595	-52.8065	-55.5995	-55.8384	-55.5426	-55.815	-55.5889	-55.6261	-56.3527	
279	-55.4573	-52.7598	-55.5997	-55.8356	-55.5427	-55.8139	-55.5884	-55.6263	-56.3516	
280	-55.4552	-52.7132	-55.5999	-55.8327	-55.5428	-55.8127	-55.5879	-55.6265	-56.3505	
281	-55.4531	-52.6667	-55.6001	-55.8299	-55.5428	-55.8116	-55.5873	-55.6267	-56.3493	
282	-55.4509	-52.6203	-55.6003	-55.8271	-55.5429	-55.8104	-55.5868	-55.6269	-56.3482	
283	-55.4485	-52.574	-55.6005	-55.8241	-55.543	-55.8093	-55.5862	-55.6271	-56.3471	
284	-55.4459	-52.5278	-55.6007	-55.8209	-55.5431	-55.8081	-55.5857	-55.6273	-56.3459	
285	-55.4433	-52.4817	-55.601	-55.8178	-55.5432	-55.8069	-55.5851	-55.6275	-56.3448	
286	-55.4407	-52.4357	-55.6012	-55.8146	-55.5433	-55.8057	-55.5845	-55.6277	-56.3436	
287	-55.438	-52.3899	-55.6014	-55.8115	-55.5434	-55.8045	-55.5839	-55.6279	-56.3425	
288	-55.4354	-52.3441	-55.2501	-55.8083	-55.5434	-55.8031	-55.5832	-55.6281	-56.3413	
289	-55.4295	-52.2983	-55.1852	-55.8027	-55.5435	-55.7993	-55.5815	-55.6283	-56.3401	
290	-55.4234	-52.2525	-55.1613	-55.797	-55.5436	-55.7926	-55.5798	-55.6285	-56.3386	
291	-55.4173	-52.2069	-55.1393	-55.7913	-55.5437	-55.7856	-55.578	-55.6287	-56.337	
292	-55.4111	-52.1613	-55.1041	-55.7856	-55.5438	-55.7783	-55.5761	-55.6288	-56.3353	
293	-55.4048	-52.1158	-55.1047	-55.7798	-55.5439	-55.7707	-55.5743	-55.6289	-56.3337	
294	-55.3987	-52.0705	-55.1053	-55.7741	-55.544	-55.7629	-55.5724	-55.6291	-56.332	
295	-55.3925	-52.0252	-55.1054	-55.7685	-55.544	-55.755	-55.5705	-55.6292	-56.3303	
296	-55.3864	-51.9801	-55.106	-55.7629	-55.5441	-55.7471	-55.5686	-55.6293	-56.3286	
297	-55.0704	-51.9351	-54.6959	-55.7573	-55.2262	-55.7389	-55.5666	-55.6295	-56.3269	
298	-55.0635	-51.8899	-54.6968	-55.7502	-55.2266	-55.7292	-55.564	-55.6294	-56.3251	
299	-55.0567	-51.8448	-54.6976	-55.7432	-55.227	-55.7183	-55.5615	-55.6293	-56.3234	
300	-55.05	-51.7999	-54.6984	-55.7362	-55.2273	-55.7073	-55.5589	-55.6292	-56.3217	
301	-55.0433	-51.755	-54.6992	-55.7293	-55.2277	-55.6963	-55.5563	-55.6291	-56.3199	
302	-55.0367	-51.7103	-54.7	-55.7225	-55.2281	-55.6851	-55.5536	-55.6291	-56.3181	
303	-54.9868	-51.6657	-54.6634	-55.7157	-55.1937	-55.674	-55.551	-55.629	-56.3164	
304	-54.5823	-51.6212	-54.3117	-55.7088	-54.8739	-55.6626	-55.5484	-55.6289	-56.3146	
305	-54.4857	-51.5766	-54.2328	-55.7008	-54.8025	-55.6494	-55.545	-55.6286	-56.3128	
306	-54.4341	-51.532	-54.1945	-55.6927	-54.7673	-55.6349	-55.5415	-55.6282	-56.311	
307	-54.1632	-51.4875	-53.9607	-55.6844	-54.5547	-55.6198	-55.538	-55.6278	-56.3092	
308	-54.1558	-51.4429	-53.9618	-55.6755	-54.5556	-55.6036	-55.534	-55.6271	-56.3074	
309	-54.1485	-51.3985	-53.963	-55.6666	-54.5565	-55.5871	-55.5299	-55.6265	-56.3055	
310	-54.1413	-51.3542	-53.9641	-55.6578	-54.5574	-55.5707	-55.5259	-55.6258	-56.3037	
311	-54.1341	-51.31	-53.9652	-55.6491	-54.5583	-55.5543	-55.5219	-55.6251	-56.3018	
312	-54.127	-51.266	-53.9664	-55.6405	-54.5592	-55.5378	-55.5179	-55.6245	-56.2999	
313	-54.1199	-51.222	-53.9675	-55.6319	-54.5601	-55.5213	-55.5138	-55.6238	-56.298	
314	-54.1129	-51.1782	-53.9686	-55.6233	-54.561	-55.5048	-55.5098	-55.6232	-56.2961	
315	-54.1059	-51.1346	-53.9698	-55.6149	-54.5619	-55.4883	-55.5058	-55.6226	-56.2942	
316	-54.099	-51.0911	-53.9709	-55.6065	-54.5628	-55.4718	-55.5018	-55.6219	-56.2923	
317	-54.0921	-51.0477	-53.972	-55.5981	-54.5637	-55.4553	-55.4978	-55.6213	-56.2903	
318	-54.0853	-51.0044	-53.9731	-55.5898	-54.5647	-55.4388	-55.4938	-55.6207	-56.2884	
319	-54.0786	-50.9613	-53.9742	-55.5816	-54.5656	-55.4223	-55.4897	-55.62	-56.2864	
320	-54.0719	-50.9183	-53.9753	-55.5735	-54.5665	-55.4058	-55.4857	-55.6194	-56.2844	
321	-54.0652	-50.8754	-53.9764	-55.5654	-54.5674	-55.3892	-55.4817	-55.6188	-56.2824	
322	-54.0586	-50.8327	-53.9775	-55.5573	-54.5683	-55.3727	-55.4777	-55.6182	-56.2804	
323	-54.052	-50.7901	-53.9786	-55.5493	-54.5692	-55.3561	-55.4737	-55.6176	-56.2784	
324	-54.0415	-50.7476	-53.9764	-55.5414	-54.5677	-55.3395	-55.4697	-55.6169	-56.2764	
325	-54.0351	-50.7053	-53.9775	-55.5335	-54.5686	-55.3229	-55.4657	-55.6163	-56.2744	
326	-54.0286	-50.6631	-53.9786	-55.5257	-54.5695	-55.3063	-55.4616	-55.6157	-56.2723	
327	-54.0203	-50.6211	-53.9768	-55.5179	-54.5652	-55.2897	-55.4576	-55.6151	-56.2703	
328	-54.014	-50.5792	-53.9779	-55.5102	-54.5662	-55.2731	-55.4536	-55.6145	-56.2682	
329	-54.0076	-50.5374	-53.979	-55.5025	-54.5671	-55.2565	-55.4495	-55.6139	-56.2661	
330	-54.0014	-50.4957	-53.9801	-55.4948	-54.568	-55.2398	-55.4455	-55.6133	-56.264	
331	-53.9952	-50.4542	-53.9812	-55.4873	-54.5689	-55.2232	-55.4415	-55.6127	-56.2619	
332	-53.989	-50.4129	-53.9822	-55.4797	-54.5698	-55.2065	-55.4374	-55.6121	-56.2598	
333	-53.9829	-50.3716	-53.9833	-55.4722	-54.5707	-55.1899	-55.4334	-55.6115	-56.2577	
334	-53.9768	-50.3305	-53.9844	-55.4648	-54.5717	-55.1732	-55.4294	-55.6109	-56.2556	
335	-53.9708	-50.2896	-53.9855	-55.4574	-54.5726	-55.1565	-55.4254	-55.6103	-56.2534	
336	-53.9648	-50.2488	-53.9865	-55.4501	-54.5735	-55.1398	-55.4213	-55.6097	-56.2513	
337	-53.9588	-50.2081	-53.9876	-55.4428	-54.5744	-55.1231	-55.4173	-55.6091	-56.2491	
338	-53.9529	-50.1676	-53.9886	-55.4356	-54.5753	-55.1064	-55.4133	-55.6085	-56.247	
339	-53.9471	-50.1272	-53.9897	-55.4284	-54.5762	-55.0897	-55.4092	-55.608	-56.2448	
340	-53.9413	-50.0869	-53.9908	-55.4213	-54.5771	-55.0729	-55.4052	-55.6074	-56.2426	
341	-53.9355	-50.0468	-53.9918	-55.4142	-54.5781	-55.0562	-55.4012	-55.6068	-56.2404	
342	-53.9298	-50.0068	-53.9929	-55.4071	-54.579	-55.0394	-55.3971	-55.6062	-56.2382	
343	-53.9241	-49.9669	-53.9939	-55.4001	-54.5799	-55.0227	-55.3931	-55.6057	-56.2359	
344	-53.9184	-49.9272	-53.9949	-55.3932	-54.5808	-55.0059	-55.3891	-55.6051	-56.2337	
345	-53.9128	-49.8877	-53.996	-55.3863	-54.5817	-54.9891	-55.385	-55.6046	-56.2315	
346	-53.9073	-49.8482	-53.997	-55.3794	-54.5826	-54.9723	-55.381	-55.604	-56.2292	
347	-53.9017	-49.8089	-53.9981	-55.3726	-54.5835	-54.9555	-55.377	-55.6034	-56.2269	
348	-53.8962	-49.7698	-53.9991	-55.3658	-54.5844	-54.9387	-55.373	-55.6029	-56.2247	
349	-53.8908	-49.7308	-54.0001	-55.3591	-54.5854	-54.9219	-55.3689	-55.6023	-56.2224	
350	-53.8854	-49.6919	-54.0011	-55.3524	-54.5863	-54.9051	-55.3649	-55.6018	-56.2201	
351	-53.88	-49.6532	-54.0022	-55.3457	-54.5872	-54.8882	-55.3609	-55.6013	-56.2178	
352	-53.8747	-49.6146	-54.0032	-55.3391	-54.5881	-54.8714	-55.3568	-55.6007	-56.2154	
353	-53.8694	-49.5761	-54.0042	-55.3326	-54.589	-54.8545	-55.3528	-55.6002	-56.2131	
354	-53.8641	-49.5378	-54.0052	-55.326	-54.5899	-54.8377	-55.3488	-55.5996	-56.2108	
355	-53.8589	-49.4997	-54.0062	-55.3195	-54.5908	-54.8208	-55.3447	-55.5991	-56.2084	
356	-53.8537	-49.4617	-54.0072	-55.3131	-54.5917	-54.8039	-55.3407	-55.5986	-56.206	
357	-53.6238	-49.4238	-53.8008	-55.3067	-54.409	-54.787	-55.3366	-55.598	-56.2037	
358	-53.4627	-49.3859	-53.6605	-55.2997	-54.2825	-54.7698	-55.3322	-55.5973	-56.2013	
359	-53.3712	-49.3481	-53.5833	-55.2923	-54.2133	-54.7525	-55.3275	-55.5965	-56.1989	
360	-53.3045	-49.3104	-53.5289	-55.2847	-54.1642	-54.735	-55.3227	-55.5955	-56.1965	
361	-53.2989	-49.2728	-53.5301	-55.277	-54.1655	-54.7174	-55.3177	-55.5945	-56.194	
362	-53.2932	-49.2353	-53.5313	-55.2694	-54.1667	-54.6999	-55.3128	-55.5935	-56.1916	
363	-53.2876	-49.198	-53.5325	-55.2618	-54.1679	-54.6823	-55.3079	-55.5925	-56.1891	
364	-53.2821	-49.1608	-53.5337	-55.2542	-54.1692	-54.6647	-55.3029	-55.5915	-56.1867	
365	-53.2765	-49.1238	-53.5349	-55.2467	-54.1704	-54.6472	-55.298	-55.5905	-56.1842	
