#Output values file generated by Xhydro
10
ReportTime
point# 1
point# 2
point# 3
point# 4
point# 5
point# 6
point# 7
point# 8
point# 9
1	-56.9979	-56.9979	-56.9979	-56.9979	-56.9979	-44.3012	-44.243	-56.9979	-56.9979	
2	-56.9979	-42.2173	-42.275	-43.2046	-42.7954	-43.7724	-43.5992	-43.4659	-42.9522	
3	-56.9979	-40.399	-40.4455	-40.9275	-40.6751	-41.3639	-41.3235	-41.2771	-41.1558	
4	-56.9979	-43.5678	-43.3978	-43.6858	-43.1669	-43.7786	-43.6212	-43.3418	-42.7875	
5	-56.9979	-40.8286	-40.8496	-41.3706	-41.031	-41.8324	-41.7522	-41.5489	-41.1951	
6	-56.9979	-48.7892	-48.1594	-47.8832	-46.9986	-47.3102	-47.0076	-46.4872	-46.1955	
7	-56.9979	-36.7045	-36.726	-36.7971	-36.7936	-36.8892	-36.8974	-36.9115	-36.9156	
8	-56.9979	-56.6894	-54.9616	-53.1116	-51.5669	-50.9256	-50.2815	-49.0746	-47.8841	
9	-56.9979	-56.9913	-56.8315	-56.4348	-55.9171	-55.6507	-55.3514	-54.7032	-53.9564	
10	-56.9978	-56.9977	-56.9887	-56.9441	-56.854	-56.796	-56.7225	-56.5354	-56.2768	
11	-56.9978	-41.0139	-41.4034	-42.5705	-42.5171	-43.9174	-44.008	-44.0139	-43.7382	
12	-56.9978	-39.9572	-39.9081	-40.4924	-40.0225	-41.0507	-40.952	-40.6585	-40.0122	
13	-56.9977	-48.415	-47.8927	-47.6575	-46.8834	-47.1511	-46.8793	-46.3793	-45.9889	
14	-56.9977	-56.8351	-46.3049	-46.6859	-46.1935	-46.9103	-46.7551	-46.3732	-45.8599	
15	-56.9977	-56.9945	-55.9277	-43.9691	-43.4204	-44.4229	-44.2866	-43.9032	-43.5187	
16	-56.9976	-56.9976	-56.1178	-50.7574	-49.9678	-50.0454	-49.7528	-49.181	-48.9099	
17	-56.9976	-56.9976	-56.7221	-51.9954	-51.842	-52.0677	-52.0098	-51.8825	-51.8275	
18	-56.9976	-56.9976	-56.776	-55.3057	-55.0579	-55.0727	-54.971	-54.7744	-54.6243	
19	-56.9975	-58.3182	-58.2792	-58.172	-58.1238	-58.0062	-57.9694	-57.8951	-57.801	
20	-56.9975	-59.9862	-59.9718	-59.8505	-59.8933	-59.7144	-59.7124	-59.7028	-59.577	
21	-56.9975	-58.8837	-58.9505	-58.963	-59.0703	-59.0041	-59.0408	-59.1089	-59.1593	
22	-56.9974	-33.2775	-34.1278	-36.4549	-36.492	-38.7685	-39.0526	-40.0159	-44.0003	
23	-45.6077	-46.3974	-45.5884	-45.3254	-44.3319	-44.8576	-44.5492	-44.0753	-43.817	
24	-42.6118	-42.8361	-42.9247	-43.1324	-43.1085	-43.3365	-43.3422	-43.3417	-43.3282	
25	-57.3492	-57.3785	-57.389	-57.4232	-57.4222	-57.4665	-57.471	-57.4819	-57.503	
26	-71.7216	-71.7684	-71.7858	-71.8407	-71.8399	-71.9106	-71.9177	-71.9336	-71.9414	
27	-71.6998	-71.6992	-71.7092	-71.72	-71.7345	-71.7414	-71.7498	-71.7694	-71.7811	
28	-71.6763	-71.6744	-71.6733	-71.6735	-71.6762	-71.6772	-71.679	-71.6841	-71.6899	
29	-76.0422	-75.5384	-75.4099	-75.0208	-75.0466	-74.6107	-74.5829	-74.5621	-74.4816	
30	-67.2556	-68.2908	-68.5154	-69.2989	-69.1896	-70.043	-70.0726	-70.1248	-71.1345	
31	-67.2407	-67.2517	-67.4125	-67.5837	-67.7723	-67.8622	-67.9622	-68.1654	-68.3191	
32	-67.2251	-67.2238	-67.2315	-67.2555	-67.292	-67.3123	-67.3372	-67.3965	-67.4706	
33	-58.2553	-59.1884	-59.4336	-60.1675	-60.1368	-60.9776	-61.037	-61.0755	-61.2397	
34	-38.3312	-38.3717	-38.3844	-38.4272	-38.4253	-38.483	-38.4881	-38.4963	-38.5473	
35	-31.1964	-31.7905	-31.9551	-32.4576	-32.4439	-33.036	-33.0852	-33.1448	-33.2374	
36	-27.4902	-27.826	-27.954	-28.2758	-28.3202	-28.6859	-28.7483	-28.8514	-28.8549	
37	-27.7238	-27.7177	-27.754	-27.7924	-27.8468	-27.8741	-27.9091	-27.9836	-28.0422	
38	-27.7779	-28.4344	-28.4227	-28.3808	-28.3839	-28.3366	-28.3325	-28.3133	-28.2115	
39	-27.8417	-27.8649	-27.9453	-23.7955	-23.8336	-24.2679	-24.3272	-24.4254	-24.528	
40	-27.9225	-27.9317	-27.6392	-27.1167	-26.7331	-18.3046	-18.3373	-18.3893	-18.7663	
41	-28.0193	-28.0272	-27.6307	-33.8419	-33.6822	-32.9693	-32.7615	-32.3602	-31.6813	
42	-28.0989	-28.1063	-28.4448	-23.4927	-23.6184	-24.2324	-24.3332	-24.4701	-24.5138	
43	-28.1784	-28.1867	-27.8836	-18.5843	-18.3585	-19.2027	-19.2058	-19.1677	-19.2602	
44	-28.263	-28.2717	-27.6704	-17.1157	-16.7365	-17.4374	-17.3618	-17.2022	-17.4132	
45	-28.3485	-28.3571	-27.8782	-19.0372	-19.0343	-19.0747	-19.0788	-19.0892	-19.1577	
46	-28.4253	-28.4351	-27.5284	-25.3531	-25.1409	-25.0889	-24.9884	-24.7921	-24.5907	
47	-28.515	-28.5233	-28.3887	-26.2219	-26.0685	-26.2033	-26.144	-26.0102	-25.8668	
48	-28.5972	-28.6049	-28.1055	-28.0262	-27.9243	-27.9033	-27.8575	-27.7648	-27.6898	
49	-28.6741	-28.6818	-33.2154	-32.9041	-32.9121	-32.5067	-32.4655	-32.4064	-32.2336	
50	-28.7525	-41.6357	-41.6149	-41.3248	-41.4123	-40.9135	-40.8907	-40.8551	-40.3537	
51	-28.8236	-39.8077	-39.8818	-39.1071	-39.3483	-39.0446	-39.1138	-39.2449	-38.998	
52	-28.899	-5.94447	-6.63095	-10.8661	-11.1408	-13.4582	-13.8411	-14.5485	-16.9044	
53	-28.9745	-28.544	-26.4308	-35.6826	-35.146	-33.7318	-33.4016	-32.8866	-32.1117	
54	-29.0732	-34.9342	-34.9951	-34.7382	-34.9164	-34.6362	-34.6536	-34.6558	-34.1366	
55	-26.8025	-26.9998	-27.1449	-27.5007	-27.6059	-27.9206	-28.0045	-28.1608	-28.5394	
56	-40.5912	-38.8568	-38.7268	-37.4831	-37.6399	-36.4155	-36.332	-36.1574	-34.8213	
57	-86.332	-86.4645	-86.486	-86.6041	-86.5942	-86.7477	-86.7612	-86.78	-86.8926	
58	-62.7102	-64.8644	-65.2004	-66.8761	-66.774	-68.7399	-68.9273	-69.2375	-70.6599	
59	-52.8949	-54.0426	-54.4273	-55.4904	-55.7086	-56.8398	-57.086	-57.5572	-58.3473	
60	-44.2977	-45.3819	-45.5312	-46.3308	-46.4164	-47.3387	-47.5345	-48.0089	-49.3474	
61	-38.6034	-39.2182	-39.3254	-39.786	-39.8424	-40.4208	-40.5317	-40.7797	-41.3299	
62	-45.842	-45.2153	-45.1967	-44.8622	-44.9451	-44.4486	-44.4214	-44.367	-43.7658	
63	-59.1492	-59.0974	-59.0856	-58.9824	-58.9905	-58.7615	-58.7268	-58.6448	-58.1043	
64	-39.8089	-42.0668	-42.3502	-43.6789	-43.5733	-45.3238	-45.4845	-45.7605	-46.9847	
65	-38.1203	-38.3628	-38.5407	-39.2174	-39.4532	-39.7429	-39.8951	-40.2178	-40.568	
66	-68.3257	-66.6496	-66.5279	-60.4333	-60.4569	-58.5589	-58.3291	-57.5748	-53.154	
67	-86.7203	-86.8432	-86.8388	-86.4293	-86.3722	-85.8823	-85.7792	-85.4956	-84.1089	
68	-62.4958	-64.5489	-64.8006	-67.6684	-67.3312	-69.1187	-69.321	-69.6034	-71.3162	
69	-38.3246	-39.6936	-39.8499	-42.4304	-42.3858	-43.9563	-44.2893	-45.1247	-49.7527	
70	-38.381	-45.4413	-45.4579	-45.6074	-45.6195	-45.7077	-45.722	-45.7591	-45.8304	
71	-38.4443	-30.1855	-29.2222	-32.493	-30.8763	-32.0958	-32.2884	-32.909	-35.0239	
72	-17.3877	-20.8545	-19.5756	-22.376	-20.4865	-22.1263	-22.1461	-22.2312	-23.3034	
73	-6.42854	-8.02984	-7.88458	-9.41992	-8.95342	-10.029	-10.2084	-10.5258	-11.6904	
74	0.349868	-1.14434	-1.04192	-2.28448	-2.02903	-2.84922	-3.03424	-3.3861	-4.34084	
75	0.184072	18.2091	18.9708	16.0537	17.2546	15.2721	15.0103	14.543	11.6864	
76	10.2626	8.03758	9.59546	8.68613	10.2076	9.63129	9.77712	10.0435	9.00837	
77	3.50874	4.76982	3.97056	4.86685	4.0975	4.55229	4.56926	4.66306	6.0006	
78	3.32097	3.99955	4.13205	3.83106	4.00464	3.90317	3.89931	3.90626	3.55647	
79	3.10601	-7.57498	-8.16196	-7.07676	-7.80568	-7.24045	-7.16413	-6.96512	-4.64687	
80	2.88681	-3.20495	-3.62422	-3.58699	-4.00484	-3.88901	-3.98791	-4.16198	-4.18395	
81	2.64646	2.18392	1.53079	1.76051	1.6437	1.44699	1.35011	1.16122	0.682665	
82	2.37177	1.99368	1.82934	7.70277	8.02317	7.34818	7.24485	7.04174	5.96206	
83	2.08063	1.66994	1.77598	7.5346	8.21262	7.62058	7.63881	7.65449	6.66247	
84	1.79092	1.43566	1.53978	9.54542	10.7361	9.79781	9.80653	9.79957	8.28747	
85	1.51263	1.21021	1.46155	1.54547	2.10115	16.2076	16.3942	16.2784	13.4925	
86	1.1651	0.904282	1.11422	0.942394	1.71182	12.4635	13.1034	13.2205	11.2421	
87	0.832139	0.536609	0.678648	0.47441	1.0761	4.47956	4.92133	5.15051	4.67572	
88	0.515822	0.201929	0.243341	0.0802251	0.212976	-2.45158	-2.64161	-2.47779	-1.50197	
89	0.207446	-0.112534	-0.332417	-10.039	-0.829063	-9.78291	-10.0658	-9.98553	-9.19091	
90	-0.0749497	-0.405373	-0.96049	-3.64422	-4.11397	-4.0329	-4.31685	-4.67012	-4.84424	
91	-0.32688	-0.650387	-0.971597	0.513694	0.512873	0.0745421	0.124374	-0.103589	-0.644999	
92	-0.600993	-0.923275	-0.995623	2.59754	3.22608	2.24322	2.70002	2.54492	1.53052	
93	-0.859124	-1.17447	-1.09482	2.2626	2.99981	2.14974	2.64997	2.62139	1.77821	
94	-1.11609	-1.41128	-1.34432	4.35197	5.79625	3.9829	5.02093	4.94382	3.41308	
95	-1.35456	-1.66415	3.84404	2.74337	3.91551	2.75469	3.52969	3.59892	2.55477	
96	-1.57674	-1.79094	-1.41409	13.28	-0.710599	12.0344	15.1377	14.8323	10.8542	
97	-1.86827	-1.98487	-1.49676	18.501	-0.341631	17.3071	22.9216	22.9292	17.2009	
98	-2.20872	-2.33566	-1.67054	8.69659	12.8356	8.71959	12.165	12.3908	9.4246	
99	-2.4611	5.96972	8.96567	5.59683	8.74157	5.53841	8.09847	8.2789	5.87474	
100	-2.67437	5.52502	7.64219	5.36999	7.51059	5.18938	6.96574	7.00323	5.18035	
101	-2.87891	8.93187	11.7693	8.34191	11.2977	7.81288	10.2104	10.1859	7.68491	
102	-3.08176	7.37509	9.66234	7.22993	9.55475	7.059	8.86104	8.94748	7.24526	
103	-3.28043	9.14845	12.7578	8.64049	12.3297	8.20175	11.1697	11.1682	8.059	
104	-3.47186	9.2933	10.7612	8.82831	10.5203	8.44504	9.70355	9.79263	8.71528	
105	-3.65401	10.2117	12.1769	9.69686	11.9175	9.23386	10.8015	10.9363	9.68116	
106	-3.82563	7.50667	9.8105	7.40768	9.83423	7.29057	9.01788	9.23323	7.83307	
107	-3.99166	6.88254	9.90514	6.65321	9.73129	6.45322	8.75564	8.90395	6.71687	
108	-4.15832	10.489	13.5466	9.69314	12.994	9.0893	11.8154	11.8089	8.855	
109	-4.34095	20.3084	-3.03795	18.5145	24.724	17.1495	22.2831	22.1998	17.1302	
110	-4.55188	-4.23534	-2.78621	23.3017	1.04524	22.1947	27.765	27.7827	22.9075	
111	-4.82139	-4.79581	-3.51371	17.1922	23.4878	16.533	22.0174	22.2931	17.8086	
112	-5.05581	-5.03458	-4.0209	16.475	-1.07055	15.744	21.4415	21.5364	16.5478	
113	-5.30915	10.2748	-4.26453	9.59165	14.9179	9.30266	13.9581	14.1799	10.1766	
114	-5.51116	4.62431	9.04544	4.65909	9.05004	4.89343	8.3443	8.61184	5.64363	
115	-5.67743	4.00297	8.31068	3.83109	8.07538	3.80292	7.14482	7.32457	4.22742	
116	-5.83285	5.23494	7.94271	4.75293	7.60571	4.48428	6.83546	6.90514	4.67042	
117	-5.99718	2.54991	5.38562	2.62606	5.39621	2.70203	4.77595	4.98803	3.19623	
118	-6.14804	5.49536	9.20324	4.75856	8.58088	4.35841	7.49164	7.52991	4.24973	
119	-6.31863	3.45393	6.75212	3.22894	6.52042	3.17042	5.83419	5.96646	3.35381	
120	-6.49528	-35.2323	-35.2209	-34.9528	-35.2518	-34.5453	-35.2173	-35.1946	-33.4906	
121	-6.64933	-26.9689	-29.448	-26.3559	-29.2449	-26.178	-28.6798	-28.8517	-26.4779	
122	-6.80044	-18.1962	-20.2836	-18.2003	-20.3752	-18.3935	-20.0387	-20.3304	-19.3809	
123	-6.96286	-34.1564	-35.7546	-32.677	-35.1846	-31.5777	-34.2463	-34.19	-30.6559	
124	-7.1103	-20.6996	-23.4094	-21.1359	-23.9728	-21.6333	-23.5704	-24.1503	-23.0204	
125	-7.25086	-30.6875	-31.7478	-29.286	-31.0668	-28.3544	-29.9971	-30.0547	-27.7878	
126	-7.39711	-28.3043	-29.1975	-27.4249	-28.985	-26.9476	-27.9634	-28.3499	-27.602	
127	-7.54324	-16.2006	-18.0357	-17.0197	-18.9636	-17.7394	-18.9051	-19.5581	-19.3515	
128	-7.69064	-19.1779	-20.6803	-18.3249	-20.3493	-17.9901	-19.4591	-19.7866	-18.2067	
129	-7.83154	-12.1791	-13.4596	-12.7989	-14.0642	-13.3115	-14.0645	-14.451	-14.2849	
130	-7.98095	-11.6292	-12.6061	-11.5949	-12.6382	-11.702	-12.4635	-12.6476	-12.0899	
131	-8.14993	-14.7403	-16.7821	-14.0344	-16.3344	-13.7315	-15.6359	-15.7609	-13.2435	
132	-8.3074	-34.1515	-34.1128	-34.2507	-34.1691	-34.3201	-34.2343	-34.2411	-34.3676	
133	-8.46665	-5.09977	-5.73772	-7.94205	-8.20162	-10.133	-9.89988	-10.7498	-12.9449	
134	-8.61195	-4.02842	-3.64049	-4.64946	-4.18269	-5.20761	-4.8847	-5.04628	-6.18387	
135	-8.75918	-8.73623	-8.3615	-2.13521	-1.23418	-2.54428	-1.94026	-1.76408	-3.01201	
136	-8.92481	-8.97968	-8.4828	-1.08227	0.731162	-1.41307	-0.378163	0.154376	-1.96822	
137	-9.08545	-9.1331	-1.27335	-2.80988	-1.25511	-2.80153	-2.00612	-1.42017	-3.04213	
138	-9.24084	-9.2948	4.87837e-05	-2.29644	-0.34153	-2.52913	-1.5169	-0.787262	-3.24928	
139	-9.39534	-2.01818	-0.155011	-2.57945	-0.409419	-2.72414	-1.676	-0.809777	-3.52964	
140	-9.5443	-5.45014	-4.58558	-5.48397	-4.50197	-5.34938	-4.8961	-4.45395	-5.45707	
141	-9.6879	-9.66402	-9.296	2.65862	5.32751	1.69616	3.02343	4.21389	-0.0910987	
142	-9.86697	-9.90765	-9.11309	-7.91671	-6.92059	7.61467	9.86152	11.9075	6.11798	
143	-10.0804	-10.1159	-9.28856	-9.25601	-7.88787	9.10937	12.479	-4.90611	-3.91772	
144	-10.3224	-10.1608	-9.62562	-9.54268	-9.03327	-15.4461	-16.3068	-16.7748	-12.3983	
145	-10.5126	-9.26243	-8.49885	-19.2599	-20.1588	-18.5556	-19.2361	-19.6601	-16.9671	
146	-10.6934	-10.0771	-9.95912	-21.5174	-21.5178	-21.4747	-21.5219	-21.5383	-21.0769	
147	-10.8483	-10.8415	-11.5505	-21.258	-22.3959	-21.0378	-21.4989	-22.1859	-20.4995	
148	-11.0023	-11.0521	-11.7137	-12.7882	-13.2694	-13.6456	-13.8403	-14.1658	-14.9661	
149	-11.1529	-11.1998	-11.326	-13.8725	-11.758	-13.8018	-13.8723	-14.1264	-13.7969	
150	-11.3206	-11.3572	-11.5086	-11.6548	-11.8535	-7.79201	-7.81574	-7.30267	-8.69672	
151	-11.495	-11.5235	-11.3912	-11.3836	-11.1789	-5.08931	-5.00157	-3.95783	-5.59358	
152	-11.6746	-11.7039	-11.4516	-11.4997	-11.084	-7.33768	-7.09727	-6.21839	-7.51482	
153	-11.8506	-11.8811	-11.6703	-11.6021	-11.2579	-11.0471	-10.8274	-10.4882	-10.2139	
154	-12.0996	-12.1294	-12.149	-12.1458	-12.1076	-12.0765	-11.7361	-11.335	-10.9867	
155	-12.3354	-12.3631	-12.4017	-12.4382	-12.4549	-12.463	-12.1164	-11.7366	-11.4021	
156	-12.5731	-12.5936	-12.635	-12.6743	-12.7014	-12.7179	-12.7043	-12.2229	-11.8112	
157	-12.8438	-12.837	-12.8779	-12.8989	-12.934	-12.9331	-12.9364	-12.4595	-12.0784	
158	-13.0729	-13.0789	-13.1171	-13.146	-13.1642	-13.1737	-13.1779	-12.7517	-12.3799	
159	-13.3514	-13.2914	-13.3093	-13.2587	-13.3029	-13.2571	-13.2059	-12.749	-12.4321	
160	-13.536	-13.5303	-13.5827	-13.593	-13.6209	-13.5844	-13.6613	-13.728	-13.7647	
161	-13.7315	-13.7593	-13.817	-13.8599	-13.8868	-13.8956	-13.6462	-13.4296	-13.3356	
162	-14.0176	-14.042	-14.1029	-14.1508	-14.1805	-14.1957	-14.1826	-13.6255	-13.2185	
163	-14.3984	-14.3362	-14.4536	-14.435	-14.5323	-14.4342	-14.3974	-14.3813	-14.4035	
164	-14.6725	-14.7211	-14.8055	-14.8721	-14.9102	-14.9237	-14.9133	-14.8955	-14.9448	
165	-15.1135	-12.1604	-10.9548	-0.596861	-9.3394	-1.39676	2.5717	3.51275	-8.64926	
166	-15.3127	-15.1636	-14.4897	-13.4332	-12.0426	-0.55887	-10.5765	-9.14861	-8.57914	
167	-15.5098	-15.5226	-15.5001	-15.3578	-15.0606	-14.2174	-13.6909	-12.6126	-11.8587	
168	-15.7087	-15.7128	-15.7573	-15.7657	-15.7387	-15.6821	-15.2518	-14.6618	-14.0946	
169	-15.8866	-15.9013	-15.9605	-15.9977	-16.0158	-16.0213	-15.9857	-15.7837	-15.559	
170	-16.1075	-16.1169	-16.1936	-16.2235	-16.2605	-16.267	-16.2509	-16.0294	-15.9037	
171	-16.3619	-16.3988	-16.511	-16.5185	-16.5815	-16.5226	-16.5021	-16.497	-16.6753	
172	-16.6022	-15.9879	-16.0185	-15.7263	-15.7192	-15.5117	-15.4755	-15.5591	-15.8922	
173	-16.8274	-13.2993	-11.8343	-10.7545	-10.8187	-23.0775	-23.0824	-23.0725	-23.1174	
174	-17.0026	-16.6079	-16.3776	-15.3841	-15.6146	-16.1874	-16.7511	-17.7991	-18.1471	
175	-17.1976	-17.236	-17.2113	-17.0825	-16.8992	-16.8711	-16.8788	-16.7694	-16.856	
176	-17.4214	-17.4924	-17.5924	-17.6376	-17.6384	-17.6291	-17.5974	-17.5437	-17.5574	
177	-17.641	-17.7395	-17.8729	-17.9676	-18.0227	-18.0455	-18.041	-18.0302	-18.0901	
178	-17.9793	-18.1873	-18.4343	-18.5357	-18.636	-18.6129	-18.598	-18.6054	-18.9528	
179	-18.3478	-18.5344	-18.7798	-18.9634	-19.0842	-19.1284	-19.1296	-19.1397	-19.3011	
180	-18.8521	-19.0527	-19.33	-19.5158	-19.6601	-19.6878	-19.6947	-19.7278	-20.0782	
181	-19.4044	-19.5605	-20.0008	-20.001	-20.2078	-20.1076	-20.0978	-20.1611	-20.8612	
182	-20.5862	-20.8479	-21.1049	-21.335	-21.2911	-21.3291	-21.263	-21.1768	-21.3108	
183	-55.4931	-32.2951	-26.1767	-19.0951	-16.8115	-14.8697	-14.3026	-13.4425	-14.2234	
184	-55.4931	-49.8079	-43.3241	-35.6533	-30.1912	-27.5381	-25.3573	-22.432	-20.6429	
185	-55.4931	-49.4011	-46.3916	-41.1948	-37.5489	-35.0293	-33.1526	-30.0682	-27.5353	
186	-55.493	-52.0004	-50.0717	-46.8242	-42.3694	-40.5923	-38.6676	-35.6059	-32.472	
187	-55.4924	-24.7989	-28.5104	-32.0999	-28.2088	-31.723	-36.2525	-30.7754	-33.2512	
188	-55.4922	-21.9775	-28.0812	-30.272	-27.8926	-29.8325	-34.3504	-30.068	-34.0679	
189	-55.492	-19.1087	-23.3993	-23.1846	-23.3702	-23.4448	-23.6823	-23.0382	-27.1104	
190	-55.4918	-19.0188	-22.6469	-21.5085	-22.1556	-20.9615	-20.6552	-20.9255	-24.6882	
191	-55.4916	-8.96489	-10.9418	-9.70708	-9.90791	-9.52982	-9.54675	-9.79004	-12.1769	
192	-55.4915	-16.1612	-15.95	-14.9184	-14.3057	-14.2135	-13.9875	-13.3328	-15.2202	
193	-55.4913	-21.5876	-22.1866	-19.87	-18.4536	-17.931	-17.3436	-16.4697	-17.18	
194	-55.4911	-22.3749	-27.1483	-26.1972	-24.1932	-22.7	-21.5955	-20.131	-20.6132	
195	-55.4909	-22.1157	-26.6829	-25.5647	-25.9838	-24.8193	-25.0215	-24.6565	-26.8573	
196	-55.4908	-35.3737	-51.1463	-55.4333	-44.2723	-51.041	-53.8352	-51.4383	-39.5232	
197	-55.4906	-9.6407	-11.1028	-10.4715	-10.5542	-10.5878	-10.7606	-10.653	-13.8223	
198	-55.4904	-10.0712	-11.6845	-11.9407	-12.2768	-12.4968	-12.7043	-12.3586	-14.8569	
199	-55.4902	-18.5663	-18.1342	-17.158	-16.4825	-16.548	-16.3008	-15.6457	-17.2445	
200	-55.4901	-25.2889	-25.2599	-22.6862	-20.9949	-20.5036	-19.816	-18.8316	-19.3154	
201	-55.4899	-7.17452	-7.52294	-8.39634	-9.26131	-9.85858	-10.1583	-10.5458	-12.5799	
202	-55.4897	-21.3565	-17.0543	-15.0162	-13.9802	-14.192	-13.8823	-13.5028	-14.8461	
203	-55.4896	-26.2618	-28.6631	-24.1298	-21.2193	-20.0218	-18.8207	-17.5084	-17.9119	
204	-55.4894	-26.3376	-31.5085	-31.9439	-31.175	-29.8898	-27.9316	-24.6662	-24.3735	
205	-55.4892	-24.2273	-27.4114	-24.9069	-25.4388	-24.5903	-24.6029	-25.0458	-28.9027	
206	-55.4891	-27.0766	-32.7852	-34.1822	-30.7733	-30.3242	-29.7007	-29.286	-31.5438	
207	-55.4889	-25.1712	-29.1932	-28.0241	-28.391	-27.3883	-27.3609	-27.4978	-31.457	
208	-55.4887	-18.9724	-22.2696	-19.5892	-19.6492	-19.5476	-19.722	-19.8408	-24.0228	
209	-55.4886	-25.8386	-28.7829	-26.6754	-24.8719	-23.9822	-23.2598	-22.858	-24.6578	
210	-55.4884	-26.7755	-32.954	-35.3033	-32.2487	-33.4963	-34.1221	-29.9375	-30.7736	
211	-55.4883	-24.3719	-28.9663	-28.3524	-28.2771	-27.4777	-27.6271	-27.5846	-31.8242	
212	-55.4881	-24.7751	-30.3928	-31.0722	-29.7164	-30.3319	-31.7419	-30.2142	-35.0731	
213	-55.4879	-24.7998	-31.6357	-34.7077	-30.5631	-33.4048	-38.0062	-32.8278	-37.6194	
214	-55.4878	-26.6425	-36.6337	-50.8842	-33.8363	-41.7986	-47.6787	-46.3875	-44.2581	
215	-55.4876	-16.6813	-20.0738	-18.634	-19.0583	-18.833	-18.9879	-18.8239	-21.6925	
216	-55.4875	-19.415	-23.0264	-20.3464	-20.8666	-20.1357	-20.0123	-20.1326	-23.1794	
217	-55.4873	-19.5715	-24.3299	-22.701	-22.7739	-21.5402	-21.35	-21.3399	-24.0086	
218	-55.4872	-21.7388	-28.954	-32.2282	-27.8982	-30.8513	-34.4003	-28.1071	-30.5544	
219	-55.487	-23.366	-32.2549	-43.2077	-30.3941	-38.148	-44.5558	-37.2183	-39.6745	
220	-55.4869	-23.6694	-33.2572	-48.0484	-31.0578	-39.5159	-46.0297	-40.6964	-40.9529	
221	-55.4867	-19.2487	-25.592	-27.5661	-25.1337	-26.8573	-30.8198	-25.9304	-30.9795	
222	-55.4866	-3.54371	-4.84173	-3.69475	-3.71868	-3.62555	-3.644	-3.59521	-5.12577	
223	-55.4864	-15.3402	-14.3197	-10.4723	-8.51027	-7.91244	-7.22435	-6.58647	-7.20606	
224	-55.4863	-28.0792	-47.7351	-40.8309	-25.6576	-15.25	-13.0422	-11.0961	-10.653	
225	-55.4861	-28.2209	-48.5828	-55.1683	-44.2155	-51.401	-54.0379	-55.5528	-53.8124	
226	-55.486	-18.7149	-31.8423	-50.1934	-29.0295	-39.549	-46.8241	-54.2042	-40.2955	
227	-55.4859	-5.48236	-8.02702	-7.66971	-7.81026	-7.72885	-7.88984	-7.72744	-9.05516	
228	-55.4857	-4.54638	-6.23886	-5.11803	-5.27902	-5.31072	-5.45186	-5.43712	-7.6615	
229	-55.4856	-15.0695	-13.6423	-10.9175	-8.58985	-8.24199	-7.8313	-7.41093	-8.06527	
230	-55.4854	-15.2184	-22.3656	-27.0071	-22.4606	-25.8193	-29.6645	-17.7687	-17.6911	
231	-55.4853	-11.0778	-15.0968	-13.2014	-14.1838	-12.8791	-12.5718	-12.9162	-16.3937	
232	-55.4852	-0.619497	-1.70424	-2.13216	-2.67773	-2.84548	-2.96781	-3.12589	-4.53539	
233	-55.485	-7.96512	-6.18275	-5.12751	-4.72699	-4.78646	-4.63533	-4.50125	-4.94268	
234	-55.4849	-21.8044	-24.0623	-14.2168	-9.64738	-8.69188	-7.82574	-6.86147	-6.88208	
235	-55.4848	-9.26107	-12.0087	-10.4248	-10.5502	-10.1884	-10.149	-10.322	-13.5851	
236	-55.4846	-14.1388	-17.0419	-14.8547	-14.0819	-13.3403	-12.8934	-12.8164	-14.7528	
237	-55.4845	-14.0207	-18.467	-16.855	-17.0505	-15.2499	-14.8639	-15.0528	-17.6537	
238	-55.4844	-14.4587	-19.4032	-18.9835	-19.6975	-17.166	-17.177	-17.5873	-20.8775	
239	-55.4842	-2.21382	-2.86358	-3.4225	-3.9201	-4.29244	-4.11475	-4.18846	-5.50524	
240	-55.4841	-10.2743	-9.15753	-8.39041	-7.95842	-8.35066	-7.9649	-7.5393	-8.58828	
241	-55.484	-7.94923	-8.85628	-9.40451	-9.961	-10.4092	-10.016	-9.8085	-10.9707	
242	-55.4838	-18.3942	-16.6881	-14.7806	-13.7969	-13.7772	-13.3622	-12.7626	-13.4518	
243	-55.4837	-1.30969	-1.51892	-1.89833	-2.45092	-2.72795	-2.74363	-3.09618	-3.83143	
244	-55.4836	-2.08493	-2.12919	-2.27319	-2.53604	-2.77312	-2.69451	-3.36118	-3.72926	
245	-55.4835	-9.93042	-7.45082	-6.32666	-5.60198	-5.83999	-5.57438	-8.06698	-9.73974	
246	-55.4833	-11.8593	-11.3856	-10.8274	-10.4257	-10.7357	-10.0404	-9.75222	-11.0795	
247	-55.4831	-5.60614	-6.08029	-6.59894	-7.44344	-7.85188	-7.52398	-7.83303	-8.73305	
248	-55.4828	-10.8348	-9.92814	-9.82114	-9.88483	-10.392	-10.0429	-9.90598	-10.5821	
249	-55.4825	-16.9147	-15.5221	-14.7939	-14.292	-14.7536	-14.2448	-13.6921	-14.1559	
250	-55.4821	-21.7463	-20.5005	-19.0236	-18.1172	-18.192	-17.7578	-17.0081	-17.2221	
251	-55.4818	-22.9552	-22.742	-21.5044	-21.2287	-21.1829	-20.7342	-20.0646	-20.5387	
252	-55.4815	-25.6877	-25.8674	-24.3959	-23.8021	-23.4289	-23.045	-22.4827	-23.1089	
253	-55.4812	-24.293	-25.2405	-24.101	-24.6287	-24.357	-24.0059	-23.8368	-24.9739	
254	-55.4809	-25.2306	-25.8909	-24.8969	-25.1466	-24.8419	-24.6177	-24.5954	-25.8687	
255	-55.4806	-27.1953	-28.3371	-26.742	-26.45	-25.7142	-25.4989	-25.5048	-26.8322	
256	-55.4803	-27.2915	-28.904	-27.3736	-27.4408	-26.2025	-26.0172	-26.2644	-27.8251	
257	-55.48	-24.8908	-26.2557	-25.4117	-26.0209	-25.2594	-24.9193	-25.3111	-28.1645	
258	-55.4797	-25.0323	-25.8355	-25.1339	-25.8	-25.4969	-25.206	-25.3754	-27.646	
259	-55.4794	-28.2741	-28.7701	-27.5265	-27.3331	-26.8653	-26.6495	-26.6095	-28.079	
260	-55.4791	-29.5771	-30.769	-29.3153	-29.1159	-28.2071	-27.9389	-27.9521	-29.2828	
261	-55.4787	-29.0056	-31.0005	-31.0195	-31.1166	-29.0864	-28.6576	-28.7743	-30.1218	
262	-55.4784	-26.3807	-28.126	-26.5425	-27.2749	-25.6352	-25.5638	-26.3135	-30.3493	
263	-55.4781	-26.6292	-28.4625	-27.2745	-27.9029	-25.9457	-25.8105	-26.508	-29.7223	
264	-55.4779	-26.6053	-28.5205	-27.3331	-28.0797	-25.9686	-25.909	-26.7798	-30.4183	
265	-55.4776	-26.348	-28.3614	-26.3058	-26.6213	-25.5922	-25.6344	-26.4898	-30.3063	
266	-55.4773	-27.8559	-29.395	-27.8036	-27.9543	-27.1044	-26.8375	-27.4343	-30.2253	
267	-55.477	-29.1017	-30.477	-29.2161	-29.3304	-28.5746	-27.9867	-28.1988	-30.5674	
268	-55.4767	-28.8351	-30.4518	-30.1489	-30.3436	-29.8694	-29.3425	-29.2748	-31.3112	
269	-55.4764	-8.28319	-8.88444	-9.1427	-10.3735	-11.1427	-11.2827	-12.095	-13.7844	
270	-55.4742	-0.946651	-1.12371	-56.2918	-56.2894	-56.3089	-56.3158	-56.3103	-56.3302	
271	-55.4721	-10.3927	-14.7713	-14.3241	-29.5476	-33.0531	-35.6731	-40.8499	-44.4269	
272	-55.47	-24.3372	-20.2821	-18.1637	-21.7029	-24.3862	-26.3765	-32.009	-36.5398	
273	-55.4678	-28.7757	-26.3371	-24.6548	-24.0143	-25.2936	-25.6125	-27.2836	-30.5182	
274	-55.4657	-28.806	-27.7863	-27.3137	-27.0053	-27.8838	-27.5682	-27.7144	-29.3035	
275	-55.4636	-27.1969	-26.6694	-26.9314	-27.2904	-28.2724	-27.9614	-28.1685	-29.2961	
276	-55.4616	-22.4832	-22.4929	-23.1497	-24.1038	-25.1388	-24.9445	-25.6165	-26.899	
277	-55.4595	-28.5018	-26.6269	-26.3897	-26.3032	-27.1883	-26.9941	-27.0354	-27.9387	
278	-55.4573	-17.8848	-18.383	-19.2025	-20.4424	-21.5933	-21.4684	-22.386	-23.831	
279	-55.4552	-27.5329	-25.0685	-24.3141	-23.7635	-24.8055	-24.619	-24.473	-25.464	
280	-55.4531	-29.6209	-28.3694	-27.5889	-27.0895	-27.8183	-27.4746	-27.0771	-27.7592	
281	-55.4509	-20.785	-20.904	-21.5638	-22.6742	-23.9297	-23.5978	-24.341	-25.7283	
282	-55.4485	-15.4157	-15.8066	-16.3602	-17.4124	-18.5821	-17.84	-18.7615	-20.3723	
283	-55.4459	-11.496	-11.6971	-12.1115	-12.964	-14.0041	-13.3158	-13.9345	-15.321	
284	-55.4433	-22.4827	-19.2244	-18.2863	-17.4898	-18.5228	-18.1936	-17.6483	-18.2764	
285	-55.4407	-27.4343	-25.2922	-23.7705	-22.6271	-23.4177	-22.9092	-22.0571	-22.304	
286	-55.438	-18.6716	-19.0912	-19.483	-20.2926	-21.3752	-20.4561	-20.9388	-21.951	
287	-55.4354	-26.4842	-24.469	-23.9976	-23.6162	-24.7071	-24.2476	-23.9174	-24.63	
288	-55.4295	-2.40946	-2.37934	-73.7301	-73.8962	-73.7985	-73.8254	-74.1231	-74.413	
289	-55.4293	-30.5569	-23.8113	-20.0022	-33.501	-36.9077	-52.8066	-53.0916	-50.5311	
290	-55.4293	-47.3454	-39.5207	-32.9153	-31.8918	-32.1364	-33.5142	-36.6548	-39.287	
291	-55.4292	-50.0259	-45.6709	-41.3607	-39.2062	-38.2155	-36.8891	-36.2416	-36.3289	
292	-55.4291	-50.3125	-46.7653	-43.4785	-42.2292	-41.2967	-39.7761	-38.9468	-38.2632	
293	-55.4291	-53.4805	-51.3995	-49.2221	-47.9468	-47.0987	-46.0346	-44.8359	-43.6926	
294	-55.429	-54.5597	-53.612	-52.513	-51.8446	-32.38	-32.3497	-32.1723	-48.6387	
295	-55.4289	-54.4221	-53.0325	-40.6462	-38.1165	-40.6803	-39.9286	-38.0964	-46.5919	
296	-55.4289	-54.6682	-53.0745	-49.6869	-42.6797	-49.0596	-47.2523	-42.4999	-46.9029	
297	-55.4285	-18.1108	-18.081	-18.1889	-18.1095	-18.2315	-18.2348	-18.1466	-36.4454	
298	-55.4281	-22.25	-21.768	-23.1177	-22.1207	-23.542	-23.4286	-22.5398	-28.0644	
299	-55.4277	-53.6804	-48.548	-24.3282	-23.5809	-24.8052	-24.7197	-24.0982	-26.525	
300	-55.4271	-54.0142	-51.3531	-48.7809	-44.9819	-28.7504	-28.7536	-28.7512	-28.8715	
301	-55.4264	-54.1405	-52.9286	-51.5101	-50.4115	-48.4657	-46.6135	-44.2581	-42.2234	
302	-55.4255	-54.3177	-53.3304	-52.2656	-51.7217	-51.1019	-50.4072	-48.9664	-47.4398	
303	-55.4246	-50.189	-47.098	-44.8524	-44.8108	-44.2377	-42.9427	-42.4929	-42.0196	
304	-55.4225	-38.8884	-32.423	-28.3951	-30.8521	-30.8872	-30.8985	-30.9185	-31.2881	
305	-55.4201	-50.4128	-45.2057	-40.5165	-38.5668	-37.3564	-35.8628	-34.9264	-34.0796	
306	-55.4184	-52.9244	-50.3082	-6.55858	-6.55483	-6.56499	-6.56541	-6.56534	-7.00782	
307	-55.4163	-49.4514	-43.7536	-39.2643	-35.2374	-33.0962	-30.5538	-28.1289	-26.8775	
308	-55.4144	-53.7726	-51.4079	-28.7574	-26.97	-29.6954	-29.2858	-28.1602	-30.3991	
309	-55.4123	-54.059	-51.2972	-48.4007	-45.2516	-17.8856	-17.9223	-17.9007	-18.7381	
310	-55.4097	-54.2398	-51.9836	-50.7884	-48.1437	-17.5186	-17.5232	-17.5308	-17.5845	
311	-55.407	-54.1414	-52.9881	-51.7562	-51.0674	-19.5541	-19.5555	-19.5605	-40.3905	
312	-55.4044	-53.9363	-52.7238	-51.5802	-51.2144	-48.573	-46.0818	-43.0564	-41.2268	
313	-55.4012	-53.6376	-52.3035	-51.0423	-50.6861	-50.0434	-48.1834	-46.3717	-44.5741	
314	-55.3974	-53.2351	-51.6237	-50.1684	-49.7966	-49.2257	-48.5088	-46.6972	-45.0936	
315	-55.3933	-52.4906	-50.4549	-48.7564	-48.3618	-47.7764	-47.055	-45.5716	-44.2743	
316	-55.3889	-52.1157	-49.7657	-47.8763	-47.4356	-46.8359	-46.0793	-44.6399	-44.3941	
317	-55.3843	-52.6814	-50.404	-48.4547	-47.8429	-47.1699	-46.359	-45.9528	-45.435	
318	-55.3804	-53.969	-52.5212	-51.0501	-50.3829	-49.7468	-25.3802	-25.4102	-47.2972	
319	-55.378	-54.0654	-52.8396	-51.6832	-51.2423	-50.7423	-48.8001	-46.6105	-45.8774	
320	-55.3756	-53.7923	-52.4614	-51.3461	-51.0579	-31.8506	-31.8512	-31.9588	-48.7537	
321	-55.3725	-53.1861	-51.4734	-49.9894	-49.6368	-47.8638	-28.6197	-28.6325	-43.8876	
322	-55.3695	-52.3357	-49.9786	-47.9444	-47.4606	-13.7134	-13.7142	-13.7192	-41.4431	
323	-55.3668	-54.1914	-52.8479	-51.4835	-49.1892	-17.8604	-17.3948	-17.0136	-32.7029	
324	-55.3647	-53.8406	-50.725	-12.2984	-11.5261	-13.8203	-13.5569	-13.1647	-14.5952	
325	-55.3624	-54.3258	-51.0793	-48.4015	-44.5116	-3.64712	-3.65	-3.65453	-3.65612	
326	-55.3601	-54.2966	-51.3057	-50.2395	-45.195	-42.0058	-8.68769	-7.39399	-31.1257	
327	-55.357	-52.9933	-51.1212	-49.3753	-48.4143	-23.2087	-21.7717	-20.2954	-37.3897	
328	-55.3541	-54.3475	-53.2971	-52.0954	-51.4601	-25.5297	-24.7344	-23.9103	-23.0975	
329	-55.3519	-54.3249	-52.6698	-51.8387	-49.5513	-19.68	-19.2951	-18.7747	-17.8854	
330	-55.3495	-54.2107	-52.2294	-51.3462	-48.3876	-15.4957	-15.295	-15.0251	-14.5433	
331	-55.347	-52.8164	-49.4693	-48.4788	-45.6221	-42.6858	-40.0281	-36.3338	-34.2967	
332	-55.3435	-52.6971	-50.5306	-48.6123	-47.8455	-46.7956	-44.8639	-42.8901	-40.4378	
333	-55.3398	-52.6816	-50.5466	-48.731	-48.1947	-47.4068	-46.4964	-45.6889	-44.5152	
334	-55.336	-52.9839	-51.0198	-49.2712	-48.705	-47.9631	-47.1686	-46.5263	-45.7333	
335	-55.3324	-53.0892	-51.2921	-49.624	-49.0949	-48.4162	-47.6714	-46.9705	-46.1817	
336	-55.3285	-53.1501	-51.4307	-49.7977	-49.2878	-48.6258	-47.8949	-47.1535	-46.3289	
337	-55.3245	-54.4548	-53.5676	-52.5355	-52.0103	-41.3621	-41.1196	-40.8463	-40.3303	
338	-55.3225	-54.7686	-38.7754	-39.3736	-39.3654	-39.9639	-39.67	-39.3578	-38.6779	
339	-55.3208	-45.4476	-45.2433	-44.7929	-44.2318	-44.4208	-44.0183	-43.5471	-43.0418	
340	-49.8558	-49.917	-49.5212	-49.2566	-48.6546	-48.7833	-48.4157	-47.9991	-47.4739	
341	-47.7785	-48.3451	-47.6282	-48.305	-47.6355	-48.2153	-48.0369	-47.9662	-48.4153	
342	-43.4976	-44.409	-43.9027	-44.8032	-44.3026	-45.1369	-45.0659	-45.0826	-45.2988	
343	-39.7212	-40.2277	-40.1791	-40.7308	-40.6367	-41.1884	-41.1954	-41.31	-41.4275	
344	-38.3647	-38.4495	-38.5014	-38.6162	-38.6784	-38.8309	-38.8379	-38.932	-38.9905	
345	-40.2062	-40.1283	-40.0354	-39.9412	-39.9222	-39.839	-39.8187	-39.8188	-39.8652	
346	-42.2557	-42.1561	-41.9958	-41.8599	-41.7896	-41.673	-41.6297	-41.5794	-41.569	
347	-43.4218	-43.2745	-43.0835	-42.8943	-42.8343	-42.7111	-42.6385	-42.5754	-42.5101	
348	-45.1335	-44.9619	-44.5716	-44.29	-44.158	-43.9935	-43.897	-43.7788	-43.5503	
349	-47.0162	-46.4381	-46.3805	-45.6234	-45.851	-45.3089	-45.2032	-45.0719	-44.0874	
350	-48.2181	-47.8243	-47.6967	-47.2512	-47.2907	-46.9575	-46.8342	-46.748	-46.577	
351	-48.2227	-48.0487	-47.8403	-47.6525	-47.5677	-47.4815	-47.3558	-47.2852	-47.2053	
352	-53.8113	-52.5603	-52.5608	-51.3592	-51.7544	-50.6609	-50.5178	-50.5105	-50.2337	
353	-56.465	-55.8807	-55.718	-55.0191	-55.0712	-54.4656	-54.3066	-54.1636	-53.8762	
354	-55.271	-55.3021	-55.2042	-55.1532	-55.0735	-55.0632	-54.9676	-54.8932	-54.8059	
355	-53.9841	-54.0029	-53.9569	-53.9584	-53.942	-53.9902	-53.9263	-53.9311	-53.9136	
356	-52.4806	-52.4821	-52.3773	-52.3845	-52.3524	-52.4016	-52.3166	-52.361	-52.4177	
357	-52.4816	-48.2418	-45.1695	-42.9466	-42.8463	-41.5719	-40.5424	-40.9247	-41.0452	
358	-52.4827	-53.3937	-51.8018	-48.5134	-48.6683	-46.3551	-45.4291	-44.9148	-44.0059	
359	-52.4836	-56.8031	-56.3854	-53.9019	-54.4547	-52.3012	-51.7178	-51.3515	-50.4869	
360	-52.4845	-52.1048	-51.8922	-51.6577	-51.6816	-51.4577	-51.2655	-51.2122	-51.1787	
361	-52.4855	-47.4257	-47.6271	-47.7944	-47.9044	-48.163	-48.1234	-48.1274	-48.1735	
362	-52.4865	-52.1629	-51.5465	-37.3849	-37.4496	-38.6711	-38.6886	-38.6646	-38.7536	
363	-52.4876	-52.0995	-50.8555	-42.8301	-42.0641	-42.3594	-42.0104	-41.5027	-41.5369	
364	-52.4887	-58.0888	-57.0468	-55.8696	-55.0739	-54.2717	-53.8986	-53.3491	-52.2584	
365	-52.4897	-56.3954	-56.1897	-55.8711	-55.9325	-55.4719	-55.3452	-55.31	-55.0168	
