#Output values file generated by Xhydro
10
ReportTime
point# 1
point# 2
point# 3
point# 4
point# 5
point# 6
point# 7
point# 8
point# 9
1	-60.5934	-60.5934	-60.5934	-60.5934	-60.5934	-60.5934	-60.5934	-60.5934	-60.5934	
2	-56.8427	-56.8427	-56.8427	-56.8427	-56.8427	-56.8427	-56.8427	-56.8427	-56.8427	
3	-53.092	-53.092	-53.092	-53.092	-53.092	-53.092	-53.092	-53.092	-53.092	
4	-52.9067	-52.9067	-52.9067	-52.9067	-52.9067	-52.9067	-52.9067	-52.9067	-52.9067	
5	-52.7215	-52.7215	-52.7215	-52.7215	-52.7215	-52.7215	-52.7215	-52.7215	-52.7215	
6	-52.5363	-52.5363	-52.5363	-52.5363	-52.5363	-52.5363	-52.5363	-52.5363	-52.5363	
7	-52.351	-52.351	-52.351	-52.351	-52.351	-52.351	-52.351	-52.351	-52.351	
8	-48.985	-48.985	-48.985	-48.985	-48.985	-48.985	-48.985	-48.985	-48.985	
9	-45.399	-45.399	-45.399	-45.399	-45.399	-45.399	-45.399	-45.399	-45.399	
10	-46.884	-46.884	-46.884	-46.884	-46.884	-46.884	-46.884	-46.884	-46.884	
11	-50.0754	-50.0754	-50.0754	-50.0754	-50.0754	-50.0754	-50.0754	-50.0754	-50.0754	
12	-53.2667	-53.2667	-53.2667	-53.2667	-53.2667	-53.2667	-53.2667	-53.2667	-53.2667	
13	-56.4581	-56.4581	-56.4581	-56.4581	-56.4581	-56.4581	-56.4581	-56.4581	-56.4581	
14	-59.6495	-59.6495	-59.6495	-59.6495	-59.6495	-59.6495	-59.6495	-59.6495	-59.6495	
15	-62.8408	-62.8408	-62.8408	-62.8408	-62.8408	-62.8408	-62.8408	-62.8408	-62.8408	
16	-66.0322	-66.0322	-66.0322	-66.0322	-66.0322	-66.0322	-66.0322	-66.0322	-66.0322	
17	-69.2235	-69.2235	-69.2235	-69.2235	-69.2235	-69.2235	-69.2235	-69.2235	-69.2235	
18	-72.4149	-72.4149	-72.4149	-72.4149	-72.4149	-72.4149	-72.4149	-72.4149	-72.4149	
19	-75.6063	-75.6063	-75.6063	-75.6063	-75.6063	-75.6063	-75.6063	-75.6063	-75.6063	
20	-78.7976	-78.7976	-78.7976	-78.7976	-78.7976	-78.7976	-78.7976	-78.7976	-78.7976	
21	-81.989	-81.989	-81.989	-81.989	-81.989	-81.989	-81.989	-81.989	-81.989	
22	-27.239	-27.239	-27.239	-27.239	-27.239	-27.239	-27.239	-27.239	-27.239	
23	-43.5432	-43.5432	-43.5432	-43.5432	-43.5432	-43.5432	-43.5432	-43.5432	-43.5432	
24	-59.8473	-59.8473	-59.8473	-59.8473	-59.8473	-59.8473	-59.8473	-59.8473	-59.8473	
25	-76.1515	-76.1515	-76.1515	-76.1515	-76.1515	-76.1515	-76.1515	-76.1515	-76.1515	
26	-92.4557	-92.4557	-92.4557	-92.4557	-92.4557	-92.4557	-92.4557	-92.4557	-92.4557	
27	-108.76	-108.76	-108.76	-108.76	-108.76	-108.76	-108.76	-108.76	-108.76	
28	-125.064	-125.064	-125.064	-125.064	-125.064	-125.064	-125.064	-125.064	-125.064	
29	-104.493	-104.493	-104.493	-104.493	-104.493	-104.493	-104.493	-104.493	-104.493	
30	-65.293	-65.293	-65.293	-65.293	-65.293	-65.293	-65.293	-65.293	-65.293	
31	-64.092	-64.092	-64.092	-64.092	-64.092	-64.092	-64.092	-64.092	-64.092	
32	-98.958	-98.958	-98.958	-98.958	-98.958	-98.958	-98.958	-98.958	-98.958	
33	-68.016	-68.016	-68.016	-68.016	-68.016	-68.016	-68.016	-68.016	-68.016	
34	-52.394	-52.394	-52.394	-52.394	-52.394	-52.394	-52.394	-52.394	-52.394	
35	-43.69	-43.69	-43.69	-43.69	-43.69	-43.69	-43.69	-43.69	-43.69	
36	-45.576	-45.576	-45.576	-45.576	-45.576	-45.576	-45.576	-45.576	-45.576	
37	-43.757	-43.757	-43.757	-43.757	-43.757	-43.757	-43.757	-43.757	-43.757	
38	-41.938	-41.938	-41.938	-41.938	-41.938	-41.938	-41.938	-41.938	-41.938	
39	-40.119	-40.119	-40.119	-40.119	-40.119	-40.119	-40.119	-40.119	-40.119	
40	-38.3	-38.3	-38.3	-38.3	-38.3	-38.3	-38.3	-38.3	-38.3	
41	-56.333	-56.333	-56.333	-56.333	-56.333	-56.333	-56.333	-56.333	-56.333	
42	-45.576	-45.576	-45.576	-45.576	-45.576	-45.576	-45.576	-45.576	-45.576	
43	-41.153	-41.153	-41.153	-41.153	-41.153	-41.153	-41.153	-41.153	-41.153	
44	-36.73	-36.73	-36.73	-36.73	-36.73	-36.73	-36.73	-36.73	-36.73	
45	-32.307	-32.307	-32.307	-32.307	-32.307	-32.307	-32.307	-32.307	-32.307	
46	-43.9345	-43.9345	-43.9345	-43.9345	-43.9345	-43.9345	-43.9345	-43.9345	-43.9345	
47	-55.562	-55.562	-55.562	-55.562	-55.562	-55.562	-55.562	-55.562	-55.562	
48	-58.831	-58.831	-58.831	-58.831	-58.831	-58.831	-58.831	-58.831	-58.831	
49	-62.1	-62.1	-62.1	-62.1	-62.1	-62.1	-62.1	-62.1	-62.1	
50	-60.792	-60.792	-60.792	-60.792	-60.792	-60.792	-60.792	-60.792	-60.792	
51	-59.484	-59.484	-59.484	-59.484	-59.484	-59.484	-59.484	-59.484	-59.484	
52	-12.87	-12.87	-12.87	-12.87	-12.87	-12.87	-12.87	-12.87	-12.87	
53	-75.363	-75.363	-75.363	-75.363	-75.363	-75.363	-75.363	-75.363	-75.363	
54	-53.462	-53.462	-53.462	-53.462	-53.462	-53.462	-53.462	-53.462	-53.462	
55	-44.199	-44.199	-44.199	-44.199	-44.199	-44.199	-44.199	-44.199	-44.199	
56	-75.5255	-75.5255	-75.5255	-75.5255	-75.5255	-75.5255	-75.5255	-75.5255	-75.5255	
57	-106.852	-106.852	-106.852	-106.852	-106.852	-106.852	-106.852	-106.852	-106.852	
58	-68.263	-68.263	-68.263	-68.263	-68.263	-68.263	-68.263	-68.263	-68.263	
59	-60.936	-60.936	-60.936	-60.936	-60.936	-60.936	-60.936	-60.936	-60.936	
60	-53.609	-53.609	-53.609	-53.609	-53.609	-53.609	-53.609	-53.609	-53.609	
61	-53.558	-53.558	-53.558	-53.558	-53.558	-53.558	-53.558	-53.558	-53.558	
62	-64.519	-64.519	-64.519	-64.519	-64.519	-64.519	-64.519	-64.519	-64.519	
63	-75.48	-75.48	-75.48	-75.48	-75.48	-75.48	-75.48	-75.48	-75.48	
64	-41.767	-41.767	-41.767	-41.767	-41.767	-41.767	-41.767	-41.767	-41.767	
65	-65.8	-65.8	-65.8	-65.8	-65.8	-65.8	-65.8	-65.8	-65.8	
66	-89.833	-89.833	-89.833	-89.833	-89.833	-89.833	-89.833	-89.833	-89.833	
67	-105.431	-105.431	-105.431	-105.431	-105.431	-105.431	-105.431	-105.431	-105.431	
68	-77.597	-77.597	-77.597	-77.597	-77.597	-77.597	-77.597	-77.597	-77.597	
69	-49.763	-49.763	-49.763	-49.763	-49.763	-49.763	-49.763	-49.763	-49.763	
70	-60.764	-60.764	-60.764	-60.764	-60.764	-60.764	-60.764	-60.764	-60.764	
71	-33.745	-33.745	-33.745	-33.745	-33.745	-33.745	-33.745	-33.745	-33.745	
72	-26.687	-26.687	-26.687	-26.687	-26.687	-26.687	-26.687	-26.687	-26.687	
73	-27.17	-27.17	-27.17	-27.17	-27.17	-27.17	-27.17	-27.17	-27.17	
74	-25.021	-25.021	-25.021	-25.021	-25.021	-25.021	-25.021	-25.021	-25.021	
75	-22.872	-22.872	-22.872	-22.872	-22.872	-22.872	-22.872	-22.872	-22.872	
76	-20.723	-20.723	-20.723	-20.723	-20.723	-20.723	-20.723	-20.723	-20.723	
77	-18.574	-18.574	-18.574	-18.574	-18.574	-18.574	-18.574	-18.574	-18.574	
78	-22.088	-22.088	-22.088	-22.088	-22.088	-22.088	-22.088	-22.088	-22.088	
79	-25.602	-25.602	-25.602	-25.602	-25.602	-25.602	-25.602	-25.602	-25.602	
80	-29.116	-29.116	-29.116	-29.116	-29.116	-29.116	-29.116	-29.116	-29.116	
81	-32.63	-32.63	-32.63	-32.63	-32.63	-32.63	-32.63	-32.63	-32.63	
82	-36.144	-36.144	-36.144	-36.144	-36.144	-36.144	-36.144	-36.144	-36.144	
83	-39.658	-39.658	-39.658	-39.658	-39.658	-39.658	-39.658	-39.658	-39.658	
84	-43.172	-43.172	-43.172	-43.172	-43.172	-43.172	-43.172	-43.172	-43.172	
85	-41.5118	-41.5118	-41.5118	-41.5118	-41.5118	-41.5118	-41.5118	-41.5118	-41.5118	
86	-39.8516	-39.8516	-39.8516	-39.8516	-39.8516	-39.8516	-39.8516	-39.8516	-39.8516	
87	-38.1914	-38.1914	-38.1914	-38.1914	-38.1914	-38.1914	-38.1914	-38.1914	-38.1914	
88	-36.5312	-36.5312	-36.5312	-36.5312	-36.5312	-36.5312	-36.5312	-36.5312	-36.5312	
89	-34.871	-34.871	-34.871	-34.871	-34.871	-34.871	-34.871	-34.871	-34.871	
90	-33.5523	-33.5523	-33.5523	-33.5523	-33.5523	-33.5523	-33.5523	-33.5523	-33.5523	
91	-32.2337	-32.2337	-32.2337	-32.2337	-32.2337	-32.2337	-32.2337	-32.2337	-32.2337	
92	-30.915	-30.915	-30.915	-30.915	-30.915	-30.915	-30.915	-30.915	-30.915	
93	-29.5963	-29.5963	-29.5963	-29.5963	-29.5963	-29.5963	-29.5963	-29.5963	-29.5963	
94	-28.2777	-28.2777	-28.2777	-28.2777	-28.2777	-28.2777	-28.2777	-28.2777	-28.2777	
95	-26.959	-26.959	-26.959	-26.959	-26.959	-26.959	-26.959	-26.959	-26.959	
96	-25.6403	-25.6403	-25.6403	-25.6403	-25.6403	-25.6403	-25.6403	-25.6403	-25.6403	
97	-24.3217	-24.3217	-24.3217	-24.3217	-24.3217	-24.3217	-24.3217	-24.3217	-24.3217	
98	-23.003	-23.003	-23.003	-23.003	-23.003	-23.003	-23.003	-23.003	-23.003	
99	-21.6843	-21.6843	-21.6843	-21.6843	-21.6843	-21.6843	-21.6843	-21.6843	-21.6843	
100	-20.3657	-20.3657	-20.3657	-20.3657	-20.3657	-20.3657	-20.3657	-20.3657	-20.3657	
101	-19.047	-19.047	-19.047	-19.047	-19.047	-19.047	-19.047	-19.047	-19.047	
102	-17.7283	-17.7283	-17.7283	-17.7283	-17.7283	-17.7283	-17.7283	-17.7283	-17.7283	
103	-16.4097	-16.4097	-16.4097	-16.4097	-16.4097	-16.4097	-16.4097	-16.4097	-16.4097	
104	-15.091	-15.091	-15.091	-15.091	-15.091	-15.091	-15.091	-15.091	-15.091	
105	-13.031	-13.031	-13.031	-13.031	-13.031	-13.031	-13.031	-13.031	-13.031	
106	-13.8703	-13.8703	-13.8703	-13.8703	-13.8703	-13.8703	-13.8703	-13.8703	-13.8703	
107	-14.7096	-14.7096	-14.7096	-14.7096	-14.7096	-14.7096	-14.7096	-14.7096	-14.7096	
108	-15.5489	-15.5489	-15.5489	-15.5489	-15.5489	-15.5489	-15.5489	-15.5489	-15.5489	
109	-16.3881	-16.3881	-16.3881	-16.3881	-16.3881	-16.3881	-16.3881	-16.3881	-16.3881	
110	-17.2274	-17.2274	-17.2274	-17.2274	-17.2274	-17.2274	-17.2274	-17.2274	-17.2274	
111	-18.0667	-18.0667	-18.0667	-18.0667	-18.0667	-18.0667	-18.0667	-18.0667	-18.0667	
112	-18.906	-18.906	-18.906	-18.906	-18.906	-18.906	-18.906	-18.906	-18.906	
113	-19.7453	-19.7453	-19.7453	-19.7453	-19.7453	-19.7453	-19.7453	-19.7453	-19.7453	
114	-20.5846	-20.5846	-20.5846	-20.5846	-20.5846	-20.5846	-20.5846	-20.5846	-20.5846	
115	-21.4239	-21.4239	-21.4239	-21.4239	-21.4239	-21.4239	-21.4239	-21.4239	-21.4239	
116	-22.2631	-22.2631	-22.2631	-22.2631	-22.2631	-22.2631	-22.2631	-22.2631	-22.2631	
117	-23.1024	-23.1024	-23.1024	-23.1024	-23.1024	-23.1024	-23.1024	-23.1024	-23.1024	
118	-23.9417	-23.9417	-23.9417	-23.9417	-23.9417	-23.9417	-23.9417	-23.9417	-23.9417	
119	-24.781	-24.781	-24.781	-24.781	-24.781	-24.781	-24.781	-24.781	-24.781	
120	-49.707	-49.707	-49.707	-49.707	-49.707	-49.707	-49.707	-49.707	-49.707	
121	-51.5667	-51.5667	-51.5667	-51.5667	-51.5667	-51.5667	-51.5667	-51.5667	-51.5667	
122	-53.4263	-53.4263	-53.4263	-53.4263	-53.4263	-53.4263	-53.4263	-53.4263	-53.4263	
123	-55.286	-55.286	-55.286	-55.286	-55.286	-55.286	-55.286	-55.286	-55.286	
124	-53.322	-53.322	-53.322	-53.322	-53.322	-53.322	-53.322	-53.322	-53.322	
125	-51.358	-51.358	-51.358	-51.358	-51.358	-51.358	-51.358	-51.358	-51.358	
126	-59.66	-59.66	-59.66	-59.66	-59.66	-59.66	-59.66	-59.66	-59.66	
127	-57.8635	-57.8635	-57.8635	-57.8635	-57.8635	-57.8635	-57.8635	-57.8635	-57.8635	
128	-56.067	-56.067	-56.067	-56.067	-56.067	-56.067	-56.067	-56.067	-56.067	
129	-54.2705	-54.2705	-54.2705	-54.2705	-54.2705	-54.2705	-54.2705	-54.2705	-54.2705	
130	-52.474	-52.474	-52.474	-52.474	-52.474	-52.474	-52.474	-52.474	-52.474	
131	-50.6775	-50.6775	-50.6775	-50.6775	-50.6775	-50.6775	-50.6775	-50.6775	-50.6775	
132	-48.881	-48.881	-48.881	-48.881	-48.881	-48.881	-48.881	-48.881	-48.881	
133	-30.964	-30.964	-30.964	-30.964	-30.964	-30.964	-30.964	-30.964	-30.964	
134	-29.7985	-29.7985	-29.7985	-29.7985	-29.7985	-29.7985	-29.7985	-29.7985	-29.7985	
135	-28.633	-28.633	-28.633	-28.633	-28.633	-28.633	-28.633	-28.633	-28.633	
136	-27.4675	-27.4675	-27.4675	-27.4675	-27.4675	-27.4675	-27.4675	-27.4675	-27.4675	
137	-26.302	-26.302	-26.302	-26.302	-26.302	-26.302	-26.302	-26.302	-26.302	
138	-25.1365	-25.1365	-25.1365	-25.1365	-25.1365	-25.1365	-25.1365	-25.1365	-25.1365	
139	-23.971	-23.971	-23.971	-23.971	-23.971	-23.971	-23.971	-23.971	-23.971	
140	-22.8055	-22.8055	-22.8055	-22.8055	-22.8055	-22.8055	-22.8055	-22.8055	-22.8055	
141	-21.64	-21.64	-21.64	-21.64	-21.64	-21.64	-21.64	-21.64	-21.64	
142	-20.4745	-20.4745	-20.4745	-20.4745	-20.4745	-20.4745	-20.4745	-20.4745	-20.4745	
143	-19.309	-19.309	-19.309	-19.309	-19.309	-19.309	-19.309	-19.309	-19.309	
144	-35.287	-35.287	-35.287	-35.287	-35.287	-35.287	-35.287	-35.287	-35.287	
145	-35.429	-35.429	-35.429	-35.429	-35.429	-35.429	-35.429	-35.429	-35.429	
146	-33.519	-33.519	-33.519	-33.519	-33.519	-33.519	-33.519	-33.519	-33.519	
147	-48.511	-48.511	-48.511	-48.511	-48.511	-48.511	-48.511	-48.511	-48.511	
148	-45.6084	-45.6084	-45.6084	-45.6084	-45.6084	-45.6084	-45.6084	-45.6084	-45.6084	
149	-42.7058	-42.7058	-42.7058	-42.7058	-42.7058	-42.7058	-42.7058	-42.7058	-42.7058	
150	-39.8032	-39.8032	-39.8032	-39.8032	-39.8032	-39.8032	-39.8032	-39.8032	-39.8032	
151	-36.9006	-36.9006	-36.9006	-36.9006	-36.9006	-36.9006	-36.9006	-36.9006	-36.9006	
152	-33.998	-33.998	-33.998	-33.998	-33.998	-33.998	-33.998	-33.998	-33.998	
153	-31.0954	-31.0954	-31.0954	-31.0954	-31.0954	-31.0954	-31.0954	-31.0954	-31.0954	
154	-28.1928	-28.1928	-28.1928	-28.1928	-28.1928	-28.1928	-28.1928	-28.1928	-28.1928	
155	-25.2902	-25.2902	-25.2902	-25.2902	-25.2902	-25.2902	-25.2902	-25.2902	-25.2902	
156	-22.3876	-22.3876	-22.3876	-22.3876	-22.3876	-22.3876	-22.3876	-22.3876	-22.3876	
157	-19.485	-19.485	-19.485	-19.485	-19.485	-19.485	-19.485	-19.485	-19.485	
158	-25.9815	-25.9815	-25.9815	-25.9815	-25.9815	-25.9815	-25.9815	-25.9815	-25.9815	
159	-32.478	-32.478	-32.478	-32.478	-32.478	-32.478	-32.478	-32.478	-32.478	
160	-23.527	-23.527	-23.527	-23.527	-23.527	-23.527	-23.527	-23.527	-23.527	
161	-24.978	-24.978	-24.978	-24.978	-24.978	-24.978	-24.978	-24.978	-24.978	
162	-24.642	-24.642	-24.642	-24.642	-24.642	-24.642	-24.642	-24.642	-24.642	
163	-24.306	-24.306	-24.306	-24.306	-24.306	-24.306	-24.306	-24.306	-24.306	
164	-16.974	-16.974	-16.974	-16.974	-16.974	-16.974	-16.974	-16.974	-16.974	
165	-9.642	-9.642	-9.642	-9.642	-9.642	-9.642	-9.642	-9.642	-9.642	
166	-18.6163	-18.6163	-18.6163	-18.6163	-18.6163	-18.6163	-18.6163	-18.6163	-18.6163	
167	-27.5907	-27.5907	-27.5907	-27.5907	-27.5907	-27.5907	-27.5907	-27.5907	-27.5907	
168	-36.565	-36.565	-36.565	-36.565	-36.565	-36.565	-36.565	-36.565	-36.565	
169	-35.8729	-35.8729	-35.8729	-35.8729	-35.8729	-35.8729	-35.8729	-35.8729	-35.8729	
170	-35.1808	-35.1808	-35.1808	-35.1808	-35.1808	-35.1808	-35.1808	-35.1808	-35.1808	
171	-34.4888	-34.4888	-34.4888	-34.4888	-34.4888	-34.4888	-34.4888	-34.4888	-34.4888	
172	-33.7967	-33.7967	-33.7967	-33.7967	-33.7967	-33.7967	-33.7967	-33.7967	-33.7967	
173	-33.1046	-33.1046	-33.1046	-33.1046	-33.1046	-33.1046	-33.1046	-33.1046	-33.1046	
174	-32.4125	-32.4125	-32.4125	-32.4125	-32.4125	-32.4125	-32.4125	-32.4125	-32.4125	
175	-31.7205	-31.7205	-31.7205	-31.7205	-31.7205	-31.7205	-31.7205	-31.7205	-31.7205	
176	-31.0284	-31.0284	-31.0284	-31.0284	-31.0284	-31.0284	-31.0284	-31.0284	-31.0284	
177	-30.3363	-30.3363	-30.3363	-30.3363	-30.3363	-30.3363	-30.3363	-30.3363	-30.3363	
178	-29.6442	-29.6442	-29.6442	-29.6442	-29.6442	-29.6442	-29.6442	-29.6442	-29.6442	
179	-28.9522	-28.9522	-28.9522	-28.9522	-28.9522	-28.9522	-28.9522	-28.9522	-28.9522	
180	-28.2601	-28.2601	-28.2601	-28.2601	-28.2601	-28.2601	-28.2601	-28.2601	-28.2601	
181	-27.568	-27.568	-27.568	-27.568	-27.568	-27.568	-27.568	-27.568	-27.568	
182	-26.96	-26.96	-26.96	-26.96	-26.96	-26.96	-26.96	-26.96	-26.96	
183	-29.364	-29.364	-29.364	-29.364	-29.364	-29.364	-29.364	-29.364	-29.364	
184	-31.768	-31.768	-31.768	-31.768	-31.768	-31.768	-31.768	-31.768	-31.768	
185	-34.172	-34.172	-34.172	-34.172	-34.172	-34.172	-34.172	-34.172	-34.172	
186	-36.576	-36.576	-36.576	-36.576	-36.576	-36.576	-36.576	-36.576	-36.576	
187	-38.98	-38.98	-38.98	-38.98	-38.98	-38.98	-38.98	-38.98	-38.98	
188	-26.085	-26.085	-26.085	-26.085	-26.085	-26.085	-26.085	-26.085	-26.085	
189	-32.4323	-32.4323	-32.4323	-32.4323	-32.4323	-32.4323	-32.4323	-32.4323	-32.4323	
190	-38.7797	-38.7797	-38.7797	-38.7797	-38.7797	-38.7797	-38.7797	-38.7797	-38.7797	
191	-45.127	-45.127	-45.127	-45.127	-45.127	-45.127	-45.127	-45.127	-45.127	
192	-16.294	-16.294	-16.294	-16.294	-16.294	-16.294	-16.294	-16.294	-16.294	
193	-15.1962	-15.1962	-15.1962	-15.1962	-15.1962	-15.1962	-15.1962	-15.1962	-15.1962	
194	-14.0985	-14.0985	-14.0985	-14.0985	-14.0985	-14.0985	-14.0985	-14.0985	-14.0985	
195	-13.0007	-13.0007	-13.0007	-13.0007	-13.0007	-13.0007	-13.0007	-13.0007	-13.0007	
196	-11.903	-11.903	-11.903	-11.903	-11.903	-11.903	-11.903	-11.903	-11.903	
197	-56.497	-56.497	-56.497	-56.497	-56.497	-56.497	-56.497	-56.497	-56.497	
198	-72.529	-72.529	-72.529	-72.529	-72.529	-72.529	-72.529	-72.529	-72.529	
199	-62.3083	-62.3083	-62.3083	-62.3083	-62.3083	-62.3083	-62.3083	-62.3083	-62.3083	
200	-52.0877	-52.0877	-52.0877	-52.0877	-52.0877	-52.0877	-52.0877	-52.0877	-52.0877	
201	-41.867	-41.867	-41.867	-41.867	-41.867	-41.867	-41.867	-41.867	-41.867	
202	-41.581	-41.581	-41.581	-41.581	-41.581	-41.581	-41.581	-41.581	-41.581	
203	-41.295	-41.295	-41.295	-41.295	-41.295	-41.295	-41.295	-41.295	-41.295	
204	-41.009	-41.009	-41.009	-41.009	-41.009	-41.009	-41.009	-41.009	-41.009	
205	-40.723	-40.723	-40.723	-40.723	-40.723	-40.723	-40.723	-40.723	-40.723	
206	-39.539	-39.539	-39.539	-39.539	-39.539	-39.539	-39.539	-39.539	-39.539	
207	-38.355	-38.355	-38.355	-38.355	-38.355	-38.355	-38.355	-38.355	-38.355	
208	-37.171	-37.171	-37.171	-37.171	-37.171	-37.171	-37.171	-37.171	-37.171	
209	-38.842	-38.842	-38.842	-38.842	-38.842	-38.842	-38.842	-38.842	-38.842	
210	-34.5478	-34.5478	-34.5478	-34.5478	-34.5478	-34.5478	-34.5478	-34.5478	-34.5478	
211	-30.2537	-30.2537	-30.2537	-30.2537	-30.2537	-30.2537	-30.2537	-30.2537	-30.2537	
212	-25.9595	-25.9595	-25.9595	-25.9595	-25.9595	-25.9595	-25.9595	-25.9595	-25.9595	
213	-21.6653	-21.6653	-21.6653	-21.6653	-21.6653	-21.6653	-21.6653	-21.6653	-21.6653	
214	-17.3712	-17.3712	-17.3712	-17.3712	-17.3712	-17.3712	-17.3712	-17.3712	-17.3712	
215	-13.077	-13.077	-13.077	-13.077	-13.077	-13.077	-13.077	-13.077	-13.077	
216	-14.579	-14.579	-14.579	-14.579	-14.579	-14.579	-14.579	-14.579	-14.579	
217	-13.708	-13.708	-13.708	-13.708	-13.708	-13.708	-13.708	-13.708	-13.708	
218	-15.5762	-15.5762	-15.5762	-15.5762	-15.5762	-15.5762	-15.5762	-15.5762	-15.5762	
219	-17.4444	-17.4444	-17.4444	-17.4444	-17.4444	-17.4444	-17.4444	-17.4444	-17.4444	
220	-19.3126	-19.3126	-19.3126	-19.3126	-19.3126	-19.3126	-19.3126	-19.3126	-19.3126	
221	-21.1808	-21.1808	-21.1808	-21.1808	-21.1808	-21.1808	-21.1808	-21.1808	-21.1808	
222	-23.049	-23.049	-23.049	-23.049	-23.049	-23.049	-23.049	-23.049	-23.049	
223	-18.874	-18.874	-18.874	-18.874	-18.874	-18.874	-18.874	-18.874	-18.874	
224	-15.9202	-15.9202	-15.9202	-15.9202	-15.9202	-15.9202	-15.9202	-15.9202	-15.9202	
225	-12.9665	-12.9665	-12.9665	-12.9665	-12.9665	-12.9665	-12.9665	-12.9665	-12.9665	
226	-10.0127	-10.0127	-10.0127	-10.0127	-10.0127	-10.0127	-10.0127	-10.0127	-10.0127	
227	-7.059	-7.059	-7.059	-7.059	-7.059	-7.059	-7.059	-7.059	-7.059	
228	-13.208	-13.208	-13.208	-13.208	-13.208	-13.208	-13.208	-13.208	-13.208	
229	-19.357	-19.357	-19.357	-19.357	-19.357	-19.357	-19.357	-19.357	-19.357	
230	-25.506	-25.506	-25.506	-25.506	-25.506	-25.506	-25.506	-25.506	-25.506	
231	-31.655	-31.655	-31.655	-31.655	-31.655	-31.655	-31.655	-31.655	-31.655	
232	-41.523	-41.523	-41.523	-41.523	-41.523	-41.523	-41.523	-41.523	-41.523	
233	-34.2767	-34.2767	-34.2767	-34.2767	-34.2767	-34.2767	-34.2767	-34.2767	-34.2767	
234	-27.0303	-27.0303	-27.0303	-27.0303	-27.0303	-27.0303	-27.0303	-27.0303	-27.0303	
235	-19.784	-19.784	-19.784	-19.784	-19.784	-19.784	-19.784	-19.784	-19.784	
236	-19.4067	-19.4067	-19.4067	-19.4067	-19.4067	-19.4067	-19.4067	-19.4067	-19.4067	
237	-19.0293	-19.0293	-19.0293	-19.0293	-19.0293	-19.0293	-19.0293	-19.0293	-19.0293	
238	-18.652	-18.652	-18.652	-18.652	-18.652	-18.652	-18.652	-18.652	-18.652	
239	-73.144	-73.144	-73.144	-73.144	-73.144	-73.144	-73.144	-73.144	-73.144	
240	-46.21	-46.21	-46.21	-46.21	-46.21	-46.21	-46.21	-46.21	-46.21	
241	-44.721	-44.721	-44.721	-44.721	-44.721	-44.721	-44.721	-44.721	-44.721	
242	-27.622	-27.622	-27.622	-27.622	-27.622	-27.622	-27.622	-27.622	-27.622	
243	-40.499	-40.499	-40.499	-40.499	-40.499	-40.499	-40.499	-40.499	-40.499	
244	-60.82	-60.82	-60.82	-60.82	-60.82	-60.82	-60.82	-60.82	-60.82	
245	-41.441	-41.441	-41.441	-41.441	-41.441	-41.441	-41.441	-41.441	-41.441	
246	-74.202	-74.202	-74.202	-74.202	-74.202	-74.202	-74.202	-74.202	-74.202	
247	-73.876	-73.876	-73.876	-73.876	-73.876	-73.876	-73.876	-73.876	-73.876	
248	-29.17	-29.17	-29.17	-29.17	-29.17	-29.17	-29.17	-29.17	-29.17	
249	-11.138	-11.138	-11.138	-11.138	-11.138	-11.138	-11.138	-11.138	-11.138	
250	-14.8564	-14.8564	-14.8564	-14.8564	-14.8564	-14.8564	-14.8564	-14.8564	-14.8564	
251	-18.5748	-18.5748	-18.5748	-18.5748	-18.5748	-18.5748	-18.5748	-18.5748	-18.5748	
252	-22.2932	-22.2932	-22.2932	-22.2932	-22.2932	-22.2932	-22.2932	-22.2932	-22.2932	
253	-26.0116	-26.0116	-26.0116	-26.0116	-26.0116	-26.0116	-26.0116	-26.0116	-26.0116	
254	-29.73	-29.73	-29.73	-29.73	-29.73	-29.73	-29.73	-29.73	-29.73	
255	-33.4484	-33.4484	-33.4484	-33.4484	-33.4484	-33.4484	-33.4484	-33.4484	-33.4484	
256	-37.1668	-37.1668	-37.1668	-37.1668	-37.1668	-37.1668	-37.1668	-37.1668	-37.1668	
257	-40.8852	-40.8852	-40.8852	-40.8852	-40.8852	-40.8852	-40.8852	-40.8852	-40.8852	
258	-44.6036	-44.6036	-44.6036	-44.6036	-44.6036	-44.6036	-44.6036	-44.6036	-44.6036	
259	-48.322	-48.322	-48.322	-48.322	-48.322	-48.322	-48.322	-48.322	-48.322	
260	-52.0404	-52.0404	-52.0404	-52.0404	-52.0404	-52.0404	-52.0404	-52.0404	-52.0404	
261	-55.7588	-55.7588	-55.7588	-55.7588	-55.7588	-55.7588	-55.7588	-55.7588	-55.7588	
262	-59.4772	-59.4772	-59.4772	-59.4772	-59.4772	-59.4772	-59.4772	-59.4772	-59.4772	
263	-63.1956	-63.1956	-63.1956	-63.1956	-63.1956	-63.1956	-63.1956	-63.1956	-63.1956	
264	-66.914	-66.914	-66.914	-66.914	-66.914	-66.914	-66.914	-66.914	-66.914	
265	-70.6324	-70.6324	-70.6324	-70.6324	-70.6324	-70.6324	-70.6324	-70.6324	-70.6324	
266	-74.3508	-74.3508	-74.3508	-74.3508	-74.3508	-74.3508	-74.3508	-74.3508	-74.3508	
267	-78.0692	-78.0692	-78.0692	-78.0692	-78.0692	-78.0692	-78.0692	-78.0692	-78.0692	
268	-81.7876	-81.7876	-81.7876	-81.7876	-81.7876	-81.7876	-81.7876	-81.7876	-81.7876	
269	-85.506	-85.506	-85.506	-85.506	-85.506	-85.506	-85.506	-85.506	-85.506	
270	-71.059	-71.059	-71.059	-71.059	-71.059	-71.059	-71.059	-71.059	-71.059	
271	-69.7805	-69.7805	-69.7805	-69.7805	-69.7805	-69.7805	-69.7805	-69.7805	-69.7805	
272	-68.502	-68.502	-68.502	-68.502	-68.502	-68.502	-68.502	-68.502	-68.502	
273	-62.206	-62.206	-62.206	-62.206	-62.206	-62.206	-62.206	-62.206	-62.206	
274	-55.91	-55.91	-55.91	-55.91	-55.91	-55.91	-55.91	-55.91	-55.91	
275	-49.614	-49.614	-49.614	-49.614	-49.614	-49.614	-49.614	-49.614	-49.614	
276	-43.318	-43.318	-43.318	-43.318	-43.318	-43.318	-43.318	-43.318	-43.318	
277	-40.521	-40.521	-40.521	-40.521	-40.521	-40.521	-40.521	-40.521	-40.521	
278	-50.155	-50.155	-50.155	-50.155	-50.155	-50.155	-50.155	-50.155	-50.155	
279	-36.15	-36.15	-36.15	-36.15	-36.15	-36.15	-36.15	-36.15	-36.15	
280	-45.5755	-45.5755	-45.5755	-45.5755	-45.5755	-45.5755	-45.5755	-45.5755	-45.5755	
281	-55.001	-55.001	-55.001	-55.001	-55.001	-55.001	-55.001	-55.001	-55.001	
282	-21.402	-21.402	-21.402	-21.402	-21.402	-21.402	-21.402	-21.402	-21.402	
283	-30.778	-30.778	-30.778	-30.778	-30.778	-30.778	-30.778	-30.778	-30.778	
284	-38.38	-38.38	-38.38	-38.38	-38.38	-38.38	-38.38	-38.38	-38.38	
285	-51.3522	-51.3522	-51.3522	-51.3522	-51.3522	-51.3522	-51.3522	-51.3522	-51.3522	
286	-64.3245	-64.3245	-64.3245	-64.3245	-64.3245	-64.3245	-64.3245	-64.3245	-64.3245	
287	-77.2968	-77.2968	-77.2968	-77.2968	-77.2968	-77.2968	-77.2968	-77.2968	-77.2968	
288	-90.269	-90.269	-90.269	-90.269	-90.269	-90.269	-90.269	-90.269	-90.269	
289	-66.726	-66.726	-66.726	-66.726	-66.726	-66.726	-66.726	-66.726	-66.726	
290	-44.392	-44.392	-44.392	-44.392	-44.392	-44.392	-44.392	-44.392	-44.392	
291	-53.816	-53.816	-53.816	-53.816	-53.816	-53.816	-53.816	-53.816	-53.816	
292	-48.908	-48.908	-48.908	-48.908	-48.908	-48.908	-48.908	-48.908	-48.908	
293	-47.0877	-47.0877	-47.0877	-47.0877	-47.0877	-47.0877	-47.0877	-47.0877	-47.0877	
294	-45.2673	-45.2673	-45.2673	-45.2673	-45.2673	-45.2673	-45.2673	-45.2673	-45.2673	
295	-43.447	-43.447	-43.447	-43.447	-43.447	-43.447	-43.447	-43.447	-43.447	
296	-35.9095	-35.9095	-35.9095	-35.9095	-35.9095	-35.9095	-35.9095	-35.9095	-35.9095	
297	-28.372	-28.372	-28.372	-28.372	-28.372	-28.372	-28.372	-28.372	-28.372	
298	-32.4753	-32.4753	-32.4753	-32.4753	-32.4753	-32.4753	-32.4753	-32.4753	-32.4753	
299	-36.5785	-36.5785	-36.5785	-36.5785	-36.5785	-36.5785	-36.5785	-36.5785	-36.5785	
300	-40.6818	-40.6818	-40.6818	-40.6818	-40.6818	-40.6818	-40.6818	-40.6818	-40.6818	
301	-44.785	-44.785	-44.785	-44.785	-44.785	-44.785	-44.785	-44.785	-44.785	
302	-45.1135	-45.1135	-45.1135	-45.1135	-45.1135	-45.1135	-45.1135	-45.1135	-45.1135	
303	-45.442	-45.442	-45.442	-45.442	-45.442	-45.442	-45.442	-45.442	-45.442	
304	-43.02	-43.02	-43.02	-43.02	-43.02	-43.02	-43.02	-43.02	-43.02	
305	-11.337	-11.337	-11.337	-11.337	-11.337	-11.337	-11.337	-11.337	-11.337	
306	-16.198	-16.198	-16.198	-16.198	-16.198	-16.198	-16.198	-16.198	-16.198	
307	-33.87	-33.87	-33.87	-33.87	-33.87	-33.87	-33.87	-33.87	-33.87	
308	-28.286	-28.286	-28.286	-28.286	-28.286	-28.286	-28.286	-28.286	-28.286	
309	-29.2567	-29.2567	-29.2567	-29.2567	-29.2567	-29.2567	-29.2567	-29.2567	-29.2567	
310	-30.2274	-30.2274	-30.2274	-30.2274	-30.2274	-30.2274	-30.2274	-30.2274	-30.2274	
311	-31.1981	-31.1981	-31.1981	-31.1981	-31.1981	-31.1981	-31.1981	-31.1981	-31.1981	
312	-32.1688	-32.1688	-32.1688	-32.1688	-32.1688	-32.1688	-32.1688	-32.1688	-32.1688	
313	-33.1395	-33.1395	-33.1395	-33.1395	-33.1395	-33.1395	-33.1395	-33.1395	-33.1395	
314	-34.1102	-34.1102	-34.1102	-34.1102	-34.1102	-34.1102	-34.1102	-34.1102	-34.1102	
315	-35.0808	-35.0808	-35.0808	-35.0808	-35.0808	-35.0808	-35.0808	-35.0808	-35.0808	
316	-36.0515	-36.0515	-36.0515	-36.0515	-36.0515	-36.0515	-36.0515	-36.0515	-36.0515	
317	-37.0222	-37.0222	-37.0222	-37.0222	-37.0222	-37.0222	-37.0222	-37.0222	-37.0222	
318	-37.9929	-37.9929	-37.9929	-37.9929	-37.9929	-37.9929	-37.9929	-37.9929	-37.9929	
319	-38.9636	-38.9636	-38.9636	-38.9636	-38.9636	-38.9636	-38.9636	-38.9636	-38.9636	
320	-39.9343	-39.9343	-39.9343	-39.9343	-39.9343	-39.9343	-39.9343	-39.9343	-39.9343	
321	-40.905	-40.905	-40.905	-40.905	-40.905	-40.905	-40.905	-40.905	-40.905	
322	-24.428	-24.428	-24.428	-24.428	-24.428	-24.428	-24.428	-24.428	-24.428	
323	-20.7315	-20.7315	-20.7315	-20.7315	-20.7315	-20.7315	-20.7315	-20.7315	-20.7315	
324	-17.035	-17.035	-17.035	-17.035	-17.035	-17.035	-17.035	-17.035	-17.035	
325	-15.8853	-15.8853	-15.8853	-15.8853	-15.8853	-15.8853	-15.8853	-15.8853	-15.8853	
326	-14.7357	-14.7357	-14.7357	-14.7357	-14.7357	-14.7357	-14.7357	-14.7357	-14.7357	
327	-13.586	-13.586	-13.586	-13.586	-13.586	-13.586	-13.586	-13.586	-13.586	
328	-17.3072	-17.3072	-17.3072	-17.3072	-17.3072	-17.3072	-17.3072	-17.3072	-17.3072	
329	-21.0285	-21.0285	-21.0285	-21.0285	-21.0285	-21.0285	-21.0285	-21.0285	-21.0285	
330	-24.7498	-24.7498	-24.7498	-24.7498	-24.7498	-24.7498	-24.7498	-24.7498	-24.7498	
331	-28.471	-28.471	-28.471	-28.471	-28.471	-28.471	-28.471	-28.471	-28.471	
332	-35.6957	-35.6957	-35.6957	-35.6957	-35.6957	-35.6957	-35.6957	-35.6957	-35.6957	
333	-42.9203	-42.9203	-42.9203	-42.9203	-42.9203	-42.9203	-42.9203	-42.9203	-42.9203	
334	-50.145	-50.145	-50.145	-50.145	-50.145	-50.145	-50.145	-50.145	-50.145	
335	-50.9954	-50.9954	-50.9954	-50.9954	-50.9954	-50.9954	-50.9954	-50.9954	-50.9954	
336	-51.8458	-51.8458	-51.8458	-51.8458	-51.8458	-51.8458	-51.8458	-51.8458	-51.8458	
337	-52.6962	-52.6962	-52.6962	-52.6962	-52.6962	-52.6962	-52.6962	-52.6962	-52.6962	
338	-53.5466	-53.5466	-53.5466	-53.5466	-53.5466	-53.5466	-53.5466	-53.5466	-53.5466	
339	-54.397	-54.397	-54.397	-54.397	-54.397	-54.397	-54.397	-54.397	-54.397	
340	-55.2474	-55.2474	-55.2474	-55.2474	-55.2474	-55.2474	-55.2474	-55.2474	-55.2474	
341	-56.0978	-56.0978	-56.0978	-56.0978	-56.0978	-56.0978	-56.0978	-56.0978	-56.0978	
342	-56.9482	-56.9482	-56.9482	-56.9482	-56.9482	-56.9482	-56.9482	-56.9482	-56.9482	
343	-57.7986	-57.7986	-57.7986	-57.7986	-57.7986	-57.7986	-57.7986	-57.7986	-57.7986	
344	-58.649	-58.649	-58.649	-58.649	-58.649	-58.649	-58.649	-58.649	-58.649	
345	-61.0033	-61.0033	-61.0033	-61.0033	-61.0033	-61.0033	-61.0033	-61.0033	-61.0033	
346	-63.3575	-63.3575	-63.3575	-63.3575	-63.3575	-63.3575	-63.3575	-63.3575	-63.3575	
347	-65.7117	-65.7117	-65.7117	-65.7117	-65.7117	-65.7117	-65.7117	-65.7117	-65.7117	
348	-68.066	-68.066	-68.066	-68.066	-68.066	-68.066	-68.066	-68.066	-68.066	
349	-72.0127	-72.0127	-72.0127	-72.0127	-72.0127	-72.0127	-72.0127	-72.0127	-72.0127	
350	-75.9595	-75.9595	-75.9595	-75.9595	-75.9595	-75.9595	-75.9595	-75.9595	-75.9595	
351	-79.9062	-79.9062	-79.9062	-79.9062	-79.9062	-79.9062	-79.9062	-79.9062	-79.9062	
352	-83.853	-83.853	-83.853	-83.853	-83.853	-83.853	-83.853	-83.853	-83.853	
353	-79.387	-79.387	-79.387	-79.387	-79.387	-79.387	-79.387	-79.387	-79.387	
354	-74.921	-74.921	-74.921	-74.921	-74.921	-74.921	-74.921	-74.921	-74.921	
355	-75.817	-75.817	-75.817	-75.817	-75.817	-75.817	-75.817	-75.817	-75.817	
356	-70.154	-70.154	-70.154	-70.154	-70.154	-70.154	-70.154	-70.154	-70.154	
357	-74.206	-74.206	-74.206	-74.206	-74.206	-74.206	-74.206	-74.206	-74.206	
358	-86.299	-86.299	-86.299	-86.299	-86.299	-86.299	-86.299	-86.299	-86.299	
359	-86.301	-86.301	-86.301	-86.301	-86.301	-86.301	-86.301	-86.301	-86.301	
360	-75.935	-75.935	-75.935	-75.935	-75.935	-75.935	-75.935	-75.935	-75.935	
361	-69.6423	-69.6423	-69.6423	-69.6423	-69.6423	-69.6423	-69.6423	-69.6423	-69.6423	
362	-63.3497	-63.3497	-63.3497	-63.3497	-63.3497	-63.3497	-63.3497	-63.3497	-63.3497	
363	-57.057	-57.057	-57.057	-57.057	-57.057	-57.057	-57.057	-57.057	-57.057	
364	-88.213	-88.213	-88.213	-88.213	-88.213	-88.213	-88.213	-88.213	-88.213	
365	-90.539	-90.539	-90.539	-90.539	-90.539	-90.539	-90.539	-90.539	-90.539	
