#Output values file generated by Xhydro
10
ReportTime
point# 1
point# 2
point# 3
point# 4
point# 5
point# 6
point# 7
point# 8
point# 9
1	-60.5934	-60.5934	-60.5934	-60.5934	-60.5934	-60.5934	-60.5934	-60.5934	-60.5934	
2	-56.8427	-56.8427	-56.8427	-56.8427	-56.8427	-56.8427	-56.8427	-56.8427	-56.8427	
3	-53.092	-53.092	-53.092	-53.092	-53.092	-53.092	-53.092	-53.092	-53.092	
4	-53.092	-53.092	-53.092	-53.092	-53.092	-53.092	-53.092	-53.092	-53.092	
5	-53.092	-53.092	-53.092	-53.092	-53.092	-53.092	-53.092	-53.092	-53.092	
6	-53.092	-53.092	-53.092	-53.092	-53.092	-53.092	-53.092	-53.092	-53.092	
7	-53.092	-53.092	-53.092	-53.092	-53.092	-53.092	-53.092	-53.092	-53.092	
8	-52.8636	-52.8636	-52.8636	-52.8636	-52.8636	-52.8636	-52.8636	-52.8636	-52.8636	
9	-52.4514	-52.4514	-52.4514	-52.4514	-52.4514	-52.4514	-52.4514	-52.4514	-52.4514	
10	-52.0315	-52.0315	-52.0315	-52.0315	-52.0315	-52.0315	-52.0315	-52.0315	-52.0315	
11	-52.0315	-52.0315	-52.0315	-52.0315	-52.0315	-52.0315	-52.0315	-52.0315	-52.0315	
12	-52.0315	-52.0315	-52.0315	-52.0315	-52.0315	-52.0315	-52.0315	-52.0315	-52.0315	
13	-52.0315	-52.0315	-52.0315	-52.0315	-52.0315	-52.0315	-52.0315	-52.0315	-52.0315	
14	-39.0019	-39.0022	-39.0022	-39.0025	-39.0027	-39.0027	-39.0027	-39.0027	-39.0028	
15	-31.2999	-31.2999	-31.2999	-31.3	-31.3	-31.3	-31.3	-31.3	-31.3	
16	-31.2999	-31.2999	-31.2999	-31.3	-31.3	-31.3	-31.3	-31.3	-31.3	
17	-31.2999	-31.2999	-31.2999	-31.3	-31.3	-31.3	-31.3	-31.3	-31.3	
18	-36.6512	-36.6512	-36.6512	-36.6511	-36.6511	-36.6511	-36.6511	-36.6511	-36.6511	
19	-36.6512	-36.6512	-36.6512	-36.6511	-36.6511	-36.6511	-36.6511	-36.6511	-36.6511	
20	-36.6512	-36.6512	-36.6512	-36.6511	-36.6511	-36.6511	-36.6511	-36.6511	-36.6511	
21	-36.6512	-36.6512	-36.6512	-36.6511	-36.6511	-36.6511	-36.6511	-36.6511	-36.6511	
22	-35.5672	-35.5672	-35.5672	-35.5672	-35.5672	-35.5672	-35.5672	-35.5672	-35.5672	
23	-35.5672	-35.5672	-35.5672	-35.5672	-35.5672	-35.5672	-35.5672	-35.5672	-35.5672	
24	-35.5672	-35.5672	-35.5672	-35.5672	-35.5672	-35.5672	-35.5672	-35.5672	-35.5672	
25	-35.5672	-35.5672	-35.5672	-35.5672	-35.5672	-35.5672	-35.5672	-35.5672	-35.5672	
26	-35.5672	-35.5672	-35.5672	-35.5672	-35.5672	-35.5672	-35.5672	-35.5672	-35.5672	
27	-49.2697	-49.2696	-49.2695	-49.2694	-49.2693	-49.2693	-49.2693	-49.2693	-49.2693	
28	-84.759	-84.7587	-84.7586	-84.7581	-84.7579	-84.7578	-84.7578	-84.7578	-84.7577	
29	-81.33	-81.33	-81.33	-81.33	-81.33	-81.33	-81.33	-81.33	-81.33	
30	-64.4443	-64.4449	-64.4451	-64.446	-64.4464	-64.4465	-64.4466	-64.4466	-64.4467	
31	-46.96	-46.9603	-46.9603	-46.9607	-46.9609	-46.9609	-46.961	-46.961	-46.961	
32	-59.5075	-59.5067	-59.5065	-59.5054	-59.5049	-59.5048	-59.5047	-59.5047	-59.5045	
33	-55.8175	-55.8172	-55.8172	-55.8168	-55.8166	-55.8166	-55.8166	-55.8166	-55.8165	
34	-55.8175	-55.8172	-55.8172	-55.8168	-55.8166	-55.8166	-55.8166	-55.8166	-55.8165	
35	-55.8175	-55.8172	-55.8172	-55.8168	-55.8166	-55.8166	-55.8166	-55.8166	-55.8165	
36	-55.8175	-55.8172	-55.8172	-55.8168	-55.8166	-55.8166	-55.8166	-55.8166	-55.8165	
37	-55.8175	-55.8172	-55.8172	-55.8168	-55.8166	-55.8166	-55.8166	-55.8166	-55.8165	
38	-55.7154	-55.7152	-55.7151	-55.7147	-55.7146	-55.7145	-55.7145	-55.7145	-55.7145	
39	-55.7154	-55.7152	-55.7151	-55.7147	-55.7146	-55.7145	-55.7145	-55.7145	-55.7145	
40	-38.3	-38.3	-38.3	-38.3	-38.3	-38.3	-38.3	-38.3	-38.3	
41	-56.333	-56.333	-56.333	-56.333	-56.333	-56.333	-56.333	-56.333	-56.333	
42	-25.6622	-25.6625	-25.6627	-25.6632	-25.6634	-25.6635	-25.6635	-25.6635	-25.6636	
43	-25.6622	-25.6625	-25.6627	-25.6632	-25.6634	-25.6635	-25.6635	-25.6635	-25.6636	
44	-25.6622	-25.6625	-25.6627	-25.6632	-25.6634	-25.6635	-25.6635	-25.6635	-25.6636	
45	-27.2759	-27.2761	-27.2762	-27.2764	-27.2766	-27.2766	-27.2766	-27.2766	-27.2766	
46	-27.2759	-27.2761	-27.2762	-27.2764	-27.2766	-27.2766	-27.2766	-27.2766	-27.2766	
47	-55.562	-55.562	-55.562	-55.562	-55.562	-55.562	-55.562	-55.562	-55.562	
48	-58.831	-58.831	-58.831	-58.831	-58.831	-58.831	-58.831	-58.831	-58.831	
49	-62.1	-62.1	-62.1	-62.1	-62.1	-62.1	-62.1	-62.1	-62.1	
50	-61.1463	-61.1463	-61.1463	-61.1463	-61.1463	-61.1463	-61.1463	-61.1463	-61.1463	
51	-49.8298	-49.8301	-49.8302	-49.8307	-49.831	-49.831	-49.8311	-49.8311	-49.8311	
52	-49.8298	-49.8301	-49.8302	-49.8307	-49.831	-49.831	-49.8311	-49.8311	-49.8311	
53	-75.363	-75.363	-75.363	-75.363	-75.363	-75.363	-75.363	-75.363	-75.363	
54	-53.462	-53.462	-53.462	-53.462	-53.462	-53.462	-53.462	-53.462	-53.462	
55	-53.462	-53.462	-53.462	-53.462	-53.462	-53.462	-53.462	-53.462	-53.462	
56	-53.462	-53.462	-53.462	-53.462	-53.462	-53.462	-53.462	-53.462	-53.462	
57	-53.462	-53.462	-53.462	-53.462	-53.462	-53.462	-53.462	-53.462	-53.462	
58	-54.2306	-54.2306	-54.2306	-54.2306	-54.2306	-54.2306	-54.2306	-54.2306	-54.2306	
59	-54.2306	-54.2306	-54.2306	-54.2306	-54.2306	-54.2306	-54.2306	-54.2306	-54.2306	
60	-54.2045	-54.2045	-54.2045	-54.2045	-54.2045	-54.2045	-54.2045	-54.2045	-54.2045	
61	-54.2045	-54.2045	-54.2045	-54.2045	-54.2045	-54.2045	-54.2045	-54.2045	-54.2045	
62	-54.2045	-54.2045	-54.2045	-54.2045	-54.2045	-54.2045	-54.2045	-54.2045	-54.2045	
63	-55.4806	-55.4806	-55.4806	-55.4806	-55.4806	-55.4806	-55.4806	-55.4806	-55.4806	
64	-55.4806	-55.4806	-55.4806	-55.4806	-55.4806	-55.4806	-55.4806	-55.4806	-55.4806	
65	-55.4806	-55.4806	-55.4806	-55.4806	-55.4806	-55.4806	-55.4806	-55.4806	-55.4806	
66	-57.2653	-57.2653	-57.2653	-57.2653	-57.2653	-57.2653	-57.2653	-57.2653	-57.2653	
67	-61.4459	-61.4459	-61.4459	-61.4459	-61.4459	-61.4459	-61.4459	-61.4459	-61.4459	
68	-61.4459	-61.4459	-61.4459	-61.4459	-61.4459	-61.4459	-61.4459	-61.4459	-61.4459	
69	-61.3114	-61.3114	-61.3114	-61.3114	-61.3114	-61.3114	-61.3114	-61.3114	-61.3114	
70	-61.2466	-61.2466	-61.2466	-61.2466	-61.2466	-61.2466	-61.2466	-61.2466	-61.2466	
71	-61.2466	-61.2466	-61.2466	-61.2466	-61.2466	-61.2466	-61.2466	-61.2466	-61.2466	
72	-12.1494	-12.1501	-12.1502	-12.1512	-12.1516	-12.1516	-12.1517	-12.1517	-12.1518	
73	-15.447	-15.4473	-15.4473	-15.4477	-15.4479	-15.4479	-15.4479	-15.4479	-15.448	
74	-15.447	-15.4473	-15.4473	-15.4477	-15.4479	-15.4479	-15.4479	-15.4479	-15.448	
75	13.3911	13.3915	13.3916	13.3921	13.3923	13.3924	13.3924	13.3924	13.3925	
76	13.3911	13.3915	13.3916	13.3921	13.3923	13.3924	13.3924	13.3924	13.3925	
77	13.3911	13.3915	13.3916	13.3921	13.3923	13.3924	13.3924	13.3924	13.3925	
78	13.3911	13.3915	13.3916	13.3921	13.3923	13.3924	13.3924	13.3924	13.3925	
79	13.3911	13.3915	13.3916	13.3921	13.3923	13.3924	13.3924	13.3924	13.3925	
80	13.3911	13.3915	13.3916	13.3921	13.3923	13.3924	13.3924	13.3924	13.3925	
81	13.3911	13.3915	13.3916	13.3921	13.3923	13.3924	13.3924	13.3924	13.3925	
82	13.3911	13.3915	13.3916	13.3921	13.3923	13.3924	13.3924	13.3924	13.3925	
83	13.3911	13.3915	13.3916	13.3921	13.3923	13.3924	13.3924	13.3924	13.3925	
84	13.3911	13.3915	13.3916	13.3921	13.3923	13.3924	13.3924	13.3924	13.3925	
85	13.3911	13.3915	13.3916	13.3921	13.3923	13.3924	13.3924	13.3924	13.3925	
86	13.3911	13.3915	13.3916	13.3921	13.3923	13.3924	13.3924	13.3924	13.3925	
87	13.3911	13.3915	13.3916	13.3921	13.3923	13.3924	13.3924	13.3924	13.3925	
88	13.3911	13.3915	13.3916	13.3921	13.3923	13.3924	13.3924	13.3924	13.3925	
89	-24.5765	-24.5764	-24.5764	-24.5764	-24.5764	-24.5763	-24.5763	-24.5763	-24.5763	
90	-24.5765	-24.5764	-24.5764	-24.5764	-24.5764	-24.5763	-24.5763	-24.5763	-24.5763	
91	-24.5765	-24.5764	-24.5764	-24.5764	-24.5764	-24.5763	-24.5763	-24.5763	-24.5763	
92	-24.5765	-24.5764	-24.5764	-24.5764	-24.5764	-24.5763	-24.5763	-24.5763	-24.5763	
93	-19.8997	-19.9016	-19.8993	-19.901	-19.8986	-19.9007	-19.8999	-19.8986	-19.9006	
94	-4.0447	-4.04643	-4.04506	-4.04687	-4.04555	-4.04706	-4.04659	-4.04565	-4.04714	
95	-4.0447	-4.04643	-4.04506	-4.04687	-4.04555	-4.04706	-4.04659	-4.04565	-4.04714	
96	2.46727	2.46547	2.47235	2.47232	2.48062	2.47539	2.47722	2.48179	2.47662	
97	16.6378	16.637	16.64	16.6401	16.6437	16.6415	16.6423	16.6442	16.642	
98	16.6378	16.637	16.64	16.6401	16.6437	16.6415	16.6423	16.6442	16.642	
99	16.6378	16.637	16.64	16.6401	16.6437	16.6415	16.6423	16.6442	16.642	
100	16.6378	16.637	16.64	16.6401	16.6437	16.6415	16.6423	16.6442	16.642	
101	16.6378	16.637	16.64	16.6401	16.6437	16.6415	16.6423	16.6442	16.642	
102	16.6378	16.637	16.64	16.6401	16.6437	16.6415	16.6423	16.6442	16.642	
103	16.6378	16.637	16.64	16.6401	16.6437	16.6415	16.6423	16.6442	16.642	
104	10.7945	10.7939	10.7941	10.7935	10.7936	10.7933	10.7933	10.7935	10.7932	
105	10.7945	10.7939	10.7941	10.7935	10.7936	10.7933	10.7933	10.7935	10.7932	
106	10.7945	10.7939	10.7941	10.7935	10.7936	10.7933	10.7933	10.7935	10.7932	
107	10.7945	10.7939	10.7941	10.7935	10.7936	10.7933	10.7933	10.7935	10.7932	
108	10.7945	10.7939	10.7941	10.7935	10.7936	10.7933	10.7933	10.7935	10.7932	
109	23.2551	23.2569	23.2563	23.2584	23.2581	23.2591	23.259	23.2583	23.2594	
110	28.435	28.4368	28.4362	28.4382	28.4379	28.4389	28.4388	28.4381	28.4391	
111	28.435	28.4368	28.4362	28.4382	28.4379	28.4389	28.4388	28.4381	28.4391	
112	28.435	28.4368	28.4362	28.4382	28.4379	28.4389	28.4388	28.4381	28.4391	
113	28.435	28.4368	28.4362	28.4382	28.4379	28.4389	28.4388	28.4381	28.4391	
114	28.435	28.4368	28.4362	28.4382	28.4379	28.4389	28.4388	28.4381	28.4391	
115	28.435	28.4368	28.4362	28.4382	28.4379	28.4389	28.4388	28.4381	28.4391	
116	28.435	28.4368	28.4362	28.4382	28.4379	28.4389	28.4388	28.4381	28.4391	
117	28.435	28.4368	28.4362	28.4382	28.4379	28.4389	28.4388	28.4381	28.4391	
118	28.435	28.4368	28.4362	28.4382	28.4379	28.4389	28.4388	28.4381	28.4391	
119	4.05128	4.08166	4.05295	4.0787	4.04754	4.07736	4.07544	4.05889	4.07683	
120	-35.1084	-35.1081	-35.1084	-35.1082	-35.1085	-35.1082	-35.1082	-35.1084	-35.1082	
121	-31.0848	-31.0847	-31.0848	-31.0847	-31.0848	-31.0847	-31.0847	-31.0848	-31.0847	
122	-26.159	-26.1592	-26.1591	-26.1592	-26.1591	-26.1593	-26.1593	-26.1592	-26.1593	
123	-37.0024	-37.0028	-37.0025	-37.0028	-37.0025	-37.0029	-37.0028	-37.0027	-37.0029	
124	-31.1625	-31.1623	-31.1624	-31.1623	-31.1624	-31.1623	-31.1623	-31.1624	-31.1623	
125	-34.655	-34.6552	-34.6551	-34.6553	-34.6552	-34.6553	-34.6553	-34.6553	-34.6554	
126	-37.0549	-37.0546	-37.0548	-37.0546	-37.0547	-37.0546	-37.0546	-37.0546	-37.0545	
127	-28.8854	-28.8854	-28.8854	-28.8854	-28.8854	-28.8854	-28.8854	-28.8854	-28.8854	
128	-28.8854	-28.8854	-28.8854	-28.8854	-28.8854	-28.8854	-28.8854	-28.8854	-28.8854	
129	-22.9147	-22.9147	-22.9147	-22.9147	-22.9147	-22.9147	-22.9147	-22.9147	-22.9147	
130	-19.1041	-19.1042	-19.1041	-19.1042	-19.1041	-19.1042	-19.1042	-19.1042	-19.1042	
131	-24.4405	-24.4406	-24.4405	-24.4406	-24.4405	-24.4406	-24.4406	-24.4406	-24.4406	
132	-35.0309	-35.031	-35.0309	-35.0311	-35.0311	-35.0311	-35.0311	-35.0311	-35.0311	
133	-7.63956	-7.63993	-7.63994	-7.64041	-7.6405	-7.64063	-7.64065	-7.64063	-7.64071	
134	-2.17231	-2.17207	-2.17207	-2.17177	-2.17171	-2.17163	-2.17162	-2.17163	-2.17158	
135	0.197039	0.197265	0.19727	0.197554	0.197609	0.197684	0.197696	0.197686	0.197736	
136	4.4769	4.47725	4.47726	4.47771	4.4778	4.47792	4.47794	4.47792	4.478	
137	5.2713	5.27153	5.27153	5.27182	5.27187	5.27195	5.27196	5.27195	5.272	
138	-1.46778	-1.46714	-1.46712	-1.46632	-1.46616	-1.46595	-1.46592	-1.46594	-1.4658	
139	3.09648	3.09689	3.0969	3.09741	3.09751	3.09764	3.09766	3.09765	3.09774	
140	3.09648	3.09689	3.0969	3.09741	3.09751	3.09764	3.09766	3.09765	3.09774	
141	6.09003	6.0903	6.09031	6.09066	6.09072	6.09081	6.09083	6.09082	6.09088	
142	10.7447	10.745	10.745	10.7453	10.7454	10.7454	10.7454	10.7454	10.7455	
143	4.62044	4.62067	4.62067	4.62095	4.62101	4.62108	4.62109	4.62109	4.62113	
144	-19.1604	-19.1604	-19.1604	-19.1604	-19.1604	-19.1604	-19.1604	-19.1604	-19.1604	
145	-21.1138	-21.114	-21.1139	-21.1141	-21.114	-21.1141	-21.1141	-21.1141	-21.1141	
146	-21.2553	-21.2553	-21.2553	-21.2553	-21.2553	-21.2553	-21.2553	-21.2553	-21.2553	
147	-22.2444	-22.2441	-22.2442	-22.2439	-22.2441	-22.2438	-22.2438	-22.2439	-22.2438	
148	-16.299	-16.2988	-16.2989	-16.2987	-16.2988	-16.2986	-16.2986	-16.2986	-16.2986	
149	-17.528	-17.5278	-17.5278	-17.5277	-17.5277	-17.5276	-17.5276	-17.5276	-17.5276	
150	-10.8203	-10.8201	-10.8202	-10.8201	-10.8201	-10.82	-10.82	-10.8201	-10.82	
151	-6.26856	-6.26845	-6.26849	-6.26839	-6.26844	-6.26836	-6.26836	-6.26837	-6.26835	
152	-5.41014	-5.41008	-5.4101	-5.41004	-5.41007	-5.41003	-5.41003	-5.41004	-5.41002	
153	-1.74665	-1.74659	-1.74661	-1.74655	-1.74658	-1.74654	-1.74654	-1.74655	-1.74653	
154	1.82501	1.82507	1.82505	1.8251	1.82508	1.82512	1.82512	1.82511	1.82512	
155	5.46061	5.46067	5.46065	5.46071	5.46068	5.46072	5.46072	5.46071	5.46073	
156	1.86376	1.86384	1.86381	1.86388	1.86385	1.8639	1.8639	1.86389	1.86391	
157	-2.14748	-2.14745	-2.14746	-2.14743	-2.14745	-2.14743	-2.14742	-2.14743	-2.14742	
158	1.60769	1.60771	1.6077	1.60772	1.60771	1.60772	1.60772	1.60772	1.60772	
159	-17.4149	-17.4149	-17.4149	-17.4149	-17.4149	-17.4149	-17.4149	-17.4149	-17.4149	
160	-5.07584	-5.07584	-5.07584	-5.07584	-5.07584	-5.07584	-5.07584	-5.07584	-5.07584	
161	0.470924	0.470925	0.470925	0.470926	0.470925	0.470926	0.470926	0.470926	0.470926	
162	-1.88687	-1.88687	-1.88687	-1.88687	-1.88687	-1.88687	-1.88687	-1.88687	-1.88687	
163	-10.443	-10.443	-10.443	-10.443	-10.443	-10.443	-10.443	-10.443	-10.443	
164	-2.82232	-2.82232	-2.82232	-2.82232	-2.82232	-2.82232	-2.82232	-2.82232	-2.82232	
165	-9.642	-9.642	-9.642	-9.642	-9.642	-9.642	-9.642	-9.642	-9.642	
166	-18.6163	-18.6163	-18.6163	-18.6163	-18.6163	-18.6163	-18.6163	-18.6163	-18.6163	
167	-27.5907	-27.5907	-27.5907	-27.5907	-27.5907	-27.5907	-27.5907	-27.5907	-27.5907	
168	-36.565	-36.565	-36.565	-36.565	-36.565	-36.565	-36.565	-36.565	-36.565	
169	-35.8729	-35.8729	-35.8729	-35.8729	-35.8729	-35.8729	-35.8729	-35.8729	-35.8729	
170	-27.7653	-27.7653	-27.7653	-27.7653	-27.7653	-27.7653	-27.7653	-27.7653	-27.7653	
171	-23.8607	-23.8607	-23.8607	-23.8607	-23.8607	-23.8607	-23.8607	-23.8607	-23.8607	
172	-23.2157	-23.2157	-23.2157	-23.2157	-23.2157	-23.2157	-23.2157	-23.2157	-23.2157	
173	-23.0695	-23.0696	-23.0696	-23.0696	-23.0696	-23.0696	-23.0696	-23.0696	-23.0696	
174	-9.14998	-9.14994	-9.14995	-9.14992	-9.14995	-9.14992	-9.14992	-9.14992	-9.14991	
175	-5.39238	-5.39249	-5.39245	-5.39253	-5.39247	-5.39255	-5.39255	-5.39254	-5.39256	
176	-5.39238	-5.39249	-5.39245	-5.39253	-5.39247	-5.39255	-5.39255	-5.39254	-5.39256	
177	-5.39238	-5.39249	-5.39245	-5.39253	-5.39247	-5.39255	-5.39255	-5.39254	-5.39256	
178	-10.7478	-10.7482	-10.748	-10.7483	-10.7481	-10.7484	-10.7484	-10.7484	-10.7484	
179	-8.41472	-8.41497	-8.41487	-8.41506	-8.41491	-8.41509	-8.4151	-8.41508	-8.41511	
180	-8.41472	-8.41497	-8.41487	-8.41506	-8.41491	-8.41509	-8.4151	-8.41508	-8.41511	
181	-12.2692	-12.2693	-12.2693	-12.2693	-12.2693	-12.2693	-12.2693	-12.2693	-12.2693	
182	-3.9169	-3.91696	-3.91693	-3.91698	-3.91694	-3.91698	-3.91699	-3.91698	-3.91699	
183	-13.1192	-13.1192	-13.1192	-13.1192	-13.1192	-13.1192	-13.1192	-13.1192	-13.1192	
184	-12.8478	-12.8478	-12.8478	-12.8478	-12.8478	-12.8478	-12.8478	-12.8478	-12.8478	
185	-13.0354	-13.0354	-13.0354	-13.0354	-13.0354	-13.0354	-13.0354	-13.0354	-13.0354	
186	-9.53961	-9.53961	-9.53961	-9.53961	-9.53961	-9.53961	-9.53961	-9.53961	-9.53961	
187	-17.3201	-17.3201	-17.3201	-17.3201	-17.3201	-17.3201	-17.3201	-17.3201	-17.3201	
188	-7.54782	-7.54782	-7.54782	-7.54782	-7.54782	-7.54782	-7.54782	-7.54782	-7.54782	
189	-8.93568	-8.93568	-8.93568	-8.93568	-8.93568	-8.93568	-8.93568	-8.93568	-8.93568	
190	-8.93568	-8.93568	-8.93568	-8.93568	-8.93568	-8.93568	-8.93568	-8.93568	-8.93568	
191	-31.8965	-31.8965	-31.8965	-31.8965	-31.8965	-31.8965	-31.8965	-31.8965	-31.8965	
192	-5.03827	-5.03827	-5.03827	-5.03827	-5.03827	-5.03827	-5.03827	-5.03827	-5.03827	
193	4.35669	4.35669	4.35669	4.35669	4.35669	4.35669	4.35669	4.35669	4.35669	
194	9.54843	9.54843	9.54843	9.54843	9.54843	9.54843	9.54843	9.54843	9.54843	
195	12.2321	12.2321	12.2321	12.2321	12.2321	12.2321	12.2321	12.2321	12.2321	
196	16.6669	16.6669	16.6669	16.6669	16.6669	16.6669	16.6669	16.6669	16.6669	
197	-38.2498	-38.2498	-38.2498	-38.2498	-38.2498	-38.2498	-38.2498	-38.2498	-38.2498	
198	-53.6377	-53.6377	-53.6377	-53.6377	-53.6377	-53.6377	-53.6377	-53.6377	-53.6377	
199	-45.6393	-45.6393	-45.6393	-45.6393	-45.6393	-45.6393	-45.6393	-45.6393	-45.6393	
200	-34.5173	-34.5173	-34.5173	-34.5173	-34.5173	-34.5173	-34.5173	-34.5173	-34.5173	
201	-24.0468	-24.0468	-24.0468	-24.0468	-24.0468	-24.0468	-24.0468	-24.0468	-24.0468	
202	-24.0468	-24.0468	-24.0468	-24.0468	-24.0468	-24.0468	-24.0468	-24.0468	-24.0468	
203	-17.1714	-17.1714	-17.1714	-17.1714	-17.1714	-17.1714	-17.1714	-17.1714	-17.1714	
204	-12.8253	-12.8253	-12.8253	-12.8253	-12.8253	-12.8253	-12.8253	-12.8253	-12.8253	
205	-19.3922	-19.3922	-19.3922	-19.3922	-19.3922	-19.3922	-19.3922	-19.3922	-19.3922	
206	-13.4015	-13.4015	-13.4015	-13.4015	-13.4015	-13.4015	-13.4015	-13.4015	-13.4015	
207	-13.4015	-13.4015	-13.4015	-13.4015	-13.4015	-13.4015	-13.4015	-13.4015	-13.4015	
208	-22.8559	-22.8559	-22.8559	-22.8559	-22.8559	-22.8559	-22.8559	-22.8559	-22.8559	
209	-16.8729	-16.8729	-16.8729	-16.8729	-16.8729	-16.8729	-16.8729	-16.8729	-16.8729	
210	-9.83272	-9.83272	-9.83272	-9.83272	-9.83272	-9.83272	-9.83272	-9.83272	-9.83272	
211	-4.31747	-4.31747	-4.31747	-4.31747	-4.31747	-4.31747	-4.31747	-4.31747	-4.31747	
212	0.301903	0.301903	0.301903	0.301903	0.301903	0.301903	0.301903	0.301903	0.301903	
213	4.13936	4.13936	4.13936	4.13936	4.13936	4.13936	4.13936	4.13936	4.13936	
214	8.06356	8.06356	8.06356	8.06356	8.06356	8.06356	8.06356	8.06356	8.06356	
215	2.93926	2.93926	2.93926	2.93926	2.93926	2.93926	2.93926	2.93926	2.93926	
216	0.662932	0.662932	0.662932	0.662932	0.662932	0.662932	0.662932	0.662932	0.662932	
217	6.55566	6.55566	6.55566	6.55566	6.55566	6.55566	6.55566	6.55566	6.55566	
218	11.3417	11.3417	11.3417	11.3417	11.3417	11.3417	11.3417	11.3417	11.3417	
219	13.5125	13.5125	13.5125	13.5125	13.5125	13.5125	13.5125	13.5125	13.5125	
220	13.5125	13.5125	13.5125	13.5125	13.5125	13.5125	13.5125	13.5125	13.5125	
221	13.6245	13.5863	13.6245	13.5873	13.6245	13.5877	13.5883	13.6245	13.5879	
222	-23.049	-23.049	-23.049	-23.049	-23.049	-23.049	-23.049	-23.049	-23.049	
223	-18.874	-18.874	-18.874	-18.874	-18.874	-18.874	-18.874	-18.874	-18.874	
224	-15.9202	-15.9202	-15.9202	-15.9202	-15.9202	-15.9202	-15.9202	-15.9202	-15.9202	
225	-12.9665	-12.9665	-12.9665	-12.9665	-12.9665	-12.9665	-12.9665	-12.9665	-12.9665	
226	-10.0127	-10.0127	-10.0127	-10.0127	-10.0127	-10.0127	-10.0127	-10.0127	-10.0127	
227	5.28677	5.28677	5.28677	5.28677	5.28677	5.28677	5.28677	5.28677	5.28677	
228	0.70046	0.70046	0.70046	0.70046	0.70046	0.70046	0.70046	0.70046	0.70046	
229	8.29627	8.29627	8.29627	8.29627	8.29627	8.29627	8.29627	8.29627	8.29627	
230	8.29627	8.29627	8.29627	8.29627	8.29627	8.29627	8.29627	8.29627	8.29627	
231	-9.41343	-9.41343	-9.41343	-9.41343	-9.41343	-9.41343	-9.41343	-9.41343	-9.41343	
232	-25.9777	-25.991	-25.987	-25.9911	-25.9781	-25.9912	-25.9912	-25.991	-25.9912	
233	-11.9075	-11.8876	-11.8935	-11.8874	-11.907	-11.8874	-11.8874	-11.8876	-11.8873	
234	-1.82192	-1.8066	-1.81116	-1.80649	-1.82154	-1.80644	-1.80644	-1.80665	-1.80642	
235	-9.14014	-9.14179	-9.14123	-9.14178	-9.1402	-9.14178	-9.14178	-9.14172	-9.14178	
236	-3.44745	-3.44417	-3.44521	-3.44416	-3.44735	-3.44416	-3.44416	-3.44424	-3.44416	
237	-0.799229	-0.796544	-0.797399	-0.796539	-0.799145	-0.796537	-0.796541	-0.796603	-0.796537	
238	3.12394	3.12755	3.1264	3.12756	3.12405	3.12756	3.12756	3.12747	3.12756	
239	-56.9281	-56.9293	-56.929	-56.9293	-56.9283	-56.9294	-56.9294	-56.9293	-56.9294	
240	-30.2345	-30.23	-30.2314	-30.23	-30.2342	-30.2299	-30.2299	-30.23	-30.2299	
241	-29.0275	-29.0272	-29.0273	-29.0272	-29.0275	-29.0272	-29.0272	-29.0272	-29.0272	
242	-12.5756	-12.5754	-12.5755	-12.5754	-12.5756	-12.5754	-12.5754	-12.5754	-12.5754	
243	-27.327	-27.3277	-27.3275	-27.3277	-27.3272	-27.3278	-27.3278	-27.3278	-27.3278	
244	-37.6763	-37.6703	-37.6721	-37.6695	-37.6744	-37.6691	-37.6691	-37.6693	-37.669	
245	-23.6851	-23.6846	-23.6848	-23.6847	-23.6852	-23.6847	-23.6847	-23.6847	-23.6847	
246	-44.8211	-44.817	-44.8184	-44.8148	-44.8167	-44.8139	-44.8137	-44.814	-44.8135	
247	-51.4003	-51.4001	-51.4002	-51.4	-51.4001	-51.4	-51.4	-51.4	-51.4	
248	-18.8483	-18.8483	-18.8483	-18.8483	-18.8483	-18.8483	-18.8483	-18.8483	-18.8483	
249	-2.0862	-2.08634	-2.08627	-2.08638	-2.0863	-2.08641	-2.08641	-2.08639	-2.08641	
250	2.74419	2.74419	2.74419	2.74419	2.74419	2.74419	2.74419	2.74419	2.74419	
251	2.74419	2.74419	2.74419	2.74419	2.74419	2.74419	2.74419	2.74419	2.74419	
252	2.74419	2.74419	2.74419	2.74419	2.74419	2.74419	2.74419	2.74419	2.74419	
253	2.74419	2.74419	2.74419	2.74419	2.74419	2.74419	2.74419	2.74419	2.74419	
254	2.74419	2.74419	2.74419	2.74419	2.74419	2.74419	2.74419	2.74419	2.74419	
255	2.74419	2.74419	2.74419	2.74419	2.74419	2.74419	2.74419	2.74419	2.74419	
256	2.74419	2.74419	2.74419	2.74419	2.74419	2.74419	2.74419	2.74419	2.74419	
257	2.74419	2.74419	2.74419	2.74419	2.74419	2.74419	2.74419	2.74419	2.74419	
258	2.74419	2.74419	2.74419	2.74419	2.74419	2.74419	2.74419	2.74419	2.74419	
259	2.74419	2.74419	2.74419	2.74419	2.74419	2.74419	2.74419	2.74419	2.74419	
260	2.74419	2.74419	2.74419	2.74419	2.74419	2.74419	2.74419	2.74419	2.74419	
261	2.74419	2.74419	2.74419	2.74419	2.74419	2.74419	2.74419	2.74419	2.74419	
262	2.74419	2.74419	2.74419	2.74419	2.74419	2.74419	2.74419	2.74419	2.74419	
263	2.74419	2.74419	2.74419	2.74419	2.74419	2.74419	2.74419	2.74419	2.74419	
264	2.74419	2.74419	2.74419	2.74419	2.74419	2.74419	2.74419	2.74419	2.74419	
265	2.74419	2.74419	2.74419	2.74419	2.74419	2.74419	2.74419	2.74419	2.74419	
266	2.74419	2.74419	2.74419	2.74419	2.74419	2.74419	2.74419	2.74419	2.74419	
267	2.74419	2.74419	2.74419	2.74419	2.74419	2.74419	2.74419	2.74419	2.74419	
268	2.74419	2.74419	2.74419	2.74419	2.74419	2.74419	2.74419	2.74419	2.74419	
269	-70.9088	-70.9109	-70.9102	-70.911	-70.9092	-70.911	-70.911	-70.9109	-70.911	
270	-56.4531	-56.4531	-56.4531	-56.4532	-56.4531	-56.4532	-56.4532	-56.4532	-56.4532	
271	-54.1545	-54.1546	-54.1545	-54.1546	-54.1546	-54.1546	-54.1546	-54.1546	-54.1546	
272	-46.5183	-46.5184	-46.5184	-46.5185	-46.5186	-46.5186	-46.5186	-46.5186	-46.5186	
273	-43.9435	-43.9436	-43.9435	-43.9436	-43.9436	-43.9436	-43.9436	-43.9436	-43.9437	
274	-41.7999	-41.8	-41.8	-41.8	-41.8	-41.8	-41.8	-41.8	-41.8	
275	-37.1307	-37.1307	-37.1307	-37.1307	-37.1307	-37.1307	-37.1307	-37.1307	-37.1307	
276	-38.7619	-38.7617	-38.7617	-38.7615	-38.7615	-38.7614	-38.7614	-38.7614	-38.7614	
277	-38.7619	-38.7617	-38.7617	-38.7615	-38.7615	-38.7614	-38.7614	-38.7614	-38.7614	
278	-35.8018	-35.8017	-35.8017	-35.8015	-35.8015	-35.8015	-35.8015	-35.8015	-35.8015	
279	-24.4601	-24.4602	-24.4602	-24.4603	-24.4603	-24.4603	-24.4603	-24.4603	-24.4603	
280	-25.8127	-25.8127	-25.8127	-25.8127	-25.8127	-25.8127	-25.8127	-25.8127	-25.8127	
281	-33.4125	-33.412	-33.412	-33.4114	-33.4114	-33.4112	-33.4112	-33.4112	-33.4111	
282	-10.153	-10.1532	-10.1532	-10.1534	-10.1534	-10.1535	-10.1535	-10.1535	-10.1535	
283	-17.6331	-17.6327	-17.6326	-17.6321	-17.632	-17.6319	-17.6319	-17.6319	-17.6318	
284	-17.6331	-17.6327	-17.6326	-17.6321	-17.632	-17.6319	-17.6319	-17.6319	-17.6318	
285	-17.6331	-17.6327	-17.6326	-17.6321	-17.632	-17.6319	-17.6319	-17.6319	-17.6318	
286	-18.2918	-18.2906	-18.2905	-18.2891	-18.2888	-18.2884	-18.2883	-18.2884	-18.2882	
287	-18.2918	-18.2906	-18.2905	-18.2891	-18.2888	-18.2884	-18.2883	-18.2884	-18.2882	
288	-18.2918	-18.2906	-18.2905	-18.2891	-18.2888	-18.2884	-18.2883	-18.2884	-18.2882	
289	-18.2918	-18.2906	-18.2905	-18.2891	-18.2888	-18.2884	-18.2883	-18.2884	-18.2882	
290	-18.2918	-18.2906	-18.2905	-18.2891	-18.2888	-18.2884	-18.2883	-18.2884	-18.2882	
291	-18.2918	-18.2906	-18.2905	-18.2891	-18.2888	-18.2884	-18.2883	-18.2884	-18.2882	
292	-20.2724	-20.2712	-20.2712	-20.2698	-20.2695	-20.2691	-20.269	-20.269	-20.2688	
293	-20.2724	-20.2712	-20.2712	-20.2698	-20.2695	-20.2691	-20.269	-20.269	-20.2688	
294	-20.2724	-20.2712	-20.2712	-20.2698	-20.2695	-20.2691	-20.269	-20.269	-20.2688	
295	-20.8086	-20.8075	-20.8074	-20.8061	-20.8058	-20.8054	-20.8053	-20.8053	-20.8052	
296	-20.8086	-20.8075	-20.8074	-20.8061	-20.8058	-20.8054	-20.8053	-20.8053	-20.8052	
297	-20.8086	-20.8075	-20.8074	-20.8061	-20.8058	-20.8054	-20.8053	-20.8053	-20.8052	
298	-20.8086	-20.8075	-20.8074	-20.8061	-20.8058	-20.8054	-20.8053	-20.8053	-20.8052	
299	-20.8086	-20.8075	-20.8074	-20.8061	-20.8058	-20.8054	-20.8053	-20.8053	-20.8052	
300	-21.5729	-21.5718	-21.5718	-21.5705	-21.5702	-21.5698	-21.5698	-21.5698	-21.5696	
301	-21.5729	-21.5718	-21.5718	-21.5705	-21.5702	-21.5698	-21.5698	-21.5698	-21.5696	
302	-21.5729	-21.5718	-21.5718	-21.5705	-21.5702	-21.5698	-21.5698	-21.5698	-21.5696	
303	-22.1563	-22.1552	-22.1552	-22.1539	-22.1536	-22.1533	-22.1532	-22.1532	-22.153	
304	-22.1563	-22.1552	-22.1552	-22.1539	-22.1536	-22.1533	-22.1532	-22.1532	-22.153	
305	-21.4239	-21.4229	-21.4229	-21.4217	-21.4215	-21.4211	-21.4211	-21.4211	-21.4209	
306	-21.4239	-21.4229	-21.4229	-21.4217	-21.4215	-21.4211	-21.4211	-21.4211	-21.4209	
307	-21.5531	-21.5521	-21.5521	-21.5509	-21.5506	-21.5503	-21.5502	-21.5502	-21.5501	
308	-21.5531	-21.5521	-21.5521	-21.5509	-21.5506	-21.5503	-21.5502	-21.5502	-21.5501	
309	-21.5531	-21.5521	-21.5521	-21.5509	-21.5506	-21.5503	-21.5502	-21.5502	-21.5501	
310	-21.5531	-21.5521	-21.5521	-21.5509	-21.5506	-21.5503	-21.5502	-21.5502	-21.5501	
311	-21.5531	-21.5521	-21.5521	-21.5509	-21.5506	-21.5503	-21.5502	-21.5502	-21.5501	
312	-21.5531	-21.5521	-21.5521	-21.5509	-21.5506	-21.5503	-21.5502	-21.5502	-21.5501	
313	-19.6442	-19.6442	-19.6442	-19.6442	-19.6442	-19.6442	-19.6442	-19.6442	-19.6442	
314	-19.6442	-19.6442	-19.6442	-19.6442	-19.6442	-19.6442	-19.6442	-19.6442	-19.6442	
315	-20.5738	-20.5738	-20.5738	-20.5738	-20.5738	-20.5738	-20.5738	-20.5738	-20.5738	
316	-20.5738	-20.5738	-20.5738	-20.5738	-20.5738	-20.5738	-20.5738	-20.5738	-20.5738	
317	-20.5738	-20.5738	-20.5738	-20.5738	-20.5738	-20.5738	-20.5738	-20.5738	-20.5738	
318	-20.5738	-20.5738	-20.5738	-20.5738	-20.5738	-20.5738	-20.5738	-20.5738	-20.5738	
319	-20.5738	-20.5738	-20.5738	-20.5738	-20.5738	-20.5738	-20.5738	-20.5738	-20.5738	
320	-20.5738	-20.5738	-20.5738	-20.5738	-20.5738	-20.5738	-20.5738	-20.5738	-20.5738	
321	-23.6849	-23.6848	-23.6848	-23.6848	-23.6847	-23.6847	-23.6847	-23.6847	-23.6847	
322	-23.7794	-23.7793	-23.7793	-23.7793	-23.7792	-23.7792	-23.7792	-23.7792	-23.7792	
323	-23.7794	-23.7793	-23.7793	-23.7793	-23.7792	-23.7792	-23.7792	-23.7792	-23.7792	
324	-23.5852	-23.5851	-23.5851	-23.5851	-23.585	-23.585	-23.585	-23.585	-23.585	
325	-23.5852	-23.5851	-23.5851	-23.5851	-23.585	-23.585	-23.585	-23.585	-23.585	
326	6.56117	6.56091	6.56083	6.56046	6.56029	6.56026	6.56023	6.56021	6.56017	
327	0.868325	0.872477	0.873865	0.879762	0.882592	0.883034	0.883422	0.883697	0.884344	
328	1.698	1.70082	1.70176	1.70577	1.70769	1.70799	1.70826	1.70844	1.70888	
329	1.698	1.70082	1.70176	1.70577	1.70769	1.70799	1.70826	1.70844	1.70888	
330	1.698	1.70082	1.70176	1.70577	1.70769	1.70799	1.70826	1.70844	1.70888	
331	-11.6537	-11.6536	-11.6536	-11.6534	-11.6533	-11.6533	-11.6533	-11.6533	-11.6533	
332	-11.6537	-11.6536	-11.6536	-11.6534	-11.6533	-11.6533	-11.6533	-11.6533	-11.6533	
333	-11.6537	-11.6536	-11.6536	-11.6534	-11.6533	-11.6533	-11.6533	-11.6533	-11.6533	
334	-18.2185	-18.2183	-18.2182	-18.2178	-18.2177	-18.2176	-18.2176	-18.2176	-18.2176	
335	-18.2185	-18.2183	-18.2182	-18.2178	-18.2177	-18.2176	-18.2176	-18.2176	-18.2176	
336	-18.2185	-18.2183	-18.2182	-18.2178	-18.2177	-18.2176	-18.2176	-18.2176	-18.2176	
337	-18.2185	-18.2183	-18.2182	-18.2178	-18.2177	-18.2176	-18.2176	-18.2176	-18.2176	
338	-18.2185	-18.2183	-18.2182	-18.2178	-18.2177	-18.2176	-18.2176	-18.2176	-18.2176	
339	-18.2185	-18.2183	-18.2182	-18.2178	-18.2177	-18.2176	-18.2176	-18.2176	-18.2176	
340	-18.2185	-18.2183	-18.2182	-18.2178	-18.2177	-18.2176	-18.2176	-18.2176	-18.2176	
341	-18.2185	-18.2183	-18.2182	-18.2178	-18.2177	-18.2176	-18.2176	-18.2176	-18.2176	
342	-18.2185	-18.2183	-18.2182	-18.2178	-18.2177	-18.2176	-18.2176	-18.2176	-18.2176	
343	-18.2185	-18.2183	-18.2182	-18.2178	-18.2177	-18.2176	-18.2176	-18.2176	-18.2176	
344	-37.1317	-37.1317	-37.1317	-37.1316	-37.1316	-37.1316	-37.1316	-37.1316	-37.1316	
345	-37.1317	-37.1317	-37.1317	-37.1316	-37.1316	-37.1316	-37.1316	-37.1316	-37.1316	
346	-37.1317	-37.1317	-37.1317	-37.1316	-37.1316	-37.1316	-37.1316	-37.1316	-37.1316	
347	-37.1317	-37.1317	-37.1317	-37.1316	-37.1316	-37.1316	-37.1316	-37.1316	-37.1316	
348	-46.6493	-46.6493	-46.6493	-46.6492	-46.6492	-46.6492	-46.6492	-46.6492	-46.6492	
349	-46.6493	-46.6493	-46.6493	-46.6492	-46.6492	-46.6492	-46.6492	-46.6492	-46.6492	
350	-46.6493	-46.6493	-46.6493	-46.6492	-46.6492	-46.6492	-46.6492	-46.6492	-46.6492	
351	-46.6493	-46.6493	-46.6493	-46.6492	-46.6492	-46.6492	-46.6492	-46.6492	-46.6492	
352	-73.1048	-73.1047	-73.1047	-73.1047	-73.1047	-73.1047	-73.1047	-73.1047	-73.1047	
353	-73.1048	-73.1047	-73.1047	-73.1047	-73.1047	-73.1047	-73.1047	-73.1047	-73.1047	
354	-73.1048	-73.1047	-73.1047	-73.1047	-73.1047	-73.1047	-73.1047	-73.1047	-73.1047	
355	-73.1048	-73.1047	-73.1047	-73.1047	-73.1047	-73.1047	-73.1047	-73.1047	-73.1047	
356	-72.3308	-72.3308	-72.3308	-72.3308	-72.3308	-72.3308	-72.3308	-72.3308	-72.3307	
357	-73.3751	-73.3751	-73.3751	-73.3751	-73.3751	-73.3751	-73.3751	-73.3751	-73.3751	
358	-73.3751	-73.3751	-73.3751	-73.3751	-73.3751	-73.3751	-73.3751	-73.3751	-73.3751	
359	-74.4638	-74.4638	-74.4638	-74.4638	-74.4638	-74.4638	-74.4638	-74.4638	-74.4638	
360	-58.3843	-58.3847	-58.3849	-58.3855	-58.3857	-58.3858	-58.3858	-58.3859	-58.3859	
361	-45.5807	-45.581	-45.5811	-45.5815	-45.5817	-45.5817	-45.5817	-45.5817	-45.5818	
362	-26.6865	-26.6865	-26.6865	-26.6864	-26.6864	-26.6864	-26.6864	-26.6864	-26.6864	
363	-26.6865	-26.6865	-26.6865	-26.6864	-26.6864	-26.6864	-26.6864	-26.6864	-26.6864	
364	-57.9494	-57.95	-57.9502	-57.9511	-57.9515	-57.9516	-57.9516	-57.9517	-57.9518	
365	-57.9494	-57.95	-57.9502	-57.9511	-57.9515	-57.9516	-57.9516	-57.9517	-57.9518	
