#Output values file generated by Xhydro
10
ReportTime
point# 1
point# 2
point# 3
point# 4
point# 5
point# 6
point# 7
point# 8
point# 9
1	0.233748	0.236387	0.234107	0.236832	0.234319	0.235472	0.234896	0.234586	0.236296	
2	0.234494	0.239797	0.235219	0.240675	0.235649	0.237973	0.236814	0.2362	0.239607	
3	0.238834	0.247058	0.240038	0.248183	0.24058	0.244117	0.242364	0.241403	0.245977	
4	0.245042	0.256142	0.2467	0.25769	0.247469	0.252263	0.249884	0.248543	0.25364	
5	0.245745	0.259708	0.247812	0.261643	0.248806	0.254868	0.251863	0.25019	0.257115	
6	0.246422	0.26328	0.248909	0.265581	0.250128	0.257474	0.253837	0.251829	0.260607	
7	0.247074	0.26686	0.249991	0.269504	0.251435	0.260083	0.255806	0.25346	0.264115	
8	0.248043	0.270803	0.251409	0.273763	0.25307	0.26304	0.258115	0.255417	0.2679	
9	0.254389	0.280268	0.258279	0.283549	0.260174	0.271509	0.265915	0.262864	0.275937	
10	0.258859	0.287921	0.263272	0.2915	0.265399	0.278135	0.271856	0.26845	0.282606	
11	0.259445	0.291674	0.264345	0.29553	0.266704	0.280858	0.273887	0.270114	0.286302	
12	0.260007	0.295435	0.265405	0.299546	0.267995	0.283583	0.275913	0.27177	0.290015	
13	0.260543	0.299202	0.26645	0.303548	0.26927	0.286311	0.277933	0.273417	0.293744	
14	0.261056	0.302978	0.267482	0.307535	0.270531	0.28904	0.279948	0.275057	0.297489	
15	0.261545	0.30676	0.2685	0.311508	0.271778	0.291771	0.281959	0.276688	0.301248	
16	0.262011	0.31055	0.269505	0.315467	0.273011	0.294504	0.283964	0.278311	0.305024	
17	0.262454	0.314347	0.270497	0.319411	0.274229	0.297239	0.285964	0.279926	0.308816	
18	0.262874	0.318151	0.271476	0.323342	0.275434	0.299975	0.287959	0.281534	0.312622	
19	0.263272	0.321963	0.272442	0.327259	0.276625	0.302714	0.289949	0.283133	0.316444	
20	0.263648	0.325782	0.273396	0.331162	0.277803	0.305454	0.291935	0.284725	0.32028	
21	0.264002	0.329608	0.274337	0.335051	0.278967	0.308196	0.293915	0.286309	0.324131	
22	0.264335	0.333442	0.275266	0.338927	0.280118	0.310939	0.29589	0.287886	0.327996	
23	0.264647	0.337283	0.276184	0.342789	0.281256	0.313685	0.29786	0.289455	0.331876	
24	0.264938	0.341131	0.277089	0.346638	0.28238	0.316431	0.299826	0.291016	0.335769	
25	0.265208	0.344986	0.277983	0.350474	0.283492	0.31918	0.301787	0.29257	0.339676	
26	0.265458	0.348849	0.278866	0.354297	0.284591	0.32193	0.303742	0.294116	0.343596	
27	0.265688	0.352718	0.279737	0.358106	0.285678	0.324682	0.305693	0.295655	0.34753	
28	0.272826	0.363799	0.287667	0.368982	0.293728	0.334466	0.314645	0.304067	0.356734	
29	0.274925	0.369728	0.290462	0.374804	0.296726	0.339204	0.318548	0.307519	0.362276	
30	0.279943	0.378681	0.29622	0.38365	0.302698	0.346955	0.325443	0.313947	0.370143	
31	0.28031	0.382959	0.297285	0.387806	0.303979	0.350029	0.327656	0.315708	0.374373	
32	0.288186	0.394957	0.305968	0.399655	0.312866	0.360767	0.337503	0.325037	0.384579	
33	0.290808	0.401695	0.309347	0.406231	0.316455	0.366232	0.342067	0.329106	0.390777	
34	0.294004	0.409048	0.313309	0.413439	0.320649	0.372328	0.347249	0.333788	0.39745	
35	0.296081	0.415315	0.316151	0.41955	0.323729	0.377333	0.351329	0.337385	0.403277	
36	0.29623	0.419673	0.317056	0.423715	0.324862	0.380405	0.35347	0.339038	0.407685	
37	0.296359	0.424039	0.31795	0.427866	0.325982	0.383479	0.355606	0.340684	0.412106	
38	0.296513	0.428447	0.318875	0.432053	0.327139	0.386606	0.357787	0.342364	0.41654	
39	0.296603	0.432828	0.319747	0.436176	0.328233	0.389683	0.359912	0.343994	0.420986	
40	0.298395	0.438963	0.322354	0.442064	0.331075	0.394533	0.363796	0.347357	0.426516	
41	0.307546	0.452734	0.332459	0.45548	0.341326	0.406863	0.375128	0.358075	0.438256	
42	0.307802	0.457415	0.333544	0.459935	0.342633	0.410253	0.377518	0.359925	0.442901	
43	0.307852	0.461872	0.334424	0.464184	0.343737	0.413452	0.379712	0.361593	0.44753	
44	0.307882	0.466301	0.335293	0.46842	0.344829	0.416653	0.381901	0.363253	0.452172	
45	0.307894	0.470701	0.336151	0.472641	0.345908	0.419854	0.384084	0.364906	0.456825	
46	0.307887	0.475073	0.336999	0.476849	0.346975	0.423057	0.386262	0.366551	0.461489	
47	0.31059	0.482231	0.34063	0.483851	0.3508	0.429054	0.391215	0.370906	0.467861	
48	0.310555	0.486571	0.34147	0.488076	0.351857	0.432288	0.393405	0.372552	0.472577	
49	0.310502	0.490883	0.3423	0.492287	0.352902	0.435523	0.395589	0.374191	0.477305	
50	0.315665	0.500559	0.348466	0.501854	0.359232	0.444098	0.403082	0.381021	0.485655	
51	0.315595	0.504861	0.3493	0.506124	0.360281	0.447391	0.405298	0.382675	0.490466	
52	0.320632	0.514345	0.355323	0.515779	0.366659	0.456057	0.412863	0.389614	0.499202	
53	0.321009	0.519121	0.356638	0.520634	0.368232	0.459932	0.415632	0.39176	0.50424	
54	0.339284	0.536599	0.376046	0.536599	0.387914	0.482021	0.436537	0.411968	0.523533	
55	0.345335	0.536599	0.383081	0.536599	0.395267	0.49179	0.445111	0.419899	0.533348	
56	0.346133	0.536599	0.384808	0.536599	0.397304	0.496248	0.448366	0.422499	0.536599	
57	0.350646	0.536599	0.390286	0.536599	0.403119	0.504496	0.455399	0.428892	0.536599	
58	0.352493	0.536599	0.393072	0.536599	0.406242	0.510059	0.459738	0.432584	0.536599	
59	0.352391	0.536599	0.393885	0.536599	0.407394	0.513653	0.462105	0.434316	0.536599	
60	0.35388	0.536599	0.39631	0.536599	0.410173	0.518882	0.466097	0.437666	0.536599	
61	0.358271	0.536599	0.401667	0.536599	0.415894	0.527072	0.473031	0.44391	0.536599	
62	0.35813	0.536599	0.40244	0.536599	0.417039	0.530681	0.475385	0.445627	0.536599	
63	0.361848	0.536599	0.407118	0.536599	0.422109	0.536599	0.481665	0.451268	0.536599	
64	0.36168	0.536599	0.407863	0.536599	0.423246	0.536599	0.484009	0.452974	0.536599	
65	0.361493	0.536599	0.408589	0.536599	0.424369	0.536599	0.486337	0.454665	0.536599	
66	0.372925	0.536599	0.421081	0.536599	0.437524	0.536599	0.5007	0.468322	0.536599	
67	0.373841	0.536599	0.422926	0.536599	0.439835	0.536599	0.504217	0.47119	0.536599	
68	0.373637	0.536599	0.423633	0.536599	0.440985	0.536599	0.506572	0.472901	0.536599	
69	0.374953	0.536599	0.425889	0.536599	0.443744	0.536599	0.510536	0.476178	0.536599	
70	0.38028	0.536599	0.43219	0.536599	0.450539	0.536599	0.518535	0.483535	0.536599	
71	0.38318	0.536599	0.436037	0.536599	0.454877	0.536599	0.524076	0.488406	0.536599	
72	0.386407	0.536599	0.440227	0.536599	0.459574	0.536599	0.529975	0.493654	0.536599	
73	0.38615	0.536599	0.440878	0.536599	0.460726	0.536599	0.532327	0.495356	0.536599	
74	0.385874	0.536599	0.441509	0.536599	0.461864	0.536599	0.534662	0.497042	0.536599	
75	0.385578	0.536599	0.442121	0.536599	0.462985	0.536599	0.536599	0.498711	0.536599	
76	0.385264	0.536599	0.442714	0.536599	0.464093	0.536599	0.536599	0.500365	0.536599	
77	0.384931	0.536599	0.443288	0.536599	0.465186	0.536599	0.536599	0.502004	0.536599	
78	0.38458	0.536599	0.443844	0.536599	0.466264	0.536599	0.536599	0.503628	0.536599	
79	0.384212	0.536599	0.444381	0.536599	0.467328	0.536599	0.536599	0.505236	0.536599	
80	0.383826	0.536599	0.4449	0.536599	0.468378	0.536599	0.536599	0.506829	0.536599	
81	0.383422	0.536599	0.445401	0.536599	0.469414	0.536599	0.536599	0.508407	0.536599	
82	0.383002	0.536599	0.445884	0.536599	0.470436	0.536599	0.536599	0.509969	0.536599	
83	0.382565	0.536599	0.44635	0.536599	0.471444	0.536599	0.536599	0.511517	0.536599	
84	0.382112	0.536599	0.446799	0.536599	0.472438	0.536599	0.536599	0.51305	0.536599	
85	0.381642	0.536599	0.447229	0.536599	0.473418	0.536599	0.536599	0.514568	0.536599	
86	0.381155	0.536599	0.447642	0.536599	0.474383	0.536599	0.536599	0.516069	0.536599	
87	0.380652	0.536599	0.448038	0.536599	0.475335	0.536599	0.536599	0.517555	0.536599	
88	0.380136	0.536599	0.448419	0.536599	0.476275	0.536599	0.536599	0.519028	0.536599	
89	0.379605	0.536599	0.448784	0.536599	0.477202	0.536599	0.536599	0.520488	0.536599	
90	0.379059	0.536599	0.449133	0.536599	0.478116	0.536599	0.536599	0.521934	0.536599	
91	0.378499	0.536599	0.449466	0.536599	0.479017	0.536599	0.536599	0.523365	0.536599	
92	0.377925	0.536599	0.449783	0.536599	0.479906	0.536599	0.536599	0.524782	0.536599	
93	0.377336	0.536599	0.450084	0.536599	0.480781	0.536599	0.536599	0.526184	0.536599	
94	0.376732	0.536599	0.450369	0.536599	0.481639	0.536599	0.536599	0.527571	0.536599	
95	0.376115	0.536599	0.450639	0.536599	0.482481	0.536599	0.536599	0.528944	0.536599	
96	0.375481	0.536599	0.45089	0.536599	0.483303	0.536599	0.536599	0.530298	0.536599	
97	0.374827	0.536599	0.45112	0.536599	0.484102	0.536599	0.536599	0.531631	0.536599	
98	0.374167	0.536599	0.451341	0.536599	0.484892	0.536599	0.536599	0.532956	0.536599	
99	0.373496	0.536599	0.45155	0.536599	0.485667	0.536599	0.536599	0.53427	0.536599	
100	0.372813	0.536599	0.451745	0.536599	0.486428	0.536599	0.536599	0.535572	0.536599	
101	0.372117	0.536599	0.451926	0.536599	0.487173	0.536599	0.536599	0.536599	0.536599	
102	0.371412	0.536599	0.452094	0.536599	0.487905	0.536599	0.536599	0.536599	0.536599	
103	0.370691	0.536599	0.452246	0.536599	0.488618	0.536599	0.536599	0.536599	0.536599	
104	0.369963	0.536599	0.452387	0.536599	0.48932	0.536599	0.536599	0.536599	0.536599	
105	0.369225	0.536599	0.452516	0.536599	0.490008	0.536599	0.536599	0.536599	0.536599	
106	0.368473	0.536599	0.45263	0.536599	0.490679	0.536599	0.536599	0.536599	0.536599	
107	0.367709	0.536599	0.452729	0.536599	0.491335	0.536599	0.536599	0.536599	0.536599	
108	0.366935	0.536599	0.452815	0.536599	0.491976	0.536599	0.536599	0.536599	0.536599	
109	0.366144	0.536599	0.452884	0.536599	0.492596	0.536599	0.536599	0.536599	0.536599	
110	0.365345	0.536599	0.45294	0.536599	0.493204	0.536599	0.536599	0.536599	0.536599	
111	0.364536	0.536599	0.452985	0.536599	0.493799	0.536599	0.536599	0.536599	0.536599	
112	0.363715	0.536599	0.453015	0.536599	0.494377	0.536599	0.536599	0.536599	0.536599	
113	0.362887	0.536599	0.453035	0.536599	0.494944	0.536599	0.536599	0.536599	0.536599	
114	0.362051	0.536599	0.453045	0.536599	0.4955	0.536599	0.536599	0.536599	0.536599	
115	0.361207	0.536599	0.453045	0.536599	0.496043	0.536599	0.536599	0.536599	0.536599	
116	0.360354	0.536599	0.453033	0.536599	0.496574	0.536599	0.536599	0.536599	0.536599	
117	0.359494	0.536599	0.453011	0.536599	0.497093	0.536599	0.536599	0.536599	0.536599	
118	0.358621	0.536599	0.452973	0.536599	0.497594	0.536599	0.536599	0.536599	0.536599	
119	0.357736	0.536599	0.452921	0.536599	0.498079	0.536599	0.536599	0.536599	0.536599	
120	0.356856	0.536599	0.45287	0.536599	0.498565	0.536599	0.536599	0.536599	0.536599	
121	0.355964	0.536599	0.452805	0.536599	0.499035	0.536599	0.536599	0.536599	0.536599	
122	0.355061	0.536599	0.452725	0.536599	0.499488	0.536599	0.536599	0.536599	0.536599	
123	0.354156	0.536599	0.452642	0.536599	0.499937	0.536599	0.536599	0.536599	0.536599	
124	0.353243	0.536599	0.452546	0.536599	0.500371	0.536599	0.536599	0.536599	0.536599	
125	0.352325	0.536599	0.452443	0.536599	0.500797	0.536599	0.536599	0.536599	0.536599	
126	0.351397	0.536599	0.452327	0.536599	0.501208	0.536599	0.536599	0.536599	0.536599	
127	0.350456	0.536599	0.452195	0.536599	0.5016	0.536599	0.536599	0.536599	0.536599	
128	0.349516	0.536599	0.452061	0.536599	0.50199	0.536599	0.536599	0.536599	0.536599	
129	0.348558	0.536599	0.451907	0.536599	0.502356	0.536599	0.536599	0.536599	0.536599	
130	0.347587	0.536599	0.451736	0.536599	0.502703	0.536599	0.536599	0.536599	0.536599	
131	0.346615	0.536599	0.451562	0.536599	0.503046	0.536599	0.536599	0.536599	0.536599	
132	0.345653	0.536599	0.451392	0.536599	0.503394	0.536599	0.536599	0.536599	0.536599	
133	0.34468	0.536599	0.45121	0.536599	0.503727	0.536599	0.536599	0.536599	0.536599	
134	0.343699	0.536599	0.451016	0.536599	0.504046	0.536599	0.536599	0.536599	0.536599	
135	0.342709	0.536599	0.45081	0.536599	0.504351	0.536599	0.536599	0.536599	0.536599	
136	0.341708	0.536599	0.45059	0.536599	0.504639	0.536599	0.536599	0.536599	0.536599	
137	0.340708	0.536599	0.450367	0.536599	0.504923	0.536599	0.536599	0.536599	0.536599	
138	0.339693	0.536599	0.450127	0.536599	0.505187	0.536599	0.536599	0.536599	0.536599	
139	0.338674	0.536599	0.449879	0.536599	0.505441	0.536599	0.536599	0.536599	0.536599	
140	0.337657	0.536599	0.449629	0.536599	0.505693	0.536599	0.536599	0.536599	0.536599	
141	0.336618	0.536599	0.449356	0.536599	0.505917	0.536599	0.536599	0.536599	0.536599	
142	0.33557	0.536599	0.449069	0.536599	0.506125	0.536599	0.536599	0.536599	0.536599	
143	0.33451	0.536599	0.448768	0.536599	0.506315	0.536599	0.536599	0.536599	0.536599	
144	0.333478	0.536599	0.44849	0.536599	0.506533	0.536599	0.536599	0.536599	0.536599	
145	0.332443	0.536599	0.448204	0.536599	0.50674	0.536599	0.536599	0.536599	0.536599	
146	0.331406	0.536599	0.447913	0.536599	0.506943	0.536599	0.536599	0.536599	0.536599	
147	0.330352	0.536599	0.447602	0.536599	0.50712	0.536599	0.536599	0.536599	0.536599	
148	0.32928	0.536599	0.447269	0.536599	0.507272	0.536599	0.536599	0.536599	0.536599	
149	0.328212	0.536599	0.446938	0.536599	0.507424	0.536599	0.536599	0.536599	0.536599	
150	0.327139	0.536599	0.446597	0.536599	0.507565	0.536599	0.536599	0.536599	0.536599	
151	0.326059	0.536599	0.446247	0.536599	0.507694	0.536599	0.536599	0.536599	0.536599	
152	0.324971	0.536599	0.445885	0.536599	0.507809	0.536599	0.536599	0.536599	0.536599	
153	0.323865	0.536599	0.445502	0.536599	0.507898	0.536599	0.536599	0.536599	0.536599	
154	0.322752	0.536599	0.445109	0.536599	0.507974	0.536599	0.536599	0.536599	0.536599	
155	0.321638	0.536599	0.44471	0.536599	0.508043	0.536599	0.536599	0.536599	0.536599	
156	0.320527	0.536599	0.444311	0.536599	0.50811	0.536599	0.536599	0.536599	0.536599	
157	0.31943	0.536599	0.443922	0.536599	0.508189	0.536599	0.536599	0.536599	0.536599	
158	0.31832	0.536599	0.443518	0.536599	0.508248	0.536599	0.536599	0.536599	0.536599	
159	0.317236	0.536599	0.443133	0.536599	0.50833	0.536599	0.536599	0.536599	0.536599	
160	0.316127	0.536599	0.442721	0.536599	0.508379	0.536599	0.536599	0.536599	0.536599	
161	0.315004	0.536599	0.442292	0.536599	0.508406	0.536599	0.536599	0.536599	0.536599	
162	0.313874	0.536599	0.441851	0.536599	0.508419	0.536599	0.536599	0.536599	0.536599	
163	0.312778	0.536599	0.44144	0.536599	0.508466	0.536599	0.536599	0.536599	0.536599	
164	0.311638	0.536599	0.440981	0.536599	0.508457	0.536599	0.536599	0.536599	0.536599	
165	0.310529	0.536599	0.440549	0.536599	0.508479	0.536599	0.536599	0.536599	0.536599	
166	0.309411	0.536599	0.440105	0.536599	0.508485	0.536599	0.536599	0.536599	0.536599	
167	0.308281	0.536599	0.439646	0.536599	0.508473	0.536599	0.536599	0.536599	0.536599	
168	0.307155	0.536599	0.439187	0.536599	0.508459	0.536599	0.536599	0.536599	0.536599	
169	0.306027	0.536599	0.438722	0.536599	0.508437	0.536599	0.536599	0.536599	0.536599	
170	0.304912	0.536599	0.438266	0.536599	0.508426	0.536599	0.536599	0.536599	0.536599	
171	0.303804	0.536599	0.437813	0.536599	0.508417	0.536599	0.536599	0.536599	0.536599	
172	0.302706	0.536599	0.437365	0.536599	0.508414	0.536599	0.536599	0.536599	0.536599	
173	0.301608	0.536599	0.436914	0.536599	0.508407	0.536599	0.536599	0.536599	0.536599	
174	0.300486	0.536599	0.436436	0.536599	0.508366	0.536599	0.536599	0.536599	0.536599	
175	0.299348	0.536599	0.435938	0.536599	0.5083	0.536599	0.536599	0.536599	0.536599	
176	0.298224	0.536599	0.435451	0.536599	0.508247	0.536599	0.536599	0.536599	0.536599	
177	0.297087	0.536599	0.434946	0.536599	0.50817	0.536599	0.536599	0.536599	0.536599	
178	0.295964	0.536599	0.434452	0.536599	0.508105	0.536599	0.536599	0.536599	0.536599	
179	0.294822	0.536599	0.433937	0.536599	0.508014	0.536599	0.536599	0.536599	0.536599	
180	0.293686	0.536599	0.433423	0.536599	0.507922	0.536599	0.536599	0.536599	0.536599	
181	0.292554	0.536599	0.432909	0.536599	0.507829	0.536599	0.536599	0.536599	0.536599	
182	0.291396	0.536599	0.432366	0.536599	0.5077	0.536599	0.536599	0.536599	0.536599	
183	0.290275	0.536599	0.431856	0.536599	0.507612	0.536599	0.536599	0.536599	0.536599	
184	0.28914	0.536599	0.431327	0.536599	0.507499	0.536599	0.536599	0.536599	0.536599	
185	0.288003	0.536599	0.430794	0.536599	0.507378	0.536599	0.536599	0.536599	0.536599	
186	0.286844	0.536599	0.430236	0.536599	0.507225	0.536599	0.536599	0.536599	0.536599	
187	0.28569	0.536599	0.429678	0.536599	0.507072	0.536599	0.536599	0.536599	0.536599	
188	0.284538	0.536599	0.42912	0.536599	0.506917	0.536599	0.536599	0.536599	0.536599	
189	0.283394	0.536599	0.428565	0.536599	0.506765	0.536599	0.536599	0.536599	0.536599	
190	0.282272	0.536599	0.428026	0.536599	0.506632	0.536599	0.536599	0.536599	0.536599	
191	0.281154	0.536599	0.427487	0.536599	0.5065	0.536599	0.536599	0.536599	0.536599	
192	0.280029	0.536599	0.426939	0.536599	0.506354	0.536599	0.536599	0.536599	0.536599	
193	0.278888	0.536599	0.426372	0.536599	0.506182	0.536599	0.536599	0.536599	0.536599	
194	0.277743	0.536599	0.425797	0.536599	0.505999	0.536599	0.536599	0.536599	0.536599	
195	0.276599	0.536599	0.425221	0.536599	0.505813	0.536599	0.536599	0.536599	0.536599	
196	0.275428	0.536599	0.42461	0.536599	0.505585	0.536599	0.536599	0.536599	0.536599	
197	0.27431	0.536599	0.424049	0.536599	0.505418	0.536599	0.536599	0.536599	0.536599	
198	0.273183	0.536599	0.423477	0.536599	0.505235	0.536599	0.536599	0.536599	0.536599	
199	0.272067	0.536599	0.42291	0.536599	0.505058	0.536599	0.536599	0.536599	0.536599	
200	0.270922	0.536599	0.422314	0.536599	0.504841	0.536599	0.536599	0.536599	0.536599	
201	0.269789	0.536599	0.421725	0.536599	0.504633	0.536599	0.536599	0.536599	0.536599	
202	0.268667	0.536599	0.421143	0.536599	0.504432	0.536599	0.536599	0.536599	0.536599	
203	0.267532	0.536599	0.420545	0.536599	0.504209	0.536599	0.536599	0.536599	0.536599	
204	0.266393	0.536599	0.41994	0.536599	0.503976	0.536599	0.536599	0.536599	0.536599	
205	0.265266	0.536599	0.419343	0.536599	0.503752	0.536599	0.536599	0.536599	0.536599	
206	0.264121	0.536599	0.418725	0.536599	0.503499	0.536599	0.536599	0.536599	0.536599	
207	0.262996	0.536599	0.418121	0.536599	0.503264	0.536599	0.536599	0.536599	0.536599	
208	0.261886	0.536599	0.417528	0.536599	0.503043	0.536599	0.536599	0.536599	0.536599	
209	0.260752	0.536599	0.416909	0.536599	0.502787	0.536599	0.536599	0.536599	0.536599	
210	0.259616	0.536599	0.41628	0.536599	0.50252	0.536599	0.536599	0.536599	0.536599	
211	0.258495	0.536599	0.415664	0.536599	0.502267	0.536599	0.536599	0.536599	0.536599	
212	0.257366	0.536599	0.415032	0.536599	0.501996	0.536599	0.536599	0.536599	0.536599	
213	0.256241	0.536599	0.414394	0.536599	0.501725	0.536599	0.536599	0.536599	0.536599	
214	0.255118	0.536599	0.413747	0.536599	0.501451	0.536599	0.536599	0.536599	0.536599	
215	0.254024	0.536599	0.413136	0.536599	0.501208	0.536599	0.536599	0.536599	0.536599	
216	0.252932	0.536599	0.412528	0.536599	0.500963	0.536599	0.536599	0.536599	0.536599	
217	0.251832	0.536599	0.411905	0.536599	0.500701	0.536599	0.536599	0.536599	0.536599	
218	0.250717	0.536599	0.411257	0.536599	0.500414	0.536599	0.536599	0.536599	0.536599	
219	0.249609	0.536599	0.410609	0.536599	0.500131	0.536599	0.536599	0.536599	0.536599	
220	0.24851	0.536599	0.409966	0.536599	0.499853	0.536599	0.536599	0.536599	0.536599	
221	0.247422	0.536599	0.409333	0.536599	0.499583	0.536599	0.536599	0.536599	0.536599	
222	0.246344	0.536599	0.408714	0.536599	0.499322	0.536599	0.536599	0.536599	0.536599	
223	0.245249	0.536599	0.408081	0.536599	0.499034	0.536599	0.536599	0.536599	0.536599	
224	0.244133	0.536599	0.407424	0.536599	0.498712	0.536599	0.536599	0.536599	0.536599	
225	0.24302	0.536599	0.406764	0.536599	0.498387	0.536599	0.536599	0.536599	0.536599	
226	0.241915	0.536599	0.406105	0.536599	0.498067	0.536599	0.536599	0.536599	0.536599	
227	0.240843	0.536599	0.405479	0.536599	0.497784	0.536599	0.536599	0.536599	0.536599	
228	0.239766	0.536599	0.404847	0.536599	0.497489	0.536599	0.536599	0.536599	0.536599	
229	0.238669	0.536599	0.404192	0.536599	0.497162	0.536599	0.536599	0.536599	0.536599	
230	0.237578	0.536599	0.40354	0.536599	0.496838	0.536599	0.536599	0.536599	0.536599	
231	0.236522	0.536599	0.402919	0.536599	0.496551	0.536599	0.536599	0.536599	0.536599	
232	0.235464	0.536599	0.402292	0.536599	0.496258	0.536599	0.536599	0.536599	0.536599	
233	0.234388	0.536599	0.401646	0.536599	0.495937	0.536599	0.536599	0.536599	0.536599	
234	0.233305	0.536599	0.400989	0.536599	0.4956	0.536599	0.536599	0.536599	0.536599	
235	0.232262	0.536599	0.400366	0.536599	0.495308	0.536599	0.536599	0.536599	0.536599	
236	0.231205	0.536599	0.399727	0.536599	0.494992	0.536599	0.536599	0.536599	0.536599	
237	0.230153	0.536599	0.39909	0.536599	0.494677	0.536599	0.536599	0.536599	0.536599	
238	0.229094	0.536599	0.398443	0.536599	0.494348	0.536599	0.536599	0.536599	0.536599	
239	0.228061	0.536599	0.397818	0.536599	0.494047	0.536599	0.536599	0.536599	0.536599	
240	0.227024	0.536599	0.397185	0.536599	0.493735	0.536599	0.536599	0.536599	0.536599	
241	0.22599	0.536599	0.396552	0.536599	0.493421	0.536599	0.536599	0.536599	0.536599	
242	0.224951	0.536599	0.395912	0.536599	0.493095	0.536599	0.536599	0.536599	0.536599	
243	0.223927	0.536599	0.395283	0.536599	0.492783	0.536599	0.536599	0.536599	0.536599	
244	0.222904	0.536599	0.394651	0.536599	0.492467	0.536599	0.536599	0.536599	0.536599	
245	0.221885	0.536599	0.394019	0.536599	0.492149	0.536599	0.536599	0.536599	0.536599	
246	0.22087	0.536599	0.393386	0.536599	0.491828	0.536599	0.536599	0.536599	0.536599	
247	0.21988	0.536599	0.392747	0.536599	0.491498	0.536599	0.536599	0.536599	0.536599	
248	0.218923	0.536599	0.392114	0.536599	0.491174	0.536599	0.536599	0.536599	0.536599	
249	0.217973	0.536599	0.391484	0.536599	0.490852	0.536599	0.536599	0.536599	0.536599	
250	0.217018	0.536599	0.390845	0.536599	0.490517	0.536599	0.536599	0.536599	0.536599	
251	0.216068	0.536599	0.390209	0.536599	0.490185	0.536599	0.536599	0.536599	0.536599	
252	0.215117	0.536599	0.389568	0.536599	0.489844	0.536599	0.536599	0.536599	0.536599	
253	0.214169	0.536599	0.388927	0.536599	0.489502	0.536599	0.536599	0.536599	0.536599	
254	0.213225	0.536599	0.388287	0.536599	0.48916	0.536599	0.536599	0.536599	0.536599	
255	0.212281	0.536599	0.387644	0.536599	0.488811	0.536599	0.536599	0.536599	0.536599	
256	0.211338	0.536599	0.386999	0.536599	0.488459	0.536599	0.536599	0.536599	0.536599	
257	0.210402	0.536599	0.386358	0.536599	0.48811	0.536599	0.536599	0.536599	0.536599	
258	0.209466	0.536599	0.385714	0.536599	0.487756	0.536599	0.536599	0.536599	0.536599	
259	0.208531	0.536599	0.385068	0.536599	0.487397	0.536599	0.536599	0.536599	0.536599	
260	0.207599	0.536599	0.384422	0.536599	0.487037	0.536599	0.536599	0.536599	0.536599	
261	0.206672	0.536599	0.383778	0.536599	0.486678	0.536599	0.536599	0.536599	0.536599	
262	0.205752	0.536599	0.383138	0.536599	0.486323	0.536599	0.536599	0.536599	0.536599	
263	0.204829	0.536599	0.382492	0.536599	0.485959	0.536599	0.536599	0.536599	0.536599	
264	0.203908	0.536599	0.381847	0.536599	0.485593	0.536599	0.536599	0.536599	0.536599	
265	0.202994	0.536599	0.381204	0.536599	0.485229	0.536599	0.536599	0.536599	0.536599	
266	0.202081	0.536599	0.380559	0.536599	0.484861	0.536599	0.536599	0.536599	0.536599	
267	0.20117	0.536599	0.379915	0.536599	0.484491	0.536599	0.536599	0.536599	0.536599	
268	0.200268	0.536599	0.379275	0.536599	0.484127	0.536599	0.536599	0.536599	0.536599	
269	0.199375	0.536599	0.378641	0.536599	0.48377	0.536599	0.536599	0.536599	0.536599	
270	0.198849	0.536599	0.378007	0.536599	0.483412	0.536599	0.536599	0.536599	0.536599	
271	0.19832	0.536599	0.377374	0.536599	0.483052	0.536599	0.536599	0.536599	0.536599	
272	0.197786	0.536599	0.376738	0.536599	0.482687	0.536599	0.536599	0.536599	0.536599	
273	0.19725	0.536599	0.376103	0.536599	0.482322	0.536599	0.536599	0.536599	0.536599	
274	0.196713	0.536599	0.37547	0.536599	0.481958	0.536599	0.536599	0.536599	0.536599	
275	0.196173	0.536599	0.374837	0.536599	0.481592	0.536599	0.536599	0.536599	0.536599	
276	0.195631	0.536599	0.374204	0.536599	0.481226	0.536599	0.536599	0.536599	0.536599	
277	0.195085	0.536599	0.373571	0.536599	0.480857	0.536599	0.536599	0.536599	0.536599	
278	0.194555	0.536599	0.372939	0.536599	0.480488	0.536599	0.536599	0.536599	0.536599	
279	0.194024	0.536599	0.372307	0.536599	0.480117	0.536599	0.536599	0.536599	0.536599	
280	0.193489	0.536599	0.371675	0.536599	0.479745	0.536599	0.536599	0.536599	0.536599	
281	0.192963	0.536599	0.371044	0.536599	0.479373	0.536599	0.536599	0.536599	0.536599	
282	0.19246	0.536599	0.370413	0.536599	0.478999	0.536599	0.536599	0.536599	0.536599	
283	0.192001	0.536599	0.369783	0.536599	0.478624	0.536599	0.536599	0.536599	0.536599	
284	0.191538	0.536599	0.369153	0.536599	0.478248	0.536599	0.536599	0.536599	0.536599	
285	0.191072	0.536599	0.368524	0.536599	0.477871	0.536599	0.536599	0.536599	0.536599	
286	0.190612	0.536599	0.367895	0.536599	0.477494	0.536599	0.536599	0.536599	0.536599	
287	0.190149	0.536599	0.367266	0.536599	0.477115	0.536599	0.536599	0.536599	0.536599	
288	0.190091	0.536599	0.376442	0.536599	0.476736	0.536599	0.536599	0.536599	0.536599	
289	0.190047	0.536599	0.377632	0.536599	0.476355	0.536599	0.536599	0.536599	0.536599	
290	0.190001	0.536599	0.377669	0.536599	0.475974	0.536599	0.536599	0.536599	0.536599	
291	0.189953	0.536599	0.377659	0.536599	0.475592	0.536599	0.536599	0.536599	0.536599	
292	0.189907	0.536599	0.37802	0.536599	0.475209	0.536599	0.536599	0.536599	0.536599	
293	0.189852	0.536599	0.377376	0.536599	0.474825	0.536599	0.536599	0.536599	0.536599	
294	0.189787	0.536599	0.376732	0.536599	0.47444	0.536599	0.536599	0.536599	0.536599	
295	0.189711	0.536599	0.376101	0.536599	0.474055	0.536599	0.536599	0.536599	0.536599	
296	0.189626	0.536599	0.375457	0.536599	0.473669	0.536599	0.536599	0.536599	0.536599	
297	0.197203	0.536599	0.386362	0.536599	0.48316	0.536599	0.536599	0.536599	0.536599	
298	0.197171	0.536599	0.385753	0.536599	0.482801	0.536599	0.536599	0.536599	0.536599	
299	0.197128	0.536599	0.385143	0.536599	0.482441	0.536599	0.536599	0.536599	0.536599	
300	0.197075	0.536599	0.384533	0.536599	0.482079	0.536599	0.536599	0.536599	0.536599	
301	0.197011	0.536599	0.383923	0.536599	0.481717	0.536599	0.536599	0.536599	0.536599	
302	0.196936	0.536599	0.383312	0.536599	0.481352	0.536599	0.536599	0.536599	0.536599	
303	0.197922	0.536599	0.383758	0.536599	0.48207	0.536599	0.536599	0.536599	0.536599	
304	0.207674	0.536599	0.393093	0.536599	0.491667	0.536599	0.536599	0.536599	0.536599	
305	0.20984	0.536599	0.394782	0.536599	0.493585	0.536599	0.536599	0.536599	0.536599	
306	0.210879	0.536599	0.395327	0.536599	0.494376	0.536599	0.536599	0.536599	0.536599	
307	0.217387	0.536599	0.401418	0.536599	0.500709	0.536599	0.536599	0.536599	0.536599	
308	0.217315	0.536599	0.400864	0.536599	0.500393	0.536599	0.536599	0.536599	0.536599	
309	0.217232	0.536599	0.400307	0.536599	0.500074	0.536599	0.536599	0.536599	0.536599	
310	0.217137	0.536599	0.399749	0.536599	0.499753	0.536599	0.536599	0.536599	0.536599	
311	0.217032	0.536599	0.399189	0.536599	0.499429	0.536599	0.536599	0.536599	0.536599	
312	0.216915	0.536599	0.398627	0.536599	0.499103	0.536599	0.536599	0.536599	0.536599	
313	0.216787	0.536599	0.398064	0.536599	0.498775	0.536599	0.536599	0.536599	0.536599	
314	0.216649	0.536599	0.397499	0.536599	0.498444	0.536599	0.536599	0.536599	0.536599	
315	0.2165	0.536599	0.396932	0.536599	0.498111	0.536599	0.536599	0.536599	0.536599	
316	0.216341	0.536599	0.396364	0.536599	0.497776	0.536599	0.536599	0.536599	0.536599	
317	0.216171	0.536599	0.395794	0.536599	0.497438	0.536599	0.536599	0.536599	0.536599	
318	0.215992	0.536599	0.395223	0.536599	0.497099	0.536599	0.536599	0.536599	0.536599	
319	0.215803	0.536599	0.39465	0.536599	0.496757	0.536599	0.536599	0.536599	0.536599	
320	0.215604	0.536599	0.394076	0.536599	0.496413	0.536599	0.536599	0.536599	0.536599	
321	0.215395	0.536599	0.393501	0.536599	0.496067	0.536599	0.536599	0.536599	0.536599	
322	0.215177	0.536599	0.392925	0.536599	0.495719	0.536599	0.536599	0.536599	0.536599	
323	0.21495	0.536599	0.392347	0.536599	0.495369	0.536599	0.536599	0.536599	0.536599	
324	0.214815	0.536599	0.391863	0.536599	0.495092	0.536599	0.536599	0.536599	0.536599	
325	0.214572	0.536599	0.391283	0.536599	0.494738	0.536599	0.536599	0.536599	0.536599	
326	0.214319	0.536599	0.390702	0.536599	0.494383	0.536599	0.536599	0.536599	0.536599	
327	0.214108	0.536599	0.3902	0.536599	0.494187	0.536599	0.536599	0.536599	0.536599	
328	0.213841	0.536599	0.389618	0.536599	0.493827	0.536599	0.536599	0.536599	0.536599	
329	0.213565	0.536599	0.389035	0.536599	0.493465	0.536599	0.536599	0.536599	0.536599	
330	0.213281	0.536599	0.38845	0.536599	0.493102	0.536599	0.536599	0.536599	0.536599	
331	0.212988	0.536599	0.387865	0.536599	0.492737	0.536599	0.536599	0.536599	0.536599	
332	0.212688	0.536599	0.387279	0.536599	0.492371	0.536599	0.536599	0.536599	0.536599	
333	0.21238	0.536599	0.386692	0.536599	0.492003	0.536599	0.536599	0.536599	0.536599	
334	0.212064	0.536599	0.386104	0.536599	0.491633	0.536599	0.536599	0.536599	0.536599	
335	0.211741	0.536599	0.385516	0.536599	0.491262	0.536599	0.536599	0.536599	0.536599	
336	0.21141	0.536599	0.384926	0.536599	0.490889	0.536599	0.536599	0.536599	0.536599	
337	0.211072	0.536599	0.384336	0.536599	0.490515	0.536599	0.536599	0.536599	0.536599	
338	0.210726	0.536599	0.383745	0.536599	0.490139	0.536599	0.536599	0.536599	0.536599	
339	0.210374	0.536599	0.383154	0.536599	0.489761	0.536599	0.536599	0.536599	0.536599	
340	0.210015	0.536599	0.382561	0.536599	0.489383	0.536599	0.536599	0.536599	0.536599	
341	0.209648	0.536599	0.381968	0.536599	0.489002	0.536599	0.536599	0.536599	0.536599	
342	0.209275	0.536599	0.381375	0.536599	0.488621	0.536599	0.536599	0.536599	0.536599	
343	0.208896	0.536599	0.380781	0.536599	0.488238	0.536599	0.536599	0.536599	0.536599	
344	0.20851	0.536599	0.380186	0.536599	0.487854	0.536599	0.536599	0.536599	0.536599	
345	0.208118	0.536599	0.379591	0.536599	0.487469	0.536599	0.536599	0.536599	0.536599	
346	0.207719	0.536599	0.378996	0.536599	0.487082	0.536599	0.536599	0.536599	0.536599	
347	0.207315	0.536599	0.3784	0.536599	0.486695	0.536599	0.536599	0.536599	0.536599	
348	0.206904	0.536599	0.377804	0.536599	0.486306	0.536599	0.536599	0.536599	0.536599	
349	0.206488	0.536599	0.377207	0.536599	0.485916	0.536599	0.536599	0.536599	0.536599	
350	0.206066	0.536599	0.37661	0.536599	0.485524	0.536599	0.536599	0.536599	0.536599	
351	0.205638	0.536599	0.376013	0.536599	0.485132	0.536599	0.536599	0.536599	0.536599	
352	0.205205	0.536599	0.375416	0.536599	0.484739	0.536599	0.536599	0.536599	0.536599	
353	0.204766	0.536599	0.374818	0.536599	0.484345	0.536599	0.536599	0.536599	0.536599	
354	0.204322	0.536599	0.37422	0.536599	0.483949	0.536599	0.536599	0.536599	0.536599	
355	0.203873	0.536599	0.373622	0.536599	0.483553	0.536599	0.536599	0.536599	0.536599	
356	0.203419	0.536599	0.373023	0.536599	0.483156	0.536599	0.536599	0.536599	0.536599	
357	0.208561	0.536599	0.378177	0.536599	0.488414	0.536599	0.536599	0.536599	0.536599	
358	0.21201	0.536599	0.381524	0.536599	0.491969	0.536599	0.536599	0.536599	0.536599	
359	0.213729	0.536599	0.383136	0.536599	0.493772	0.536599	0.536599	0.536599	0.536599	
360	0.214827	0.536599	0.384119	0.536599	0.494957	0.536599	0.536599	0.536599	0.536599	
361	0.214394	0.536599	0.383557	0.536599	0.49459	0.536599	0.536599	0.536599	0.536599	
362	0.213955	0.536599	0.382994	0.536599	0.494222	0.536599	0.536599	0.536599	0.536599	
363	0.21351	0.536599	0.38243	0.536599	0.493852	0.536599	0.536599	0.536599	0.536599	
364	0.213059	0.536599	0.381865	0.536599	0.49348	0.536599	0.536599	0.536599	0.536599	
365	0.212603	0.536599	0.3813	0.536599	0.493106	0.536599	0.536599	0.536599	0.536599	
