#Output values file generated by Xhydro
10
ReportTime
point# 1
point# 2
point# 3
point# 4
point# 5
point# 6
point# 7
point# 8
point# 9
1	1.8715e-05	1.87159e-05	1.87153e-05	1.87145e-05	1.87143e-05	1.87145e-05	1.87144e-05	1.8713e-05	1.87189e-05	
2	1.88389e-05	1.92661e-05	1.88967e-05	1.93386e-05	1.89308e-05	1.91175e-05	1.90242e-05	1.89741e-05	1.92513e-05	
3	1.95456e-05	2.0456e-05	1.96812e-05	2.05746e-05	1.97342e-05	2.01202e-05	1.99284e-05	1.98216e-05	2.02915e-05	
4	2.05781e-05	2.19931e-05	2.07907e-05	2.21916e-05	2.08828e-05	2.14878e-05	2.11861e-05	2.10135e-05	2.15774e-05	
5	2.07009e-05	2.26164e-05	2.09817e-05	2.28902e-05	2.11126e-05	2.19375e-05	2.15262e-05	2.12959e-05	2.21773e-05	
6	2.08197e-05	2.32496e-05	2.1171e-05	2.35969e-05	2.13411e-05	2.23922e-05	2.1868e-05	2.15788e-05	2.27883e-05	
7	2.09345e-05	2.38928e-05	2.13586e-05	2.43116e-05	2.15681e-05	2.2852e-05	2.22117e-05	2.18621e-05	2.34107e-05	
8	2.11033e-05	2.46108e-05	2.16045e-05	2.5098e-05	2.18529e-05	2.33782e-05	2.26174e-05	2.22038e-05	2.4091e-05	
9	2.21993e-05	2.63652e-05	2.28026e-05	2.69333e-05	2.30986e-05	2.49096e-05	2.40064e-05	2.3519e-05	2.55597e-05	
10	2.29894e-05	2.78298e-05	2.36946e-05	2.84749e-05	2.40379e-05	2.61426e-05	2.5093e-05	2.4531e-05	2.68126e-05	
11	2.30982e-05	2.85673e-05	2.38913e-05	2.92809e-05	2.42785e-05	2.6661e-05	2.54726e-05	2.48391e-05	2.75238e-05	
12	2.32027e-05	2.93159e-05	2.40862e-05	3.0095e-05	2.45175e-05	2.71849e-05	2.5854e-05	2.51476e-05	2.82475e-05	
13	2.33031e-05	3.00756e-05	2.42794e-05	3.09173e-05	2.4755e-05	2.77143e-05	2.62373e-05	2.54564e-05	2.89839e-05	
14	2.33993e-05	3.08465e-05	2.44708e-05	3.17476e-05	2.49909e-05	2.82492e-05	2.66224e-05	2.57655e-05	2.97329e-05	
15	2.34913e-05	3.16285e-05	2.46604e-05	3.25858e-05	2.52251e-05	2.87895e-05	2.70093e-05	2.60749e-05	3.04944e-05	
16	2.35794e-05	3.2422e-05	2.48482e-05	3.34318e-05	2.54579e-05	2.93353e-05	2.73981e-05	2.63847e-05	3.1269e-05	
17	2.36633e-05	3.32267e-05	2.50343e-05	3.42856e-05	2.5689e-05	2.98866e-05	2.77886e-05	2.66947e-05	3.20567e-05	
18	2.37433e-05	3.4043e-05	2.52187e-05	3.5147e-05	2.59186e-05	3.04434e-05	2.81809e-05	2.70051e-05	3.28573e-05	
19	2.38193e-05	3.48706e-05	2.54013e-05	3.60159e-05	2.61465e-05	3.10058e-05	2.8575e-05	2.73157e-05	3.36711e-05	
20	2.38914e-05	3.57098e-05	2.55822e-05	3.68923e-05	2.63728e-05	3.15736e-05	2.89707e-05	2.76265e-05	3.4498e-05	
21	2.39595e-05	3.65606e-05	2.57614e-05	3.77761e-05	2.65975e-05	3.21469e-05	2.93682e-05	2.79376e-05	3.53382e-05	
22	2.40239e-05	3.7423e-05	2.59389e-05	3.86671e-05	2.68206e-05	3.27257e-05	2.97674e-05	2.82489e-05	3.61917e-05	
23	2.40844e-05	3.82972e-05	2.61147e-05	3.95654e-05	2.7042e-05	3.33101e-05	3.01683e-05	2.85604e-05	3.70585e-05	
24	2.41411e-05	3.9183e-05	2.62888e-05	4.04707e-05	2.72618e-05	3.38999e-05	3.05708e-05	2.88721e-05	3.79388e-05	
25	2.41942e-05	4.00807e-05	2.64612e-05	4.1383e-05	2.748e-05	3.44953e-05	3.0975e-05	2.9184e-05	3.88327e-05	
26	2.42435e-05	4.09901e-05	2.6632e-05	4.23023e-05	2.76965e-05	3.50961e-05	3.13808e-05	2.9496e-05	3.97401e-05	
27	2.42892e-05	4.19115e-05	2.68012e-05	4.32285e-05	2.79114e-05	3.57025e-05	3.17882e-05	2.98081e-05	4.06611e-05	
28	2.56098e-05	4.45842e-05	2.83406e-05	4.58923e-05	2.95052e-05	3.78848e-05	3.36752e-05	3.15276e-05	4.28412e-05	
29	2.60076e-05	4.60542e-05	2.88953e-05	4.73603e-05	3.01123e-05	3.89683e-05	3.45175e-05	3.2249e-05	4.41867e-05	
30	2.69659e-05	4.83123e-05	3.00519e-05	4.9625e-05	3.13363e-05	4.07693e-05	3.60277e-05	3.36114e-05	4.61268e-05	
31	2.70402e-05	4.94175e-05	3.02708e-05	5.07179e-05	3.16053e-05	4.14989e-05	3.65225e-05	3.39922e-05	4.71932e-05	
32	2.85789e-05	5.25587e-05	3.20623e-05	5.38606e-05	3.34777e-05	4.4081e-05	3.87477e-05	3.60287e-05	4.97977e-05	
33	2.91032e-05	5.43716e-05	3.27755e-05	5.56553e-05	3.42518e-05	4.54284e-05	3.98041e-05	3.69378e-05	5.14193e-05	
34	2.97482e-05	5.63836e-05	3.36211e-05	5.76543e-05	3.51666e-05	4.69549e-05	4.102e-05	3.79972e-05	5.31932e-05	
35	3.01725e-05	5.81297e-05	3.4235e-05	5.93804e-05	3.58473e-05	4.82282e-05	4.19915e-05	3.88221e-05	5.47685e-05	
36	3.02071e-05	5.93644e-05	3.44342e-05	6.05788e-05	3.61021e-05	4.90214e-05	4.25085e-05	3.92066e-05	5.59796e-05	
37	3.02375e-05	6.06142e-05	3.46313e-05	6.1785e-05	3.63548e-05	4.98214e-05	4.30274e-05	3.95913e-05	5.72075e-05	
38	3.0273e-05	6.18892e-05	3.48358e-05	6.30133e-05	3.66166e-05	5.06417e-05	4.35601e-05	3.99857e-05	5.84524e-05	
39	3.02953e-05	6.31696e-05	3.50292e-05	6.4235e-05	3.68653e-05	5.14556e-05	4.40828e-05	4.03705e-05	5.97144e-05	
40	3.06651e-05	6.49782e-05	3.5604e-05	6.59894e-05	3.75082e-05	5.27469e-05	4.50411e-05	4.11652e-05	6.12981e-05	
41	3.25694e-05	6.91211e-05	3.78662e-05	7.00426e-05	3.98617e-05	5.60883e-05	4.78847e-05	4.37404e-05	6.47107e-05	
42	3.26275e-05	7.05776e-05	3.81164e-05	7.14329e-05	4.01709e-05	5.70314e-05	4.85002e-05	4.41964e-05	6.60974e-05	
43	3.26422e-05	7.19796e-05	3.83205e-05	7.27729e-05	4.04338e-05	5.79291e-05	4.90693e-05	4.46102e-05	6.7494e-05	
44	3.26528e-05	7.3386e-05	3.85227e-05	7.41208e-05	4.06945e-05	5.88342e-05	4.96403e-05	4.5024e-05	6.89091e-05	
45	3.26593e-05	7.47968e-05	3.87228e-05	7.54764e-05	4.09529e-05	5.97466e-05	5.02132e-05	4.54377e-05	7.03425e-05	
46	3.26618e-05	7.62118e-05	3.8921e-05	7.68397e-05	4.12092e-05	6.06664e-05	5.07879e-05	4.58514e-05	7.17943e-05	
47	3.32387e-05	7.85431e-05	3.97644e-05	7.91175e-05	4.21234e-05	6.23993e-05	5.2099e-05	4.69482e-05	7.3793e-05	
48	3.32352e-05	7.99819e-05	3.99633e-05	8.05187e-05	4.23809e-05	6.33483e-05	5.26874e-05	4.73688e-05	7.52963e-05	
49	3.32279e-05	8.14244e-05	4.01604e-05	8.19276e-05	4.26363e-05	6.43048e-05	5.32776e-05	4.77893e-05	7.68186e-05	
50	3.43399e-05	8.46807e-05	4.16176e-05	8.51377e-05	4.41771e-05	6.68583e-05	5.53122e-05	4.9548e-05	7.95269e-05	
51	3.43287e-05	8.61613e-05	4.18197e-05	8.66064e-05	4.44389e-05	6.78584e-05	5.59257e-05	4.99824e-05	8.11187e-05	
52	3.54315e-05	8.94427e-05	4.32714e-05	8.99373e-05	4.60239e-05	7.05093e-05	5.80297e-05	5.18119e-05	8.40315e-05	
53	3.55183e-05	9.11297e-05	4.35965e-05	9.16506e-05	4.64226e-05	7.17169e-05	5.88139e-05	5.23888e-05	8.57435e-05	
54	3.9659e-05	9.89793e-05	4.84632e-05	9.89793e-05	5.14985e-05	7.87443e-05	6.48645e-05	5.79224e-05	9.23957e-05	
55	4.10836e-05	9.89793e-05	5.02945e-05	9.89793e-05	5.34659e-05	8.1972e-05	6.74396e-05	6.01742e-05	9.58874e-05	
56	4.12775e-05	9.89793e-05	5.07536e-05	9.89793e-05	5.40213e-05	8.34738e-05	6.84363e-05	6.09265e-05	9.79985e-05	
57	4.23601e-05	9.89793e-05	5.22109e-05	9.89793e-05	5.56125e-05	8.62764e-05	7.06034e-05	6.27856e-05	9.89793e-05	
58	4.28102e-05	9.89793e-05	5.2963e-05	9.89793e-05	5.6479e-05	8.81971e-05	7.19607e-05	6.38749e-05	9.89793e-05	
59	4.27903e-05	9.89793e-05	5.31878e-05	9.89793e-05	5.6804e-05	8.94542e-05	7.27109e-05	6.43928e-05	9.89793e-05	
60	4.31554e-05	9.89793e-05	5.38489e-05	9.89793e-05	5.75837e-05	9.12924e-05	7.39784e-05	6.53939e-05	9.89793e-05	
61	4.42321e-05	9.89793e-05	5.53162e-05	9.89793e-05	5.91994e-05	9.42012e-05	7.61985e-05	6.72742e-05	9.89793e-05	
62	4.42021e-05	9.89793e-05	5.55346e-05	9.89793e-05	5.95299e-05	9.55053e-05	7.69662e-05	6.78011e-05	9.89793e-05	
63	4.51243e-05	9.89793e-05	5.68353e-05	9.89793e-05	6.09849e-05	9.82453e-05	7.90161e-05	6.95299e-05	9.89793e-05	
64	4.50874e-05	9.89793e-05	5.7049e-05	9.89793e-05	6.13184e-05	9.89793e-05	7.97946e-05	7.00622e-05	9.89793e-05	
65	4.50456e-05	9.89793e-05	5.72576e-05	9.89793e-05	6.16486e-05	9.89793e-05	8.05714e-05	7.05918e-05	9.89793e-05	
66	4.7928e-05	9.89793e-05	6.08059e-05	9.89793e-05	6.55166e-05	9.89793e-05	8.53933e-05	7.4888e-05	9.89793e-05	
67	4.81674e-05	9.89793e-05	6.13444e-05	9.89793e-05	6.62133e-05	9.89793e-05	8.66035e-05	7.58126e-05	9.89793e-05	
68	4.812e-05	9.89793e-05	6.15554e-05	9.89793e-05	6.65646e-05	9.89793e-05	8.7422e-05	7.63698e-05	9.89793e-05	
69	4.84625e-05	9.89793e-05	6.22166e-05	9.89793e-05	6.74025e-05	9.89793e-05	8.88009e-05	7.74361e-05	9.89793e-05	
70	4.98461e-05	9.89793e-05	6.4071e-05	9.89793e-05	6.94781e-05	9.89793e-05	9.16053e-05	7.98455e-05	9.89793e-05	
71	5.06096e-05	9.89793e-05	6.52191e-05	9.89793e-05	7.08223e-05	9.89793e-05	9.35769e-05	8.14642e-05	9.89793e-05	
72	5.14659e-05	9.89793e-05	6.64805e-05	9.89793e-05	7.22914e-05	9.89793e-05	9.5698e-05	8.32256e-05	9.89793e-05	
73	5.14029e-05	9.89793e-05	6.66831e-05	9.89793e-05	7.26592e-05	9.89793e-05	9.65571e-05	8.38064e-05	9.89793e-05	
74	5.13347e-05	9.89793e-05	6.68801e-05	9.89793e-05	7.30231e-05	9.89793e-05	9.74138e-05	8.43837e-05	9.89793e-05	
75	5.12613e-05	9.89793e-05	6.70713e-05	9.89793e-05	7.33831e-05	9.89793e-05	9.8268e-05	8.49574e-05	9.89793e-05	
76	5.11829e-05	9.89793e-05	6.72569e-05	9.89793e-05	7.37392e-05	9.89793e-05	9.89793e-05	8.55277e-05	9.89793e-05	
77	5.10997e-05	9.89793e-05	6.74371e-05	9.89793e-05	7.40916e-05	9.89793e-05	9.89793e-05	8.60948e-05	9.89793e-05	
78	5.10116e-05	9.89793e-05	6.76117e-05	9.89793e-05	7.44402e-05	9.89793e-05	9.89793e-05	8.66582e-05	9.89793e-05	
79	5.09189e-05	9.89793e-05	6.77809e-05	9.89793e-05	7.4785e-05	9.89793e-05	9.89793e-05	8.72182e-05	9.89793e-05	
80	5.08215e-05	9.89793e-05	6.79447e-05	9.89793e-05	7.51259e-05	9.89793e-05	9.89793e-05	8.77747e-05	9.89793e-05	
81	5.07196e-05	9.89793e-05	6.81032e-05	9.89793e-05	7.5463e-05	9.89793e-05	9.89793e-05	8.83277e-05	9.89793e-05	
82	5.06133e-05	9.89793e-05	6.82563e-05	9.89793e-05	7.57964e-05	9.89793e-05	9.89793e-05	8.88771e-05	9.89793e-05	
83	5.05026e-05	9.89793e-05	6.84042e-05	9.89793e-05	7.61259e-05	9.89793e-05	9.89793e-05	8.9423e-05	9.89793e-05	
84	5.03877e-05	9.89793e-05	6.85469e-05	9.89793e-05	7.64517e-05	9.89793e-05	9.89793e-05	8.99653e-05	9.89793e-05	
85	5.02684e-05	9.89793e-05	6.86842e-05	9.89793e-05	7.67736e-05	9.89793e-05	9.89793e-05	9.05036e-05	9.89793e-05	
86	5.01448e-05	9.89793e-05	6.8816e-05	9.89793e-05	7.70912e-05	9.89793e-05	9.89793e-05	9.10378e-05	9.89793e-05	
87	5.00171e-05	9.89793e-05	6.89427e-05	9.89793e-05	7.74051e-05	9.89793e-05	9.89793e-05	9.15682e-05	9.89793e-05	
88	4.98859e-05	9.89793e-05	6.90649e-05	9.89793e-05	7.77158e-05	9.89793e-05	9.89793e-05	9.20956e-05	9.89793e-05	
89	4.9751e-05	9.89793e-05	6.91823e-05	9.89793e-05	7.80229e-05	9.89793e-05	9.89793e-05	9.26197e-05	9.89793e-05	
90	4.96124e-05	9.89793e-05	6.92947e-05	9.89793e-05	7.83262e-05	9.89793e-05	9.89793e-05	9.31401e-05	9.89793e-05	
91	4.94701e-05	9.89793e-05	6.94023e-05	9.89793e-05	7.86259e-05	9.89793e-05	9.89793e-05	9.36569e-05	9.89793e-05	
92	4.93243e-05	9.89793e-05	6.9505e-05	9.89793e-05	7.89219e-05	9.89793e-05	9.89793e-05	9.417e-05	9.89793e-05	
93	4.91748e-05	9.89793e-05	6.96027e-05	9.89793e-05	7.92139e-05	9.89793e-05	9.89793e-05	9.46788e-05	9.89793e-05	
94	4.90216e-05	9.89793e-05	6.96954e-05	9.89793e-05	7.9502e-05	9.89793e-05	9.89793e-05	9.51836e-05	9.89793e-05	
95	4.88653e-05	9.89793e-05	6.97837e-05	9.89793e-05	7.97856e-05	9.89793e-05	9.89793e-05	9.56849e-05	9.89793e-05	
96	4.87046e-05	9.89793e-05	6.98658e-05	9.89793e-05	8.00627e-05	9.89793e-05	9.89793e-05	9.61803e-05	9.89793e-05	
97	4.85391e-05	9.89793e-05	6.99416e-05	9.89793e-05	8.03328e-05	9.89793e-05	9.89793e-05	9.66692e-05	9.89793e-05	
98	4.83721e-05	9.89793e-05	7.00146e-05	9.89793e-05	8.06001e-05	9.89793e-05	9.89793e-05	9.71569e-05	9.89793e-05	
99	4.82026e-05	9.89793e-05	7.00838e-05	9.89793e-05	8.08633e-05	9.89793e-05	9.89793e-05	9.76416e-05	9.89793e-05	
100	4.80302e-05	9.89793e-05	7.01486e-05	9.89793e-05	8.11217e-05	9.89793e-05	9.89793e-05	9.81226e-05	9.89793e-05	
101	4.7855e-05	9.89793e-05	7.0209e-05	9.89793e-05	8.13754e-05	9.89793e-05	9.89793e-05	9.85999e-05	9.89793e-05	
102	4.76774e-05	9.89793e-05	7.02656e-05	9.89793e-05	8.16247e-05	9.89793e-05	9.89793e-05	9.89779e-05	9.89793e-05	
103	4.74961e-05	9.89793e-05	7.03167e-05	9.89793e-05	8.18682e-05	9.89793e-05	9.89793e-05	9.89762e-05	9.89793e-05	
104	4.73134e-05	9.89793e-05	7.03649e-05	9.89793e-05	8.21085e-05	9.89793e-05	9.89793e-05	9.89793e-05	9.89793e-05	
105	4.71283e-05	9.89793e-05	7.04091e-05	9.89793e-05	8.23443e-05	9.89793e-05	9.89793e-05	9.89793e-05	9.89793e-05	
106	4.69401e-05	9.89793e-05	7.04484e-05	9.89793e-05	8.25747e-05	9.89793e-05	9.89793e-05	9.89793e-05	9.89793e-05	
107	4.67492e-05	9.89793e-05	7.04834e-05	9.89793e-05	8.28001e-05	9.89793e-05	9.89793e-05	9.89793e-05	9.89793e-05	
108	4.65558e-05	9.89793e-05	7.05141e-05	9.89793e-05	8.30207e-05	9.89793e-05	9.89793e-05	9.89793e-05	9.89793e-05	
109	4.63588e-05	9.89793e-05	7.05392e-05	9.89793e-05	8.32348e-05	9.89793e-05	9.89793e-05	9.89793e-05	9.89793e-05	
110	4.61598e-05	9.89793e-05	7.05605e-05	9.89793e-05	8.34446e-05	9.89793e-05	9.89793e-05	9.89793e-05	9.89793e-05	
111	4.5959e-05	9.89793e-05	7.05783e-05	9.89793e-05	8.36505e-05	9.89793e-05	9.89793e-05	9.89793e-05	9.89793e-05	
112	4.57555e-05	9.89793e-05	7.05914e-05	9.89793e-05	8.38508e-05	9.89793e-05	9.89793e-05	9.89793e-05	9.89793e-05	
113	4.55506e-05	9.89793e-05	7.06015e-05	9.89793e-05	8.40478e-05	9.89793e-05	9.89793e-05	9.89793e-05	9.89793e-05	
114	4.53441e-05	9.89793e-05	7.06084e-05	9.89793e-05	8.42408e-05	9.89793e-05	9.89793e-05	9.89793e-05	9.89793e-05	
115	4.5136e-05	9.89793e-05	7.06118e-05	9.89793e-05	8.44299e-05	9.89793e-05	9.89793e-05	9.89793e-05	9.89793e-05	
116	4.49263e-05	9.89793e-05	7.06117e-05	9.89793e-05	8.46148e-05	9.89793e-05	9.89793e-05	9.89793e-05	9.89793e-05	
117	4.47151e-05	9.89793e-05	7.06084e-05	9.89793e-05	8.4796e-05	9.89793e-05	9.89793e-05	9.89793e-05	9.89793e-05	
118	4.4501e-05	9.89793e-05	7.06001e-05	9.89793e-05	8.4971e-05	9.89793e-05	9.89793e-05	9.89793e-05	9.89793e-05	
119	4.42847e-05	9.89793e-05	7.05874e-05	9.89793e-05	8.51409e-05	9.89793e-05	9.89793e-05	9.89793e-05	9.89793e-05	
120	4.40699e-05	9.89793e-05	7.05748e-05	9.89793e-05	8.53111e-05	9.89793e-05	9.89793e-05	9.89793e-05	9.89793e-05	
121	4.38529e-05	9.89793e-05	7.0558e-05	9.89793e-05	8.5476e-05	9.89793e-05	9.89793e-05	9.89793e-05	9.89793e-05	
122	4.36334e-05	9.89793e-05	7.05365e-05	9.89793e-05	8.56353e-05	9.89793e-05	9.89793e-05	9.89793e-05	9.89793e-05	
123	4.34142e-05	9.89793e-05	7.05139e-05	9.89793e-05	8.57931e-05	9.89793e-05	9.89793e-05	9.89793e-05	9.89793e-05	
124	4.31932e-05	9.89793e-05	7.04873e-05	9.89793e-05	8.5946e-05	9.89793e-05	9.89793e-05	9.89793e-05	9.89793e-05	
125	4.29718e-05	9.89793e-05	7.04584e-05	9.89793e-05	8.60962e-05	9.89793e-05	9.89793e-05	9.89793e-05	9.89793e-05	
126	4.27484e-05	9.89793e-05	7.04255e-05	9.89793e-05	8.62414e-05	9.89793e-05	9.89793e-05	9.89793e-05	9.89793e-05	
127	4.25224e-05	9.89793e-05	7.03876e-05	9.89793e-05	8.63802e-05	9.89793e-05	9.89793e-05	9.89793e-05	9.89793e-05	
128	4.22974e-05	9.89793e-05	7.03491e-05	9.89793e-05	8.65183e-05	9.89793e-05	9.89793e-05	9.89793e-05	9.89793e-05	
129	4.20683e-05	9.89793e-05	7.03041e-05	9.89793e-05	8.6648e-05	9.89793e-05	9.89793e-05	9.89793e-05	9.89793e-05	
130	4.18368e-05	9.89793e-05	7.02542e-05	9.89793e-05	8.67716e-05	9.89793e-05	9.89793e-05	9.89793e-05	9.89793e-05	
131	4.16058e-05	9.89793e-05	7.02029e-05	9.89793e-05	8.68934e-05	9.89793e-05	9.89793e-05	9.89793e-05	9.89793e-05	
132	4.13775e-05	9.89793e-05	7.01533e-05	9.89793e-05	8.70172e-05	9.89793e-05	9.89793e-05	9.89793e-05	9.89793e-05	
133	4.11475e-05	9.89793e-05	7.00996e-05	9.89793e-05	8.7136e-05	9.89793e-05	9.89793e-05	9.89793e-05	9.89793e-05	
134	4.0916e-05	9.89793e-05	7.00423e-05	9.89793e-05	8.72499e-05	9.89793e-05	9.89793e-05	9.89793e-05	9.89793e-05	
135	4.0683e-05	9.89793e-05	6.99813e-05	9.89793e-05	8.73589e-05	9.89793e-05	9.89793e-05	9.89793e-05	9.89793e-05	
136	4.04481e-05	9.89793e-05	6.99158e-05	9.89793e-05	8.74621e-05	9.89793e-05	9.89793e-05	9.89793e-05	9.89793e-05	
137	4.02138e-05	9.89793e-05	6.98494e-05	9.89793e-05	8.7564e-05	9.89793e-05	9.89793e-05	9.89793e-05	9.89793e-05	
138	3.9977e-05	9.89793e-05	6.97778e-05	9.89793e-05	8.7659e-05	9.89793e-05	9.89793e-05	9.89793e-05	9.89793e-05	
139	3.97397e-05	9.89793e-05	6.97037e-05	9.89793e-05	8.77506e-05	9.89793e-05	9.89793e-05	9.89793e-05	9.89793e-05	
140	3.95036e-05	9.89793e-05	6.96292e-05	9.89793e-05	8.78415e-05	9.89793e-05	9.89793e-05	9.89793e-05	9.89793e-05	
141	3.92632e-05	9.89793e-05	6.95472e-05	9.89793e-05	8.79224e-05	9.89793e-05	9.89793e-05	9.89793e-05	9.89793e-05	
142	3.90212e-05	9.89793e-05	6.94612e-05	9.89793e-05	8.79979e-05	9.89793e-05	9.89793e-05	9.89793e-05	9.89793e-05	
143	3.87773e-05	9.89793e-05	6.93707e-05	9.89793e-05	8.80673e-05	9.89793e-05	9.89793e-05	9.89793e-05	9.89793e-05	
144	3.85406e-05	9.89793e-05	6.92875e-05	9.89793e-05	8.81461e-05	9.89793e-05	9.89793e-05	9.89793e-05	9.89793e-05	
145	3.83037e-05	9.89793e-05	6.92017e-05	9.89793e-05	8.82216e-05	9.89793e-05	9.89793e-05	9.89793e-05	9.89793e-05	
146	3.80673e-05	9.89793e-05	6.91146e-05	9.89793e-05	8.82952e-05	9.89793e-05	9.89793e-05	9.89793e-05	9.89793e-05	
147	3.78275e-05	9.89793e-05	6.90211e-05	9.89793e-05	8.83599e-05	9.89793e-05	9.89793e-05	9.89793e-05	9.89793e-05	
148	3.75845e-05	9.89793e-05	6.89212e-05	9.89793e-05	8.8416e-05	9.89793e-05	9.89793e-05	9.89793e-05	9.89793e-05	
149	3.73432e-05	9.89793e-05	6.88216e-05	9.89793e-05	8.84722e-05	9.89793e-05	9.89793e-05	9.89793e-05	9.89793e-05	
150	3.71012e-05	9.89793e-05	6.87192e-05	9.89793e-05	8.85243e-05	9.89793e-05	9.89793e-05	9.89793e-05	9.89793e-05	
151	3.68585e-05	9.89793e-05	6.86138e-05	9.89793e-05	8.85721e-05	9.89793e-05	9.89793e-05	9.89793e-05	9.89793e-05	
152	3.66151e-05	9.89793e-05	6.85052e-05	9.89793e-05	8.86154e-05	9.89793e-05	9.89793e-05	9.89793e-05	9.89793e-05	
153	3.63681e-05	9.89793e-05	6.839e-05	9.89793e-05	8.86493e-05	9.89793e-05	9.89793e-05	9.89793e-05	9.89793e-05	
154	3.61205e-05	9.89793e-05	6.82716e-05	9.89793e-05	8.86787e-05	9.89793e-05	9.89793e-05	9.89793e-05	9.89793e-05	
155	3.58732e-05	9.89793e-05	6.81518e-05	9.89793e-05	8.87055e-05	9.89793e-05	9.89793e-05	9.89793e-05	9.89793e-05	
156	3.56276e-05	9.89793e-05	6.80318e-05	9.89793e-05	8.8732e-05	9.89793e-05	9.89793e-05	9.89793e-05	9.89793e-05	
157	3.53861e-05	9.89793e-05	6.79152e-05	9.89793e-05	8.87623e-05	9.89793e-05	9.89793e-05	9.89793e-05	9.89793e-05	
158	3.51424e-05	9.89793e-05	6.77936e-05	9.89793e-05	8.87855e-05	9.89793e-05	9.89793e-05	9.89793e-05	9.89793e-05	
159	3.49052e-05	9.89793e-05	6.76783e-05	9.89793e-05	8.88171e-05	9.89793e-05	9.89793e-05	9.89793e-05	9.89793e-05	
160	3.46632e-05	9.89793e-05	6.75549e-05	9.89793e-05	8.88368e-05	9.89793e-05	9.89793e-05	9.89793e-05	9.89793e-05	
161	3.44191e-05	9.89793e-05	6.74262e-05	9.89793e-05	8.88491e-05	9.89793e-05	9.89793e-05	9.89793e-05	9.89793e-05	
162	3.41742e-05	9.89793e-05	6.7294e-05	9.89793e-05	8.8856e-05	9.89793e-05	9.89793e-05	9.89793e-05	9.89793e-05	
163	3.39376e-05	9.89793e-05	6.7171e-05	9.89793e-05	8.88754e-05	9.89793e-05	9.89793e-05	9.89793e-05	9.89793e-05	
164	3.36924e-05	9.89793e-05	6.70335e-05	9.89793e-05	8.88747e-05	9.89793e-05	9.89793e-05	9.89793e-05	9.89793e-05	
165	3.34545e-05	9.89793e-05	6.69042e-05	9.89793e-05	8.8885e-05	9.89793e-05	9.89793e-05	9.89793e-05	9.89793e-05	
166	3.32156e-05	9.89793e-05	6.67716e-05	9.89793e-05	8.88897e-05	9.89793e-05	9.89793e-05	9.89793e-05	9.89793e-05	
167	3.29752e-05	9.89793e-05	6.66346e-05	9.89793e-05	8.88881e-05	9.89793e-05	9.89793e-05	9.89793e-05	9.89793e-05	
168	3.27362e-05	9.89793e-05	6.64975e-05	9.89793e-05	8.88857e-05	9.89793e-05	9.89793e-05	9.89793e-05	9.89793e-05	
169	3.24976e-05	9.89793e-05	6.63588e-05	9.89793e-05	8.88806e-05	9.89793e-05	9.89793e-05	9.89793e-05	9.89793e-05	
170	3.22628e-05	9.89793e-05	6.62229e-05	9.89793e-05	8.8879e-05	9.89793e-05	9.89793e-05	9.89793e-05	9.89793e-05	
171	3.20302e-05	9.89793e-05	6.60879e-05	9.89793e-05	8.88782e-05	9.89793e-05	9.89793e-05	9.89793e-05	9.89793e-05	
172	3.18005e-05	9.89793e-05	6.59547e-05	9.89793e-05	8.88797e-05	9.89793e-05	9.89793e-05	9.89793e-05	9.89793e-05	
173	3.15717e-05	9.89793e-05	6.58206e-05	9.89793e-05	8.88794e-05	9.89793e-05	9.89793e-05	9.89793e-05	9.89793e-05	
174	3.13387e-05	9.89793e-05	6.56785e-05	9.89793e-05	8.88676e-05	9.89793e-05	9.89793e-05	9.89793e-05	9.89793e-05	
175	3.11031e-05	9.89793e-05	6.55305e-05	9.89793e-05	8.88469e-05	9.89793e-05	9.89793e-05	9.89793e-05	9.89793e-05	
176	3.08715e-05	9.89793e-05	6.53861e-05	9.89793e-05	8.88305e-05	9.89793e-05	9.89793e-05	9.89793e-05	9.89793e-05	
177	3.06377e-05	9.89793e-05	6.52365e-05	9.89793e-05	8.8806e-05	9.89793e-05	9.89793e-05	9.89793e-05	9.89793e-05	
178	3.04079e-05	9.89793e-05	6.50903e-05	9.89793e-05	8.87856e-05	9.89793e-05	9.89793e-05	9.89793e-05	9.89793e-05	
179	3.01752e-05	9.89793e-05	6.49378e-05	9.89793e-05	8.87558e-05	9.89793e-05	9.89793e-05	9.89793e-05	9.89793e-05	
180	2.99444e-05	9.89793e-05	6.47859e-05	9.89793e-05	8.8726e-05	9.89793e-05	9.89793e-05	9.89793e-05	9.89793e-05	
181	2.97152e-05	9.89793e-05	6.46339e-05	9.89793e-05	8.86958e-05	9.89793e-05	9.89793e-05	9.89793e-05	9.89793e-05	
182	2.94816e-05	9.89793e-05	6.44737e-05	9.89793e-05	8.8653e-05	9.89793e-05	9.89793e-05	9.89793e-05	9.89793e-05	
183	2.92566e-05	9.89793e-05	6.43234e-05	9.89793e-05	8.86242e-05	9.89793e-05	9.89793e-05	9.89793e-05	9.89793e-05	
184	2.90295e-05	9.89793e-05	6.41678e-05	9.89793e-05	8.85869e-05	9.89793e-05	9.89793e-05	9.89793e-05	9.89793e-05	
185	2.88029e-05	9.89793e-05	6.40109e-05	9.89793e-05	8.85469e-05	9.89793e-05	9.89793e-05	9.89793e-05	9.89793e-05	
186	2.85727e-05	9.89793e-05	6.38468e-05	9.89793e-05	8.84957e-05	9.89793e-05	9.89793e-05	9.89793e-05	9.89793e-05	
187	2.83444e-05	9.89793e-05	6.3683e-05	9.89793e-05	8.84445e-05	9.89793e-05	9.89793e-05	9.89793e-05	9.89793e-05	
188	2.81175e-05	9.89793e-05	6.35193e-05	9.89793e-05	8.83923e-05	9.89793e-05	9.89793e-05	9.89793e-05	9.89793e-05	
189	2.7893e-05	9.89793e-05	6.33567e-05	9.89793e-05	8.83412e-05	9.89793e-05	9.89793e-05	9.89793e-05	9.89793e-05	
190	2.76736e-05	9.89793e-05	6.31989e-05	9.89793e-05	8.82969e-05	9.89793e-05	9.89793e-05	9.89793e-05	9.89793e-05	
191	2.74559e-05	9.89793e-05	6.30415e-05	9.89793e-05	8.82528e-05	9.89793e-05	9.89793e-05	9.89793e-05	9.89793e-05	
192	2.72379e-05	9.89793e-05	6.28816e-05	9.89793e-05	8.82042e-05	9.89793e-05	9.89793e-05	9.89793e-05	9.89793e-05	
193	2.70174e-05	9.89793e-05	6.27163e-05	9.89793e-05	8.81462e-05	9.89793e-05	9.89793e-05	9.89793e-05	9.89793e-05	
194	2.6797e-05	9.89793e-05	6.25488e-05	9.89793e-05	8.80845e-05	9.89793e-05	9.89793e-05	9.89793e-05	9.89793e-05	
195	2.65778e-05	9.89793e-05	6.23812e-05	9.89793e-05	8.80216e-05	9.89793e-05	9.89793e-05	9.89793e-05	9.89793e-05	
196	2.63543e-05	9.89793e-05	6.22034e-05	9.89793e-05	8.79442e-05	9.89793e-05	9.89793e-05	9.89793e-05	9.89793e-05	
197	2.61418e-05	9.89793e-05	6.20406e-05	9.89793e-05	8.78881e-05	9.89793e-05	9.89793e-05	9.89793e-05	9.89793e-05	
198	2.59285e-05	9.89793e-05	6.18747e-05	9.89793e-05	8.78262e-05	9.89793e-05	9.89793e-05	9.89793e-05	9.89793e-05	
199	2.5718e-05	9.89793e-05	6.17108e-05	9.89793e-05	8.77666e-05	9.89793e-05	9.89793e-05	9.89793e-05	9.89793e-05	
200	2.55029e-05	9.89793e-05	6.15382e-05	9.89793e-05	8.76928e-05	9.89793e-05	9.89793e-05	9.89793e-05	9.89793e-05	
201	2.52911e-05	9.89793e-05	6.13682e-05	9.89793e-05	8.76225e-05	9.89793e-05	9.89793e-05	9.89793e-05	9.89793e-05	
202	2.50821e-05	9.89793e-05	6.12002e-05	9.89793e-05	8.75545e-05	9.89793e-05	9.89793e-05	9.89793e-05	9.89793e-05	
203	2.48716e-05	9.89793e-05	6.1028e-05	9.89793e-05	8.7479e-05	9.89793e-05	9.89793e-05	9.89793e-05	9.89793e-05	
204	2.46612e-05	9.89793e-05	6.08539e-05	9.89793e-05	8.73998e-05	9.89793e-05	9.89793e-05	9.89793e-05	9.89793e-05	
205	2.4454e-05	9.89793e-05	6.06825e-05	9.89793e-05	8.7324e-05	9.89793e-05	9.89793e-05	9.89793e-05	9.89793e-05	
206	2.42442e-05	9.89793e-05	6.05048e-05	9.89793e-05	8.72379e-05	9.89793e-05	9.89793e-05	9.89793e-05	9.89793e-05	
207	2.40389e-05	9.89793e-05	6.03319e-05	9.89793e-05	8.71584e-05	9.89793e-05	9.89793e-05	9.89793e-05	9.89793e-05	
208	2.38373e-05	9.89793e-05	6.0162e-05	9.89793e-05	8.70834e-05	9.89793e-05	9.89793e-05	9.89793e-05	9.89793e-05	
209	2.36323e-05	9.89793e-05	5.9985e-05	9.89793e-05	8.69963e-05	9.89793e-05	9.89793e-05	9.89793e-05	9.89793e-05	
210	2.34277e-05	9.89793e-05	5.98056e-05	9.89793e-05	8.69058e-05	9.89793e-05	9.89793e-05	9.89793e-05	9.89793e-05	
211	2.32266e-05	9.89793e-05	5.96299e-05	9.89793e-05	8.682e-05	9.89793e-05	9.89793e-05	9.89793e-05	9.89793e-05	
212	2.30249e-05	9.89793e-05	5.94499e-05	9.89793e-05	8.6728e-05	9.89793e-05	9.89793e-05	9.89793e-05	9.89793e-05	
213	2.28249e-05	9.89793e-05	5.92687e-05	9.89793e-05	8.6636e-05	9.89793e-05	9.89793e-05	9.89793e-05	9.89793e-05	
214	2.26261e-05	9.89793e-05	5.9085e-05	9.89793e-05	8.65428e-05	9.89793e-05	9.89793e-05	9.89793e-05	9.89793e-05	
215	2.24332e-05	9.89793e-05	5.89116e-05	9.89793e-05	8.64606e-05	9.89793e-05	9.89793e-05	9.89793e-05	9.89793e-05	
216	2.22416e-05	9.89793e-05	5.87395e-05	9.89793e-05	8.63775e-05	9.89793e-05	9.89793e-05	9.89793e-05	9.89793e-05	
217	2.20493e-05	9.89793e-05	5.85636e-05	9.89793e-05	8.62888e-05	9.89793e-05	9.89793e-05	9.89793e-05	9.89793e-05	
218	2.18553e-05	9.89793e-05	5.83806e-05	9.89793e-05	8.61916e-05	9.89793e-05	9.89793e-05	9.89793e-05	9.89793e-05	
219	2.16634e-05	9.89793e-05	5.81979e-05	9.89793e-05	8.60955e-05	9.89793e-05	9.89793e-05	9.89793e-05	9.89793e-05	
220	2.14738e-05	9.89793e-05	5.80167e-05	9.89793e-05	8.60013e-05	9.89793e-05	9.89793e-05	9.89565e-05	9.89793e-05	
221	2.12869e-05	9.89793e-05	5.7839e-05	9.89793e-05	8.591e-05	9.89793e-05	9.89793e-05	9.89617e-05	9.89793e-05	
222	2.11026e-05	9.89793e-05	5.7665e-05	9.89793e-05	8.58217e-05	9.89793e-05	9.89793e-05	9.89709e-05	9.89793e-05	
223	2.09161e-05	9.89793e-05	5.74879e-05	9.89793e-05	8.57239e-05	9.89793e-05	9.89793e-05	9.89694e-05	9.89793e-05	
224	2.07269e-05	9.89793e-05	5.7304e-05	9.89793e-05	8.56149e-05	9.89793e-05	9.89793e-05	9.89612e-05	9.89793e-05	
225	2.0539e-05	9.89793e-05	5.71194e-05	9.89793e-05	8.5505e-05	9.89793e-05	9.89793e-05	9.89604e-05	9.89793e-05	
226	2.03533e-05	9.89793e-05	5.69356e-05	9.89793e-05	8.53967e-05	9.89793e-05	9.89793e-05	9.89613e-05	9.89793e-05	
227	2.0174e-05	9.89793e-05	5.67613e-05	9.89793e-05	8.53009e-05	9.89793e-05	9.89793e-05	9.89739e-05	9.89793e-05	
228	1.99946e-05	9.89793e-05	5.65854e-05	9.89793e-05	8.5201e-05	9.89793e-05	9.89793e-05	9.8972e-05	9.89793e-05	
229	1.98127e-05	9.89793e-05	5.64036e-05	9.89793e-05	8.50907e-05	9.89793e-05	9.89793e-05	9.89644e-05	9.89793e-05	
230	1.96326e-05	9.89793e-05	5.62228e-05	9.89793e-05	8.49809e-05	9.89793e-05	9.89793e-05	9.89657e-05	9.89793e-05	
231	1.94591e-05	9.89793e-05	5.60506e-05	9.89793e-05	8.48843e-05	9.89793e-05	9.89793e-05	9.89766e-05	9.89793e-05	
232	1.9286e-05	9.89793e-05	5.58773e-05	9.89793e-05	8.47853e-05	9.89793e-05	9.89793e-05	9.89755e-05	9.89793e-05	
233	1.91109e-05	9.89793e-05	5.56989e-05	9.89793e-05	8.46771e-05	9.89793e-05	9.89793e-05	9.89688e-05	9.89793e-05	
234	1.89353e-05	9.89793e-05	5.55179e-05	9.89793e-05	8.45633e-05	9.89793e-05	9.89793e-05	9.89652e-05	9.89793e-05	
235	1.87669e-05	9.89793e-05	5.53465e-05	9.89793e-05	8.44649e-05	9.89793e-05	9.89793e-05	9.89779e-05	9.89793e-05	
236	1.85971e-05	9.89793e-05	5.51709e-05	9.89793e-05	8.43585e-05	9.89793e-05	9.89793e-05	9.89725e-05	9.89793e-05	
237	1.84287e-05	9.89793e-05	5.49959e-05	9.89793e-05	8.42524e-05	9.89793e-05	9.89793e-05	9.89733e-05	9.89793e-05	
238	1.82601e-05	9.89793e-05	5.48188e-05	9.89793e-05	8.41417e-05	9.89793e-05	9.89793e-05	9.89704e-05	9.89793e-05	
239	1.80964e-05	9.89793e-05	5.46475e-05	9.89793e-05	8.40402e-05	9.89793e-05	9.89793e-05	9.89782e-05	9.89793e-05	
240	1.79328e-05	9.89793e-05	5.44748e-05	9.89793e-05	8.39354e-05	9.89793e-05	9.89793e-05	9.89761e-05	9.89793e-05	
241	1.77703e-05	9.89793e-05	5.43022e-05	9.89793e-05	8.38298e-05	9.89793e-05	9.89793e-05	9.89762e-05	9.89793e-05	
242	1.76078e-05	9.89793e-05	5.41279e-05	9.89793e-05	8.37204e-05	9.89793e-05	9.89793e-05	9.89736e-05	9.89793e-05	
243	1.74484e-05	9.89793e-05	5.39567e-05	9.89793e-05	8.36156e-05	9.89793e-05	9.89793e-05	9.89793e-05	9.89793e-05	
244	1.72898e-05	9.89793e-05	5.37851e-05	9.89793e-05	8.35093e-05	9.89793e-05	9.89793e-05	9.89793e-05	9.89793e-05	
245	1.71326e-05	9.89793e-05	5.36137e-05	9.89793e-05	8.34026e-05	9.89793e-05	9.89793e-05	9.89793e-05	9.89793e-05	
246	1.69765e-05	9.89793e-05	5.34425e-05	9.89793e-05	8.32952e-05	9.89793e-05	9.89793e-05	9.89793e-05	9.89793e-05	
247	1.68208e-05	9.89793e-05	5.32699e-05	9.89793e-05	8.31846e-05	9.89793e-05	9.89793e-05	9.89793e-05	9.89793e-05	
248	1.66715e-05	9.89793e-05	5.3099e-05	9.89793e-05	8.3076e-05	9.89793e-05	9.89793e-05	9.89793e-05	9.89793e-05	
249	1.65273e-05	9.89793e-05	5.29291e-05	9.89793e-05	8.2968e-05	9.89793e-05	9.89793e-05	9.89793e-05	9.89793e-05	
250	1.63831e-05	9.89793e-05	5.27573e-05	9.89793e-05	8.2856e-05	9.89793e-05	9.89793e-05	9.89793e-05	9.89793e-05	
251	1.62405e-05	9.89793e-05	5.25866e-05	9.89793e-05	8.27448e-05	9.89793e-05	9.89793e-05	9.89793e-05	9.89793e-05	
252	1.60982e-05	9.89793e-05	5.24147e-05	9.89793e-05	8.2631e-05	9.89793e-05	9.89793e-05	9.89793e-05	9.89793e-05	
253	1.5957e-05	9.89793e-05	5.22431e-05	9.89793e-05	8.25167e-05	9.89793e-05	9.89793e-05	9.89793e-05	9.89793e-05	
254	1.58169e-05	9.89793e-05	5.2072e-05	9.89793e-05	8.24022e-05	9.89793e-05	9.89793e-05	9.89793e-05	9.89793e-05	
255	1.56775e-05	9.89793e-05	5.19003e-05	9.89793e-05	8.22859e-05	9.89793e-05	9.89793e-05	9.89793e-05	9.89793e-05	
256	1.55389e-05	9.89793e-05	5.17285e-05	9.89793e-05	8.21685e-05	9.89793e-05	9.89793e-05	9.89793e-05	9.89793e-05	
257	1.54018e-05	9.89793e-05	5.15578e-05	9.89793e-05	8.20518e-05	9.89793e-05	9.89793e-05	9.89793e-05	9.89793e-05	
258	1.52655e-05	9.89793e-05	5.13868e-05	9.89793e-05	8.19339e-05	9.89793e-05	9.89793e-05	9.89793e-05	9.89793e-05	
259	1.51297e-05	9.89793e-05	5.12155e-05	9.89793e-05	8.18144e-05	9.89793e-05	9.89793e-05	9.89793e-05	9.89793e-05	
260	1.49951e-05	9.89793e-05	5.10445e-05	9.89793e-05	8.16946e-05	9.89793e-05	9.89793e-05	9.89793e-05	9.89793e-05	
261	1.48618e-05	9.89793e-05	5.08742e-05	9.89793e-05	8.15752e-05	9.89793e-05	9.89793e-05	9.89793e-05	9.89793e-05	
262	1.47301e-05	9.89793e-05	5.07053e-05	9.89793e-05	8.1457e-05	9.89793e-05	9.89793e-05	9.89793e-05	9.89793e-05	
263	1.45986e-05	9.89793e-05	5.05352e-05	9.89793e-05	8.13361e-05	9.89793e-05	9.89793e-05	9.89793e-05	9.89793e-05	
264	1.4468e-05	9.89793e-05	5.03654e-05	9.89793e-05	8.12145e-05	9.89793e-05	9.89793e-05	9.89793e-05	9.89793e-05	
265	1.43388e-05	9.89793e-05	5.01966e-05	9.89793e-05	8.10938e-05	9.89793e-05	9.89793e-05	9.89793e-05	9.89793e-05	
266	1.42104e-05	9.89793e-05	5.00276e-05	9.89793e-05	8.09718e-05	9.89793e-05	9.89793e-05	9.89793e-05	9.89793e-05	
267	1.40829e-05	9.89793e-05	4.98588e-05	9.89793e-05	8.08493e-05	9.89793e-05	9.89793e-05	9.89793e-05	9.89793e-05	
268	1.39571e-05	9.89793e-05	4.96917e-05	9.89793e-05	8.07287e-05	9.89793e-05	9.89793e-05	9.89793e-05	9.89793e-05	
269	1.38333e-05	9.89793e-05	4.95263e-05	9.89793e-05	8.06105e-05	9.89793e-05	9.89793e-05	9.89793e-05	9.89793e-05	
270	1.37104e-05	9.89793e-05	4.93612e-05	9.89793e-05	8.04919e-05	9.89793e-05	9.89793e-05	9.89793e-05	9.89793e-05	
271	1.36382e-05	9.89793e-05	4.91964e-05	9.89793e-05	8.03729e-05	9.89793e-05	9.89793e-05	9.89793e-05	9.89793e-05	
272	1.35654e-05	9.89793e-05	4.90312e-05	9.89793e-05	8.02523e-05	9.89793e-05	9.89793e-05	9.89793e-05	9.89793e-05	
273	1.34927e-05	9.89793e-05	4.88668e-05	9.89793e-05	8.0132e-05	9.89793e-05	9.89793e-05	9.89793e-05	9.89793e-05	
274	1.34199e-05	9.89793e-05	4.87029e-05	9.89793e-05	8.00118e-05	9.89793e-05	9.89793e-05	9.89793e-05	9.89793e-05	
275	1.3347e-05	9.89793e-05	4.85393e-05	9.89793e-05	7.98913e-05	9.89793e-05	9.89793e-05	9.89793e-05	9.89793e-05	
276	1.32739e-05	9.89793e-05	4.83761e-05	9.89793e-05	7.97706e-05	9.89793e-05	9.89793e-05	9.89793e-05	9.89793e-05	
277	1.32006e-05	9.89793e-05	4.82131e-05	9.89793e-05	7.96492e-05	9.89793e-05	9.89793e-05	9.89793e-05	9.89793e-05	
278	1.31272e-05	9.89793e-05	4.80505e-05	9.89793e-05	7.95276e-05	9.89793e-05	9.89793e-05	9.89793e-05	9.89793e-05	
279	1.30561e-05	9.89793e-05	4.78883e-05	9.89793e-05	7.94058e-05	9.89793e-05	9.89793e-05	9.89793e-05	9.89793e-05	
280	1.29849e-05	9.89793e-05	4.77264e-05	9.89793e-05	7.92836e-05	9.89793e-05	9.89793e-05	9.89793e-05	9.89793e-05	
281	1.29136e-05	9.89793e-05	4.7565e-05	9.89793e-05	7.91613e-05	9.89793e-05	9.89793e-05	9.89793e-05	9.89793e-05	
282	1.28434e-05	9.89793e-05	4.74038e-05	9.89793e-05	7.90386e-05	9.89793e-05	9.89793e-05	9.89793e-05	9.89793e-05	
283	1.27767e-05	9.89793e-05	4.7243e-05	9.89793e-05	7.89156e-05	9.89793e-05	9.89793e-05	9.89793e-05	9.89793e-05	
284	1.27159e-05	9.89793e-05	4.70827e-05	9.89793e-05	7.87925e-05	9.89793e-05	9.89793e-05	9.89793e-05	9.89793e-05	
285	1.26547e-05	9.89793e-05	4.69228e-05	9.89793e-05	7.86692e-05	9.89793e-05	9.89793e-05	9.89793e-05	9.89793e-05	
286	1.25933e-05	9.89793e-05	4.67632e-05	9.89793e-05	7.85457e-05	9.89793e-05	9.89793e-05	9.89793e-05	9.89793e-05	
287	1.25328e-05	9.89793e-05	4.66041e-05	9.89793e-05	7.84219e-05	9.89793e-05	9.89793e-05	9.89793e-05	9.89793e-05	
288	1.2472e-05	9.89793e-05	4.89613e-05	9.89793e-05	7.82979e-05	9.89793e-05	9.89793e-05	9.89793e-05	9.89793e-05	
289	1.24644e-05	9.89793e-05	4.92685e-05	9.89793e-05	7.81737e-05	9.89793e-05	9.89793e-05	9.89793e-05	9.89793e-05	
290	1.24586e-05	9.89793e-05	4.92776e-05	9.89793e-05	7.80493e-05	9.89793e-05	9.89793e-05	9.89793e-05	9.89793e-05	
291	1.24526e-05	9.89793e-05	4.92743e-05	9.89793e-05	7.79246e-05	9.89793e-05	9.89793e-05	9.89793e-05	9.89793e-05	
292	1.24463e-05	9.89793e-05	4.93675e-05	9.89793e-05	7.77999e-05	9.89793e-05	9.89793e-05	9.89793e-05	9.89793e-05	
293	1.24404e-05	9.89793e-05	4.91998e-05	9.89793e-05	7.76749e-05	9.89793e-05	9.89793e-05	9.89793e-05	9.89793e-05	
294	1.24331e-05	9.89793e-05	4.90325e-05	9.89793e-05	7.75497e-05	9.89793e-05	9.89793e-05	9.89793e-05	9.89793e-05	
295	1.24245e-05	9.89793e-05	4.88689e-05	9.89793e-05	7.74245e-05	9.89793e-05	9.89793e-05	9.89793e-05	9.89793e-05	
296	1.24147e-05	9.89793e-05	4.87024e-05	9.89793e-05	7.7299e-05	9.89793e-05	9.89793e-05	9.89793e-05	9.89793e-05	
297	1.34164e-05	9.89793e-05	5.15525e-05	9.89793e-05	8.04082e-05	9.89793e-05	9.89793e-05	9.89793e-05	9.89793e-05	
298	1.34136e-05	9.89793e-05	5.13908e-05	9.89793e-05	8.02896e-05	9.89793e-05	9.89793e-05	9.89793e-05	9.89793e-05	
299	1.34092e-05	9.89793e-05	5.12292e-05	9.89793e-05	8.01707e-05	9.89793e-05	9.89793e-05	9.89793e-05	9.89793e-05	
300	1.34034e-05	9.89793e-05	5.10678e-05	9.89793e-05	8.00514e-05	9.89793e-05	9.89793e-05	9.89793e-05	9.89793e-05	
301	1.33961e-05	9.89793e-05	5.09065e-05	9.89793e-05	7.99317e-05	9.89793e-05	9.89793e-05	9.89793e-05	9.89793e-05	
302	1.33874e-05	9.89793e-05	5.07453e-05	9.89793e-05	7.98117e-05	9.89793e-05	9.89793e-05	9.89793e-05	9.89793e-05	
303	1.35227e-05	9.89793e-05	5.08623e-05	9.89793e-05	8.00486e-05	9.89793e-05	9.89793e-05	9.89793e-05	9.89793e-05	
304	1.4883e-05	9.89793e-05	5.33499e-05	9.89793e-05	8.32479e-05	9.89793e-05	9.89793e-05	9.89793e-05	9.89793e-05	
305	1.51949e-05	9.89793e-05	5.38063e-05	9.89793e-05	8.38951e-05	9.89793e-05	9.89793e-05	9.89793e-05	9.89793e-05	
306	1.53468e-05	9.89793e-05	5.3954e-05	9.89793e-05	8.41631e-05	9.89793e-05	9.89793e-05	9.89793e-05	9.89793e-05	
307	1.63056e-05	9.89793e-05	5.56184e-05	9.89793e-05	8.63204e-05	9.89793e-05	9.89793e-05	9.89793e-05	9.89793e-05	
308	1.62966e-05	9.89793e-05	5.54658e-05	9.89793e-05	8.62127e-05	9.89793e-05	9.89793e-05	9.89793e-05	9.89793e-05	
309	1.62859e-05	9.89793e-05	5.5313e-05	9.89793e-05	8.61041e-05	9.89793e-05	9.89793e-05	9.89793e-05	9.89793e-05	
310	1.62734e-05	9.89793e-05	5.51599e-05	9.89793e-05	8.59948e-05	9.89793e-05	9.89793e-05	9.89793e-05	9.89793e-05	
311	1.62592e-05	9.89793e-05	5.50064e-05	9.89793e-05	8.58846e-05	9.89793e-05	9.89793e-05	9.89793e-05	9.89793e-05	
312	1.62434e-05	9.89793e-05	5.48527e-05	9.89793e-05	8.57737e-05	9.89793e-05	9.89793e-05	9.89793e-05	9.89793e-05	
313	1.6226e-05	9.89793e-05	5.46988e-05	9.89793e-05	8.56621e-05	9.89793e-05	9.89793e-05	9.89793e-05	9.89793e-05	
314	1.62069e-05	9.89793e-05	5.45445e-05	9.89793e-05	8.55497e-05	9.89793e-05	9.89793e-05	9.89793e-05	9.89793e-05	
315	1.61862e-05	9.89793e-05	5.43901e-05	9.89793e-05	8.54365e-05	9.89793e-05	9.89793e-05	9.89793e-05	9.89793e-05	
316	1.6164e-05	9.89793e-05	5.42354e-05	9.89793e-05	8.53227e-05	9.89793e-05	9.89793e-05	9.89793e-05	9.89793e-05	
317	1.61403e-05	9.89793e-05	5.40806e-05	9.89793e-05	8.52082e-05	9.89793e-05	9.89793e-05	9.89793e-05	9.89793e-05	
318	1.6115e-05	9.89793e-05	5.39255e-05	9.89793e-05	8.5093e-05	9.89793e-05	9.89793e-05	9.89793e-05	9.89793e-05	
319	1.60883e-05	9.89793e-05	5.37703e-05	9.89793e-05	8.49771e-05	9.89793e-05	9.89793e-05	9.89793e-05	9.89793e-05	
320	1.60602e-05	9.89793e-05	5.36149e-05	9.89793e-05	8.48606e-05	9.89793e-05	9.89793e-05	9.89793e-05	9.89793e-05	
321	1.60306e-05	9.89793e-05	5.34594e-05	9.89793e-05	8.47435e-05	9.89793e-05	9.89793e-05	9.89793e-05	9.89793e-05	
322	1.59996e-05	9.89793e-05	5.33037e-05	9.89793e-05	8.46257e-05	9.89793e-05	9.89793e-05	9.89793e-05	9.89793e-05	
323	1.59673e-05	9.89793e-05	5.3148e-05	9.89793e-05	8.45073e-05	9.89793e-05	9.89793e-05	9.89793e-05	9.89793e-05	
324	1.59485e-05	9.89793e-05	5.30177e-05	9.89793e-05	8.44135e-05	9.89793e-05	9.89793e-05	9.89793e-05	9.89793e-05	
325	1.59137e-05	9.89793e-05	5.28617e-05	9.89793e-05	8.4294e-05	9.89793e-05	9.89793e-05	9.89793e-05	9.89793e-05	
326	1.58777e-05	9.89793e-05	5.27056e-05	9.89793e-05	8.41739e-05	9.89793e-05	9.89793e-05	9.89793e-05	9.89793e-05	
327	1.58475e-05	9.89793e-05	5.25708e-05	9.89793e-05	8.41082e-05	9.89793e-05	9.89793e-05	9.89793e-05	9.89793e-05	
328	1.58092e-05	9.89793e-05	5.24149e-05	9.89793e-05	8.39868e-05	9.89793e-05	9.89793e-05	9.89793e-05	9.89793e-05	
329	1.57698e-05	9.89793e-05	5.22589e-05	9.89793e-05	8.38649e-05	9.89793e-05	9.89793e-05	9.89793e-05	9.89793e-05	
330	1.57292e-05	9.89793e-05	5.21029e-05	9.89793e-05	8.37425e-05	9.89793e-05	9.89793e-05	9.89793e-05	9.89793e-05	
331	1.56874e-05	9.89793e-05	5.19468e-05	9.89793e-05	8.36196e-05	9.89793e-05	9.89793e-05	9.89793e-05	9.89793e-05	
332	1.56445e-05	9.89793e-05	5.17907e-05	9.89793e-05	8.34962e-05	9.89793e-05	9.89793e-05	9.89793e-05	9.89793e-05	
333	1.56004e-05	9.89793e-05	5.16346e-05	9.89793e-05	8.33723e-05	9.89793e-05	9.89793e-05	9.89793e-05	9.89793e-05	
334	1.55553e-05	9.89793e-05	5.14785e-05	9.89793e-05	8.3248e-05	9.89793e-05	9.89793e-05	9.89793e-05	9.89793e-05	
335	1.55091e-05	9.89793e-05	5.13224e-05	9.89793e-05	8.31232e-05	9.89793e-05	9.89793e-05	9.89793e-05	9.89793e-05	
336	1.54619e-05	9.89793e-05	5.11663e-05	9.89793e-05	8.2998e-05	9.89793e-05	9.89793e-05	9.89793e-05	9.89793e-05	
337	1.54137e-05	9.89793e-05	5.10103e-05	9.89793e-05	8.28724e-05	9.89793e-05	9.89793e-05	9.89793e-05	9.89793e-05	
338	1.53645e-05	9.89793e-05	5.08543e-05	9.89793e-05	8.27464e-05	9.89793e-05	9.89793e-05	9.89793e-05	9.89793e-05	
339	1.53143e-05	9.89793e-05	5.06984e-05	9.89793e-05	8.26199e-05	9.89793e-05	9.89793e-05	9.89793e-05	9.89793e-05	
340	1.52631e-05	9.89793e-05	5.05425e-05	9.89793e-05	8.24931e-05	9.89793e-05	9.89793e-05	9.89793e-05	9.89793e-05	
341	1.52111e-05	9.89793e-05	5.03866e-05	9.89793e-05	8.23658e-05	9.89793e-05	9.89793e-05	9.89793e-05	9.89793e-05	
342	1.51581e-05	9.89793e-05	5.02308e-05	9.89793e-05	8.22382e-05	9.89793e-05	9.89793e-05	9.89793e-05	9.89793e-05	
343	1.51043e-05	9.89793e-05	5.00751e-05	9.89793e-05	8.21102e-05	9.89793e-05	9.89793e-05	9.89793e-05	9.89793e-05	
344	1.50496e-05	9.89793e-05	4.99196e-05	9.89793e-05	8.1982e-05	9.89793e-05	9.89793e-05	9.89793e-05	9.89793e-05	
345	1.49941e-05	9.89793e-05	4.97641e-05	9.89793e-05	8.18534e-05	9.89793e-05	9.89793e-05	9.89793e-05	9.89793e-05	
346	1.49378e-05	9.89793e-05	4.96088e-05	9.89793e-05	8.17245e-05	9.89793e-05	9.89793e-05	9.89793e-05	9.89793e-05	
347	1.48808e-05	9.89793e-05	4.94536e-05	9.89793e-05	8.15952e-05	9.89793e-05	9.89793e-05	9.89793e-05	9.89793e-05	
348	1.48229e-05	9.89793e-05	4.92985e-05	9.89793e-05	8.14657e-05	9.89793e-05	9.89793e-05	9.89793e-05	9.89793e-05	
349	1.47643e-05	9.89793e-05	4.91436e-05	9.89793e-05	8.13359e-05	9.89793e-05	9.89793e-05	9.89793e-05	9.89793e-05	
350	1.4705e-05	9.89793e-05	4.89888e-05	9.89793e-05	8.12058e-05	9.89793e-05	9.89793e-05	9.89793e-05	9.89793e-05	
351	1.4645e-05	9.89793e-05	4.88341e-05	9.89793e-05	8.10754e-05	9.89793e-05	9.89793e-05	9.89793e-05	9.89793e-05	
352	1.45844e-05	9.89793e-05	4.86797e-05	9.89793e-05	8.09448e-05	9.89793e-05	9.89793e-05	9.89793e-05	9.89793e-05	
353	1.4523e-05	9.89793e-05	4.85254e-05	9.89793e-05	8.08139e-05	9.89793e-05	9.89793e-05	9.89793e-05	9.89793e-05	
354	1.44611e-05	9.89793e-05	4.83713e-05	9.89793e-05	8.06828e-05	9.89793e-05	9.89793e-05	9.89793e-05	9.89793e-05	
355	1.43985e-05	9.89793e-05	4.82173e-05	9.89793e-05	8.05514e-05	9.89793e-05	9.89793e-05	9.89793e-05	9.89793e-05	
356	1.43353e-05	9.89793e-05	4.80636e-05	9.89793e-05	8.04199e-05	9.89793e-05	9.89793e-05	9.89793e-05	9.89793e-05	
357	1.5064e-05	9.89793e-05	4.93917e-05	9.89793e-05	8.21692e-05	9.89793e-05	9.89793e-05	9.89793e-05	9.89793e-05	
358	1.55637e-05	9.89793e-05	5.02638e-05	9.89793e-05	8.33623e-05	9.89793e-05	9.89793e-05	9.89793e-05	9.89793e-05	
359	1.58162e-05	9.89793e-05	5.06865e-05	9.89793e-05	8.3971e-05	9.89793e-05	9.89793e-05	9.89793e-05	9.89793e-05	
360	1.59787e-05	9.89793e-05	5.09452e-05	9.89793e-05	8.43724e-05	9.89793e-05	9.89793e-05	9.89793e-05	9.89793e-05	
361	1.59154e-05	9.89793e-05	5.07971e-05	9.89793e-05	8.42484e-05	9.89793e-05	9.89793e-05	9.89793e-05	9.89793e-05	
362	1.58514e-05	9.89793e-05	5.06489e-05	9.89793e-05	8.41238e-05	9.89793e-05	9.89793e-05	9.89793e-05	9.89793e-05	
363	1.57866e-05	9.89793e-05	5.05006e-05	9.89793e-05	8.39988e-05	9.89793e-05	9.89793e-05	9.89793e-05	9.89793e-05	
364	1.57211e-05	9.89793e-05	5.03522e-05	9.89793e-05	8.38733e-05	9.89793e-05	9.89793e-05	9.89793e-05	9.89793e-05	
365	1.56548e-05	9.89793e-05	5.02039e-05	9.89793e-05	8.37473e-05	9.89793e-05	9.89793e-05	9.89793e-05	9.89793e-05	
