#Output values file generated by Xhydro
10
ReportTime
point# 1
point# 2
point# 3
point# 4
point# 5
point# 6
point# 7
point# 8
point# 9
1	0.431701	0.431701	0.431701	0.431701	0.431701	0.431701	0.431701	0.431701	0.431701	
2	0.428727	0.428757	0.428732	0.4287	0.42869	0.428698	0.428693	0.428636	0.42904	
3	0.431701	0.431701	0.431701	0.431701	0.431701	0.431701	0.431701	0.431701	0.431701	
4	0.431701	0.431701	0.431701	0.431701	0.431701	0.431701	0.431701	0.431701	0.431701	
5	0.430597	0.430606	0.430596	0.430585	0.430582	0.430584	0.430584	0.430572	0.430758	
6	0.430099	0.430078	0.430081	0.430085	0.430082	0.430087	0.430085	0.430075	0.430331	
7	0.429226	0.429205	0.429203	0.429203	0.429198	0.429204	0.429202	0.429193	0.429608	
8	0.431701	0.431701	0.431701	0.431701	0.431701	0.431701	0.431701	0.431701	0.431701	
9	0.431701	0.431701	0.431701	0.431701	0.431701	0.431701	0.431701	0.431701	0.431701	
10	0.431701	0.431701	0.431701	0.431701	0.431701	0.431701	0.431701	0.431701	0.431701	
11	0.430159	0.430128	0.430143	0.430149	0.430147	0.430155	0.430146	0.430082	0.430237	
12	0.427423	0.42737	0.427391	0.427398	0.42739	0.427407	0.427392	0.427285	0.427658	
13	0.426674	0.426615	0.426634	0.426642	0.426632	0.42665	0.426637	0.426544	0.427083	
14	0.424614	0.42457	0.424577	0.424573	0.424556	0.424579	0.424565	0.42445	0.425076	
15	0.420712	0.420749	0.420721	0.420671	0.420638	0.420673	0.420654	0.420472	0.420855	
16	0.419152	0.419199	0.419156	0.419093	0.419055	0.419093	0.419075	0.418887	0.419558	
17	0.416849	0.416895	0.416835	0.416761	0.416717	0.416757	0.416743	0.416577	0.417796	
18	0.417416	0.417556	0.417442	0.417319	0.417262	0.417305	0.417295	0.417132	0.418364	
19	0.416554	0.416692	0.416574	0.416445	0.416386	0.416431	0.416421	0.416255	0.417693	
20	0.415415	0.415551	0.415425	0.415291	0.41523	0.415274	0.415266	0.415112	0.416866	
21	0.413262	0.413393	0.413254	0.413111	0.413047	0.413091	0.413087	0.412953	0.415213	
22	0.414597	0.414814	0.414628	0.414443	0.414368	0.414414	0.414415	0.414294	0.416481	
23	0.413855	0.414069	0.413878	0.41369	0.413614	0.41366	0.413662	0.413545	0.415938	
24	0.412101	0.412314	0.412113	0.411915	0.411837	0.411883	0.411887	0.411776	0.414557	
25	0.410717	0.410919	0.410715	0.410518	0.41044	0.410484	0.410492	0.410408	0.413481	
26	0.409593	0.409793	0.409584	0.409384	0.409307	0.409349	0.409359	0.409291	0.412567	
27	0.413139	0.413541	0.413237	0.412943	0.412843	0.412891	0.412907	0.412826	0.415528	
28	0.431701	0.431701	0.431701	0.431701	0.431701	0.431701	0.431701	0.431701	0.431701	
29	0.431701	0.431701	0.431701	0.431701	0.431701	0.431701	0.431701	0.431701	0.431701	
30	0.431701	0.431701	0.431701	0.431701	0.431701	0.431701	0.431701	0.431701	0.431701	
31	0.431701	0.431701	0.431701	0.431701	0.431701	0.431701	0.431701	0.431701	0.431701	
32	0.431701	0.431701	0.431701	0.431701	0.431701	0.431701	0.431701	0.431701	0.431701	
33	0.431701	0.431701	0.431701	0.431701	0.431701	0.431701	0.431701	0.431701	0.431701	
34	0.431701	0.431701	0.431701	0.431701	0.431701	0.431701	0.431701	0.431701	0.431701	
35	0.431701	0.431701	0.431701	0.431701	0.431701	0.431701	0.431701	0.431701	0.431701	
36	0.431125	0.431017	0.43109	0.431143	0.431146	0.431162	0.43114	0.431013	0.430664	
37	0.4304	0.430266	0.430351	0.430416	0.43042	0.430438	0.430414	0.430272	0.429979	
38	0.431701	0.431701	0.431701	0.431701	0.431701	0.431701	0.431701	0.431701	0.431396	
39	0.429944	0.429847	0.429902	0.429951	0.429956	0.429963	0.429952	0.429904	0.429533	
40	0.431701	0.431701	0.431701	0.431701	0.431701	0.431701	0.431701	0.431701	0.431701	
41	0.431701	0.431701	0.431701	0.431701	0.431701	0.431701	0.431701	0.431701	0.431701	
42	0.431701	0.431701	0.431701	0.431701	0.431701	0.431701	0.431701	0.431701	0.431701	
43	0.427452	0.427466	0.427465	0.427455	0.427449	0.427455	0.427451	0.42741	0.427233	
44	0.423616	0.423672	0.423647	0.423613	0.4236	0.423608	0.423607	0.423571	0.423392	
45	0.426682	0.42694	0.426818	0.426689	0.426653	0.426667	0.426673	0.426626	0.425977	
46	0.42401	0.424306	0.424157	0.424009	0.423969	0.423981	0.423994	0.423991	0.423477	
47	0.431701	0.431701	0.431701	0.431701	0.431701	0.431701	0.431701	0.431701	0.431701	
48	0.427369	0.427435	0.427437	0.427423	0.427413	0.427428	0.427415	0.42731	0.425985	
49	0.426636	0.426945	0.426853	0.426737	0.426698	0.426727	0.426714	0.426539	0.423834	
50	0.431701	0.431701	0.431701	0.431701	0.431701	0.431701	0.431701	0.431701	0.431701	
51	0.428109	0.428159	0.428133	0.429047	0.429045	0.429043	0.429048	0.429079	0.428906	
52	0.431701	0.431701	0.431701	0.431701	0.431701	0.431701	0.431701	0.431701	0.431701	
53	0.431701	0.431701	0.431701	0.431701	0.431701	0.431701	0.431701	0.431701	0.431701	
54	0.431701	0.431701	0.431701	0.431701	0.431701	0.431701	0.431701	0.431701	0.431701	
55	0.431701	0.431701	0.431701	0.431701	0.431701	0.431701	0.431701	0.431701	0.431701	
56	0.431701	0.431701	0.431701	0.431701	0.431701	0.431701	0.431701	0.431701	0.431701	
57	0.431701	0.431701	0.431701	0.431701	0.431701	0.431701	0.431701	0.431701	0.431701	
58	0.431701	0.431701	0.431701	0.431701	0.431701	0.431701	0.431701	0.431701	0.431701	
59	0.430486	0.430467	0.430491	0.430522	0.430523	0.430528	0.430521	0.43048	0.430045	
60	0.431701	0.431701	0.431701	0.431701	0.431701	0.431701	0.431701	0.431701	0.431701	
61	0.431701	0.431701	0.431701	0.431701	0.431701	0.431701	0.431701	0.431701	0.431701	
62	0.430326	0.430352	0.430344	0.430341	0.430338	0.430339	0.43034	0.430342	0.430143	
63	0.431701	0.431701	0.431701	0.431701	0.431701	0.431701	0.431701	0.431701	0.431701	
64	0.42981	0.429845	0.429841	0.429836	0.429834	0.429836	0.429834	0.429814	0.429313	
65	0.424828	0.424962	0.42493	0.426397	0.426394	0.426394	0.426396	0.426401	0.424939	
66	0.431701	0.431701	0.431701	0.431701	0.431701	0.431701	0.431701	0.431701	0.431701	
67	0.431701	0.431701	0.431701	0.46315	0.431701	0.431701	0.431701	0.431701	0.431701	
68	0.427612	0.427699	0.427657	0.514204	0.428082	0.428083	0.428087	0.428098	0.427732	
69	0.431701	0.491351	0.431701	0.589363	0.431701	0.431701	0.431701	0.431701	0.431701	
70	0.431701	0.595356	0.431701	0.7	0.431701	0.431701	0.431701	0.431701	0.431701	
71	0.431701	0.675773	0.431701	0.7	0.431701	0.431701	0.431701	0.431701	0.480558	
72	0.431701	0.7	0.431701	0.7	0.431701	0.431701	0.431701	0.431701	0.557735	
73	0.427826	0.7	0.427949	0.7	0.427888	0.427897	0.427901	0.427864	0.60374	
74	0.423241	0.7	0.423419	0.7	0.423348	0.423363	0.423362	0.423284	0.651957	
75	0.410053	0.7	0.410345	0.7	0.410088	0.410128	0.410135	0.410178	0.679661	
76	0.40279	0.7	0.403175	0.7	0.402882	0.402952	0.402936	0.40292	0.7	
77	0.399944	0.7	0.400375	0.7	0.400039	0.400103	0.4001	0.400143	0.7	
78	0.393872	0.7	0.394417	0.7	0.393974	0.394047	0.394049	0.394076	0.7	
79	0.389662	0.7	0.390238	0.7	0.389726	0.389791	0.389811	0.389923	0.7	
80	0.384532	0.7	0.385122	0.7	0.384555	0.384628	0.38465	0.384823	0.7	
81	0.377391	0.7	0.377979	0.7	0.377333	0.377387	0.377442	0.377777	0.7	
82	0.370326	0.7	0.370915	0.7	0.370188	0.37022	0.370311	0.370815	0.7	
83	0.364328	0.7	0.364913	0.7	0.364127	0.364141	0.36426	0.364907	0.7	
84	0.358096	0.7	0.358676	0.7	0.357827	0.382695	0.357971	0.358778	0.7	
85	0.350478	0.7	0.351071	0.7	0.350153	0.411732	0.350323	0.351207	0.7	
86	0.343115	0.7	0.343731	0.7	0.34277	0.437439	0.342995	0.343789	0.7	
87	0.337053	0.7	0.337728	0.7	0.336757	0.464529	0.337034	0.337628	0.7	
88	0.332368	0.7	0.333071	0.7	0.332078	0.493115	0.332363	0.332945	0.7	
89	0.340177	0.7	0.341166	0.7	0.339831	0.532841	0.340149	0.340805	0.7	
90	0.337666	0.7	0.338629	0.7	0.337298	0.566932	0.337613	0.338329	0.7	
91	0.334542	0.7	0.33547	0.7	0.334149	0.597168	0.33446	0.335274	0.7	
92	0.331297	0.7	0.332193	0.7	0.330868	0.628783	0.331177	0.332097	0.7	
93	0.327886	0.7	0.328786	0.7	0.32746	0.65893	0.327802	0.328657	0.7	
94	0.32392	0.7	0.324832	0.7	0.323549	0.689143	0.323953	0.324581	0.7	
95	0.320659	0.7	0.321599	0.7	0.32031	0.7	0.320753	0.321232	0.7	
96	0.313278	0.7	0.314368	0.7	0.313071	0.7	0.313751	0.313634	0.7	
97	0.302928	0.7	0.304247	0.7	0.302997	0.7	0.304158	0.302907	0.7	
98	0.296263	0.7	0.297763	0.7	0.296507	0.7	0.297875	0.296026	0.7	
99	0.29086	0.7	0.292489	0.7	0.291227	0.7	0.292723	0.290476	0.7	
100	0.2859	0.7	0.287574	0.7	0.286325	0.7	0.287936	0.285381	0.7	
101	0.281159	0.7	0.282894	0.7	0.281619	0.7	0.283353	0.280524	0.7	
102	0.277373	0.7	0.279141	0.7	0.277837	0.7	0.279634	0.276588	0.7	
103	0.272171	0.7	0.2741	0.7	0.272779	0.7	0.274821	0.27122	0.7	
104	0.305133	0.7	0.308049	0.7	0.305642	0.7	0.307826	0.304032	0.7	
105	0.30129	0.7	0.304112	0.7	0.301774	0.7	0.303957	0.300193	0.7	
106	0.296869	0.7	0.299723	0.7	0.297391	0.7	0.299729	0.295759	0.7	
107	0.291739	0.7	0.294711	0.7	0.292387	0.7	0.294943	0.290535	0.7	
108	0.285966	0.7	0.288964	0.7	0.286668	0.7	0.289446	0.284731	0.7	
109	0.277955	0.7	0.281073	0.7	0.278743	0.7	0.282044	0.276641	0.7	
110	0.270941	0.7	0.274115	0.7	0.271762	0.697569	0.275546	0.269597	0.7	
111	0.264984	0.7	0.268271	0.7	0.265879	0.7	0.270073	0.263602	0.7	
112	0.258373	0.7	0.261832	0.7	0.259367	0.7	0.264165	0.256886	0.7	
113	0.25303	0.7	0.256631	0.7	0.254156	0.7	0.259374	0.251505	0.7	
114	0.248269	0.7	0.252108	0.7	0.249498	0.7	0.255091	0.246746	0.7	
115	0.243988	0.7	0.248011	0.7	0.24537	0.7	0.251254	0.242457	0.7	
116	0.240206	0.7	0.244276	0.7	0.241601	0.7	0.247768	0.238651	0.7	
117	0.237018	0.7	0.24123	0.7	0.238484	0.7	0.244873	0.235477	0.7	
118	0.232049	0.7	0.23655	0.7	0.233657	0.7	0.240578	0.230533	0.7	
119	0.2319	0.7	0.236811	0.7	0.233642	0.7	0.241269	0.230581	0.7	
120	0.280408	0.7	0.286633	0.7	0.28197	0.7	0.289714	0.278963	0.7	
121	0.276585	0.7	0.282657	0.7	0.278114	0.7	0.285946	0.275151	0.7	
122	0.272591	0.7	0.278715	0.7	0.274154	0.7	0.282355	0.271216	0.7	
123	0.280717	0.7	0.287011	0.7	0.282199	0.7	0.29034	0.279319	0.7	
124	0.277248	0.7	0.283503	0.7	0.278696	0.7	0.286986	0.275866	0.7	
125	0.291349	0.7	0.297937	0.7	0.2927	0.7	0.300961	0.289935	0.7	
126	0.307544	0.7	0.31459	0.7	0.308803	0.7	0.317276	0.306077	0.7	
127	0.300196	0.7	0.307304	0.7	0.301463	0.7	0.310569	0.298933	0.7	
128	0.297241	0.7	0.304267	0.7	0.298507	0.7	0.307573	0.296064	0.7	
129	0.288486	0.7	0.295805	0.7	0.289856	0.7	0.299882	0.287664	0.7	
130	0.277156	0.7	0.284835	0.7	0.278666	0.7	0.290029	0.276893	0.7	
131	0.270933	0.7	0.278887	0.7	0.272534	0.7	0.284831	0.27114	0.7	
132	0.366994	0.7	0.377022	0.7	0.368517	0.7	0.380676	0.366677	0.7	
133	0.358947	0.7	0.368431	0.7	0.360447	0.7	0.384584	0.358885	0.7	
134	0.350602	0.7	0.359869	0.7	0.352053	0.7	0.39093	0.350771	0.7	
135	0.339895	0.7	0.348822	0.7	0.341269	0.7	0.391759	0.340456	0.7	
136	0.327306	0.7	0.336292	0.7	0.328692	0.7	0.388923	0.328419	0.7	
137	0.318997	0.7	0.328009	0.7	0.320419	0.7	0.392669	0.3205	0.7	
138	0.312078	0.7	0.321548	0.7	0.313543	0.7	0.393692	0.314315	0.7	
139	0.300583	0.7	0.310295	0.7	0.30213	0.7	0.390057	0.303583	0.7	
140	0.293387	0.7	0.303171	0.7	0.294912	0.7	0.393577	0.296775	0.7	
141	0.278772	0.7	0.289009	0.7	0.280368	0.7	0.379471	0.283303	0.7	
142	0.263253	0.7	0.274124	0.7	0.265062	0.694947	0.362757	0.269075	0.689069	
143	0.252115	0.7	0.26393	0.7	0.254149	0.691568	0.349379	0.25959	0.675124	
144	0.280418	0.7	0.293086	0.7	0.282363	0.7	0.389915	0.288018	0.7	
145	0.414259	0.7	0.429924	0.7	0.416463	0.7	0.535563	0.422539	0.7	
146	0.431701	0.7	0.431701	0.7	0.431701	0.7	0.590298	0.431701	0.7	
147	0.41292	0.7	0.413587	0.7	0.412981	0.7	0.58047	0.414232	0.7	
148	0.385244	0.7	0.387271	0.7	0.385433	0.698868	0.556557	0.388854	0.697381	
149	0.36863	0.7	0.371485	0.7	0.368944	0.7	0.540003	0.373611	0.7	
150	0.346985	0.7	0.350802	0.7	0.347606	0.697892	0.516248	0.353531	0.694846	
151	0.326857	0.7	0.33174	0.7	0.327733	0.694265	0.491978	0.335032	0.68839	
152	0.307833	0.7	0.313937	0.7	0.308957	0.693207	0.470247	0.317948	0.68352	
153	0.283394	0.7	0.291304	0.695896	0.284826	0.677062	0.435358	0.296237	0.653213	
154	0.260255	0.7	0.269849	0.695401	0.262007	0.664531	0.405661	0.275995	0.622971	
155	0.240016	0.7	0.251115	0.697602	0.241891	0.654705	0.379094	0.257933	0.598404	
156	0.225921	0.7	0.238065	0.7	0.227977	0.650579	0.359502	0.245603	0.584215	
157	0.22377	0.7	0.236662	0.7	0.225819	0.667649	0.357791	0.244371	0.605977	
158	0.211423	0.7	0.225134	0.7	0.213554	0.664529	0.343995	0.23342	0.599261	
159	0.223932	0.7	0.238251	0.7	0.226008	0.7	0.367244	0.24617	0.653104	
160	0.214979	0.7	0.230113	0.7	0.217074	0.7	0.360537	0.238479	0.667012	
161	0.2016	0.7	0.217439	0.7	0.2037	0.699149	0.343995	0.226579	0.659267	
162	0.189702	0.7	0.206067	0.7	0.191567	0.695132	0.327857	0.215913	0.654227	
163	0.191414	0.7	0.208045	0.7	0.193219	0.7	0.338856	0.217959	0.7	
164	0.177455	0.7	0.194119	0.7	0.178936	0.697885	0.321164	0.205019	0.697031	
165	0.417854	0.7	0.431701	0.7	0.42063	0.7	0.566678	0.431701	0.7	
166	0.38573	0.7	0.39942	0.7	0.388432	0.695606	0.535083	0.401048	0.692425	
167	0.353022	0.7	0.367204	0.699014	0.355754	0.683444	0.498533	0.370604	0.67266	
168	0.329067	0.7	0.34417	0.7	0.331696	0.685027	0.476152	0.348715	0.673092	
169	0.30709	0.7	0.323009	0.7	0.30981	0.685853	0.453551	0.328647	0.668116	
170	0.296307	0.7	0.312406	0.7	0.299058	0.7	0.445864	0.318601	0.687765	
171	0.290554	0.7	0.306623	0.7	0.293146	0.7	0.448228	0.313192	0.7	
172	0.320233	0.7	0.336849	0.7	0.322656	0.7	0.489525	0.342465	0.7	
173	0.431701	0.7	0.431701	0.7	0.431701	0.7	0.621499	0.431701	0.7	
174	0.408709	0.7	0.410273	0.7	0.409439	0.7	0.606931	0.412027	0.698814	
175	0.375075	0.7	0.378875	0.7	0.375966	0.689998	0.57301	0.382397	0.682972	
176	0.356564	0.7	0.361406	0.7	0.357544	0.7	0.559476	0.365926	0.697546	
177	0.332548	0.7	0.339244	0.7	0.333574	0.7	0.535333	0.345199	0.697807	
178	0.320907	0.7	0.328508	0.7	0.321852	0.7	0.529874	0.335197	0.7	
179	0.299097	0.7	0.308447	0.7	0.300136	0.7	0.506879	0.316485	0.699542	
180	0.282031	0.7	0.292654	0.7	0.283011	0.7	0.489841	0.30172	0.7	
181	0.282041	0.7	0.293981	0.7	0.282963	0.7	0.489878	0.303505	0.7	
182	0.257288	0.7	0.271004	0.692154	0.258282	0.681824	0.449869	0.282128	0.673147	
183	0.335161	0.7	0.351667	0.7	0.336119	0.7	0.533104	0.360684	0.7	
184	0.315951	0.7	0.333196	0.7	0.316823	0.7	0.516923	0.343219	0.7	
185	0.299223	0.7	0.317318	0.7	0.300071	0.7	0.501444	0.328279	0.7	
186	0.272263	0.7	0.291754	0.695002	0.273233	0.684968	0.463033	0.304434	0.675143	
187	0.257997	0.7	0.278806	0.7	0.258948	0.68491	0.440561	0.292846	0.670626	
188	0.238958	0.7	0.260832	0.7	0.239867	0.681654	0.415143	0.276048	0.662946	
189	0.229691	0.7	0.252376	0.7	0.230545	0.691578	0.402269	0.268318	0.672842	
190	0.222723	0.7	0.245582	0.7	0.223514	0.7	0.3998	0.261877	0.7	
191	0.276223	0.7	0.30083	0.7	0.276827	0.7	0.460783	0.315817	0.7	
192	0.279016	0.7	0.30428	0.7	0.279596	0.7	0.469648	0.319572	0.7	
193	0.261657	0.7	0.287881	0.7	0.262179	0.7	0.452858	0.304307	0.7	
194	0.243783	0.7	0.270818	0.7	0.244285	0.7	0.432076	0.288471	0.7	
195	0.228165	0.7	0.255959	0.7	0.228672	0.7	0.414703	0.274701	0.7	
196	0.204894	0.7	0.232017	0.692018	0.204782	0.682442	0.384072	0.252585	0.66514	
197	0.257926	0.7	0.286674	0.7	0.257667	0.7	0.433727	0.305797	0.7	
198	0.278541	0.7	0.308489	0.7	0.278173	0.7	0.457772	0.327297	0.7	
199	0.269971	0.7	0.300098	0.7	0.269575	0.7	0.456745	0.319327	0.7	
200	0.249877	0.7	0.280993	0.7	0.249413	0.7	0.435143	0.301756	0.7	
201	0.303303	0.7	0.336693	0.7	0.302775	0.7	0.488917	0.356417	0.7	
202	0.289035	0.7	0.322265	0.7	0.288476	0.7	0.478353	0.342545	0.7	
203	0.269451	0.7	0.303123	0.7	0.268963	0.7	0.457836	0.324382	0.7	
204	0.249712	0.7	0.283815	0.7	0.249258	0.7	0.4342	0.306103	0.7	
205	0.250518	0.7	0.285355	0.7	0.250021	0.7	0.435844	0.30778	0.7	
206	0.229759	0.7	0.26477	0.7	0.229124	0.696072	0.410867	0.288671	0.688576	
207	0.217419	0.7	0.252628	0.7	0.216744	0.7	0.396347	0.277255	0.7	
208	0.236956	0.7	0.272816	0.7	0.236167	0.7	0.420033	0.296986	0.7	
209	0.222162	0.7	0.257932	0.7	0.221258	0.7	0.401052	0.283172	0.7	
210	0.205688	0.7	0.240212	0.7	0.204543	0.697391	0.378645	0.266572	0.689487	
211	0.194667	0.7	0.228481	0.7	0.193443	0.7	0.362605	0.255396	0.695678	
212	0.181821	0.7	0.213753	0.7	0.180313	0.7	0.344228	0.24145	0.694072	
213	0.17087	0.7	0.199555	0.7	0.169096	0.696586	0.325782	0.227464	0.684322	
214	0.160958	0.7	0.185012	0.698873	0.158943	0.686762	0.306207	0.211663	0.664389	
215	0.182322	0.7	0.205466	0.7	0.18021	0.7	0.323866	0.231217	0.7	
216	0.181926	0.7	0.204598	0.7	0.179795	0.7	0.320912	0.230359	0.7	
217	0.175503	0.7	0.196966	0.7	0.173344	0.7	0.311766	0.222877	0.7	
218	0.165661	0.7	0.184193	0.7	0.163341	0.697113	0.295757	0.209316	0.688791	
219	0.157672	0.7	0.172895	0.7	0.155284	0.690071	0.279727	0.195568	0.669064	
220	0.151627	0.7	0.163794	0.7	0.149203	0.681953	0.264341	0.182285	0.651001	
221	0.147619	0.7	0.157673	0.7	0.145198	0.684368	0.252947	0.172901	0.647723	
222	0.283945	0.7	0.296891	0.7	0.281468	0.7	0.386246	0.308554	0.7	
223	0.268109	0.7	0.282035	0.7	0.265918	0.7	0.368144	0.29472	0.7	
224	0.244799	0.7	0.259975	0.693263	0.242486	0.685111	0.343236	0.274243	0.675716	
225	0.224339	0.7	0.239771	0.685274	0.221926	0.669003	0.320811	0.255228	0.644437	
226	0.208262	0.7	0.222986	0.684673	0.205806	0.66039	0.302525	0.239017	0.621822	
227	0.256367	0.7	0.27254	0.7	0.253794	0.7	0.349727	0.287246	0.7	
228	0.296071	0.7	0.314346	0.7	0.293489	0.7	0.389578	0.328183	0.7	
229	0.272298	0.7	0.291701	0.699967	0.270029	0.692094	0.36459	0.306535	0.67883	
230	0.25327	0.7	0.273612	0.7	0.25112	0.691922	0.34551	0.289314	0.670905	
231	0.257975	0.7	0.278588	0.7	0.255857	0.7	0.349264	0.293994	0.7	
232	0.351361	0.7	0.375025	0.7	0.349219	0.7	0.431701	0.387838	0.7	
233	0.328259	0.7	0.352385	0.7	0.326618	0.7	0.41033	0.366167	0.698643	
234	0.301237	0.7	0.325561	0.697177	0.299882	0.689571	0.382556	0.339949	0.679191	
235	0.325437	0.7	0.349922	0.7	0.324112	0.7	0.412269	0.363331	0.7	
236	0.314414	0.7	0.338769	0.7	0.31319	0.7	0.40475	0.352371	0.7	
237	0.303997	0.7	0.328213	0.7	0.302957	0.7	0.398248	0.341885	0.7	
238	0.290194	0.7	0.314867	0.7	0.289376	0.7	0.386337	0.328911	0.7	
239	0.356316	0.7	0.382369	0.7	0.355388	0.7	0.460503	0.394095	0.7	
240	0.352222	0.7	0.377933	0.7	0.351473	0.7	0.463674	0.38967	0.7	
241	0.365146	0.7	0.391029	0.7	0.364423	0.7	0.483886	0.402335	0.7	
242	0.351284	0.7	0.377318	0.7	0.350804	0.7	0.475935	0.389065	0.7	
243	0.431701	0.7	0.431701	0.7	0.431701	0.7	0.622999	0.431701	0.7	
244	0.431701	0.7	0.431701	0.7	0.431701	0.7	0.7	0.431701	0.7	
245	0.422229	0.7	0.422717	0.7	0.42234	0.7	0.698882	0.423161	0.7	
246	0.431701	0.7	0.431701	0.7	0.431701	0.7	0.7	0.431701	0.7	
247	0.431701	0.7	0.431701	0.7	0.431701	0.7	0.7	0.431701	0.7	
248	0.431701	0.7	0.431701	0.7	0.431701	0.7	0.7	0.431701	0.7	
249	0.431701	0.7	0.431701	0.7	0.431701	0.7	0.7	0.431701	0.7	
250	0.419794	0.7	0.420819	0.7	0.419728	0.7	0.696567	0.420994	0.7	
251	0.411249	0.7	0.412815	0.7	0.411131	0.7	0.697148	0.413171	0.7	
252	0.399012	0.7	0.401403	0.7	0.39892	0.7	0.69177	0.402318	0.7	
253	0.389207	0.7	0.39232	0.7	0.389169	0.7	0.69006	0.3938	0.7	
254	0.378241	0.7	0.382155	0.7	0.378186	0.7	0.685971	0.383817	0.7	
255	0.36541	0.7	0.370213	0.7	0.3654	0.7	0.677985	0.372271	0.7	
256	0.35272	0.7	0.358515	0.7	0.352909	0.7	0.669003	0.361004	0.7	
257	0.343568	0.7	0.350093	0.7	0.343803	0.7	0.665916	0.352883	0.7	
258	0.334315	0.7	0.341831	0.7	0.334696	0.7	0.663503	0.344926	0.7	
259	0.323238	0.7	0.33184	0.7	0.323848	0.7	0.656688	0.335289	0.7	
260	0.312559	0.7	0.32206	0.7	0.313439	0.7	0.648879	0.325776	0.7	
261	0.302289	0.7	0.312195	0.7	0.303399	0.7	0.628671	0.315981	0.7	
262	0.295901	0.7	0.306144	0.7	0.297101	0.7	0.624558	0.309906	0.7	
263	0.287293	0.7	0.298227	0.7	0.288732	0.7	0.613451	0.302248	0.7	
264	0.279031	0.7	0.290871	0.7	0.280737	0.7	0.602194	0.295093	0.7	
265	0.272973	0.7	0.285536	0.7	0.27489	0.7	0.598983	0.289815	0.7	
266	0.266343	0.7	0.279743	0.7	0.26846	0.7	0.59509	0.284171	0.7	
267	0.25999	0.7	0.274238	0.7	0.262281	0.7	0.592968	0.278833	0.7	
268	0.256077	0.7	0.270665	0.7	0.258477	0.7	0.591623	0.275232	0.7	
269	0.313948	0.7	0.330033	0.7	0.316134	0.7	0.65732	0.332731	0.7	
270	0.431701	0.7	0.431701	0.7	0.431701	0.7	0.7	0.431701	0.7	
271	0.427675	0.7	0.427579	0.7	0.427667	0.7	0.7	0.427741	0.7	
272	0.421329	0.7	0.421721	0.7	0.421541	0.7	0.7	0.422018	0.7	
273	0.417233	0.7	0.417771	0.7	0.417564	0.7	0.7	0.418233	0.7	
274	0.414891	0.7	0.415404	0.7	0.415232	0.7	0.7	0.415962	0.7	
275	0.416663	0.7	0.417183	0.7	0.416982	0.7	0.7	0.417773	0.7	
276	0.426064	0.7	0.426633	0.7	0.426366	0.7	0.7	0.427217	0.7	
277	0.422583	0.7	0.423231	0.7	0.423147	0.7	0.7	0.424068	0.7	
278	0.431701	0.7	0.431701	0.7	0.431701	0.7	0.7	0.431701	0.7	
279	0.430093	0.7	0.430053	0.7	0.43006	0.7	0.7	0.430142	0.7	
280	0.427837	0.7	0.427805	0.7	0.427816	0.7	0.7	0.428031	0.7	
281	0.431701	0.7	0.431701	0.7	0.431701	0.7	0.7	0.431701	0.7	
282	0.431701	0.7	0.431701	0.7	0.431701	0.7	0.7	0.431701	0.7	
283	0.431701	0.7	0.431701	0.7	0.431701	0.7	0.7	0.431701	0.7	
284	0.428869	0.7	0.428822	0.7	0.42883	0.7	0.7	0.42885	0.7	
285	0.424974	0.7	0.424898	0.7	0.424871	0.7	0.7	0.424902	0.7	
286	0.431701	0.7	0.431701	0.7	0.431701	0.7	0.7	0.431701	0.7	
287	0.431664	0.7	0.431614	0.7	0.431674	0.7	0.7	0.431615	0.7	
288	0.431701	0.7	0.431701	0.7	0.431701	0.7	0.7	0.431701	0.7	
289	0.431701	0.7	0.431701	0.7	0.431701	0.7	0.7	0.431701	0.7	
290	0.431701	0.7	0.431701	0.7	0.431701	0.7	0.7	0.431701	0.7	
291	0.431701	0.7	0.431701	0.7	0.431701	0.7	0.7	0.431701	0.7	
292	0.431701	0.7	0.431701	0.7	0.431701	0.7	0.7	0.431701	0.7	
293	0.430563	0.7	0.430557	0.7	0.430571	0.7	0.7	0.430617	0.7	
294	0.427551	0.7	0.427418	0.7	0.427548	0.7	0.7	0.427611	0.7	
295	0.431701	0.7	0.431701	0.7	0.431701	0.7	0.7	0.431701	0.7	
296	0.431485	0.7	0.431366	0.7	0.431557	0.7	0.7	0.431564	0.7	
297	0.431701	0.7	0.431701	0.7	0.431701	0.7	0.7	0.431701	0.7	
298	0.431647	0.7	0.431576	0.7	0.431655	0.7	0.7	0.431701	0.7	
299	0.427195	0.7	0.427019	0.7	0.427174	0.7	0.7	0.427247	0.7	
300	0.426868	0.7	0.426677	0.7	0.426796	0.7	0.7	0.426943	0.7	
301	0.423486	0.7	0.423164	0.7	0.42337	0.7	0.7	0.423509	0.7	
302	0.420236	0.7	0.419814	0.7	0.420066	0.7	0.7	0.420268	0.7	
303	0.431701	0.7	0.431701	0.7	0.431701	0.7	0.7	0.431701	0.7	
304	0.431701	0.7	0.431701	0.7	0.431701	0.7	0.7	0.516251	0.7	
305	0.431701	0.7	0.431701	0.7	0.431701	0.7	0.7	0.540588	0.7	
306	0.431701	0.7	0.431701	0.7	0.431701	0.7	0.7	0.553381	0.7	
307	0.431701	0.7	0.431701	0.7	0.431701	0.7	0.7	0.622275	0.7	
308	0.429922	0.7	0.429918	0.7	0.429892	0.7	0.7	0.62274	0.7	
309	0.427317	0.7	0.427297	0.7	0.427227	0.7	0.7	0.621954	0.7	
310	0.42386	0.7	0.423802	0.7	0.423708	0.7	0.7	0.619777	0.7	
311	0.422607	0.7	0.422509	0.7	0.422427	0.7	0.7	0.620396	0.7	
312	0.419481	0.7	0.419339	0.7	0.419267	0.7	0.7	0.618202	0.7	
313	0.416233	0.7	0.416061	0.7	0.415958	0.7	0.7	0.615728	0.7	
314	0.414205	0.7	0.413976	0.7	0.413904	0.7	0.7	0.6144	0.7	
315	0.414523	0.7	0.414312	0.7	0.414201	0.7	0.7	0.615753	0.7	
316	0.413821	0.7	0.413586	0.7	0.413492	0.7	0.7	0.616628	0.7	
317	0.41325	0.7	0.412972	0.7	0.412918	0.7	0.7	0.617491	0.7	
318	0.412672	0.7	0.412354	0.7	0.41233	0.7	0.7	0.618641	0.7	
319	0.412672	0.7	0.412354	0.7	0.41233	0.7	0.7	0.620526	0.7	
320	0.410806	0.7	0.410427	0.7	0.410448	0.7	0.7	0.619635	0.7	
321	0.415135	0.7	0.41485	0.7	0.414738	0.7	0.7	0.625528	0.7	
322	0.427942	0.7	0.427833	0.7	0.427582	0.7	0.7	0.639943	0.7	
323	0.426901	0.7	0.426731	0.7	0.426531	0.7	0.7	0.640501	0.7	
324	0.431701	0.7	0.431701	0.7	0.431701	0.7	0.7	0.647248	0.7	
325	0.429459	0.7	0.429451	0.7	0.429873	0.7	0.7	0.646681	0.7	
326	0.424218	0.7	0.424193	0.7	0.425106	0.7	0.7	0.640807	0.7	
327	0.431701	0.7	0.431701	0.7	0.431701	0.7	0.7	0.649366	0.7	
328	0.428803	0.7	0.428795	0.7	0.428956	0.7	0.7	0.647098	0.7	
329	0.425914	0.7	0.425891	0.7	0.42612	0.7	0.7	0.64473	0.7	
330	0.423288	0.7	0.423251	0.7	0.423505	0.7	0.7	0.642641	0.7	
331	0.426223	0.7	0.426288	0.7	0.426442	0.7	0.7	0.646335	0.7	
332	0.425785	0.7	0.425841	0.7	0.426015	0.7	0.7	0.647163	0.7	
333	0.424626	0.7	0.424676	0.7	0.424845	0.7	0.7	0.647084	0.7	
334	0.42364	0.7	0.423706	0.7	0.42384	0.7	0.7	0.646558	0.7	
335	0.421403	0.7	0.421464	0.7	0.421574	0.7	0.7	0.644678	0.7	
336	0.419276	0.7	0.419325	0.7	0.419424	0.7	0.7	0.642816	0.7	
337	0.417467	0.7	0.417506	0.7	0.417591	0.7	0.7	0.641473	0.7	
338	0.414416	0.7	0.414441	0.7	0.414501	0.7	0.7	0.637431	0.7	
339	0.412641	0.7	0.412649	0.7	0.412706	0.7	0.7	0.635823	0.7	
340	0.411534	0.7	0.411524	0.7	0.411588	0.7	0.7	0.635316	0.7	
341	0.410838	0.7	0.410817	0.7	0.410893	0.7	0.7	0.635542	0.7	
342	0.409191	0.7	0.409171	0.7	0.409231	0.7	0.7	0.634272	0.7	
343	0.407201	0.7	0.407176	0.7	0.407225	0.7	0.7	0.632381	0.7	
344	0.407648	0.7	0.4077	0.7	0.407649	0.7	0.7	0.632328	0.7	
345	0.405582	0.7	0.40564	0.7	0.40557	0.7	0.7	0.629832	0.7	
346	0.403832	0.7	0.403887	0.7	0.403812	0.7	0.7	0.627698	0.7	
347	0.402788	0.7	0.402835	0.7	0.402765	0.7	0.7	0.626815	0.7	
348	0.403384	0.7	0.403451	0.7	0.403359	0.7	0.7	0.62803	0.7	
349	0.403031	0.7	0.403083	0.7	0.403007	0.7	0.7	0.628277	0.7	
350	0.401708	0.7	0.401766	0.7	0.401686	0.7	0.7	0.626989	0.7	
351	0.401633	0.7	0.401677	0.7	0.401612	0.7	0.7	0.627557	0.7	
352	0.407071	0.7	0.407325	0.7	0.407028	0.7	0.7	0.632868	0.7	
353	0.405848	0.7	0.406107	0.7	0.405806	0.7	0.7	0.631743	0.7	
354	0.403932	0.7	0.404202	0.7	0.40389	0.7	0.7	0.62927	0.7	
355	0.402114	0.7	0.40239	0.7	0.402073	0.7	0.7	0.626891	0.7	
356	0.404422	0.7	0.404793	0.7	0.404369	0.7	0.7	0.629004	0.7	
357	0.431701	0.7	0.431701	0.7	0.431701	0.7	0.7	0.7	0.7	
358	0.431701	0.7	0.431701	0.7	0.431701	0.7	0.7	0.7	0.7	
359	0.431701	0.7	0.431701	0.7	0.431701	0.7	0.7	0.7	0.7	
360	0.431701	0.7	0.431701	0.7	0.431701	0.7	0.7	0.7	0.7	
361	0.428639	0.7	0.428671	0.7	0.428637	0.7	0.7	0.696668	0.7	
362	0.423407	0.7	0.423481	0.7	0.423396	0.7	0.7	0.688481	0.7	
363	0.421559	0.7	0.421646	0.7	0.421548	0.7	0.7	0.686946	0.7	
364	0.424783	0.7	0.424996	0.7	0.424759	0.7	0.7	0.690747	0.7	
365	0.423285	0.7	0.423511	0.7	0.423267	0.7	0.7	0.689714	0.7	
