#Output values file generated by Xhydro
10
ReportTime
point# 1
point# 2
point# 3
point# 4
point# 5
point# 6
point# 7
point# 8
point# 9
1	0	0	0	0	0	0	0	0	0	
2	0	0	0	0	0	0	0	0	0	
3	0	0	0	0	0	0	0	0	0	
4	0	0	0	0	0	0	0	0	0	
5	0	0	0	0	0	0	0	0	0	
6	0	1.10956e-08	0	0	0	0	0	0	0	
7	0	0	0	0	0	0	0	0	0	
8	0	0	0	0	0	0	0	0	0	
9	0	0	0	0	0	0	0	0	0	
10	0	0	0	0	0	0	0	0	0	
11	0	2.5359e-08	0	0	0	0	0	0	0	
12	0	2.09951e-08	0	0	0	0	0	0	0	
13	0	0	0	0	0	0	0	0	0	
14	7.03979e-08	6.65012e-08	0	0	0	5.34527e-08	8.23835e-08	0	0	
15	0	0	0	0	0	0	0	0	0	
16	0	0	0	0	0	0	0	0	0	
17	0	0	0	0	0	0	0	0	0	
18	0	0	0	0	0	0	0	0	0	
19	0	0	0	0	0	0	0	0	0	
20	0	0	0	0	0	0	0	0	0	
21	0	0	0	0	0	0	0	0	0	
22	0	0	0	0	0	0	0	0	0	
23	0	0	0	0	0	0	0	0	0	
24	0	0	0	0	0	0	0	0	0	
25	0	0	0	0	0	0	0	0	0	
26	0	0	0	0	0	0	0	0	0	
27	0	0	0	0	0	0	0	0	0	
28	0	0	0	0	0	0	0	0	0	
29	0	0	0	0	0	0	0	0	0	
30	0	0	0	0	0	0	0	0	0	
31	0	0	0	0	0	0	0	0	0	
32	0	0	0	0	0	0	0	0	0	
33	0	0	0	0	0	0	0	0	0	
34	0	0	0	0	0	0	0	0	0	
35	0	0	0	0	0	0	0	0	0	
36	0	0	0	0	0	0	0	0	0	
37	0	1.28056e-08	0	0	0	0	0	0	0	
38	0	0	0	0	0	0	0	0	0	
39	0	4.6809e-08	0	0	0	0	0	0	0	
40	0	0	0	0	0	0	0	0	0	
41	0	0	0	0	0	0	0	0	0	
42	0	0	0	0	0	0	0	0	0	
43	0	0	0	0	0	0	0	0	0	
44	0	0	0	0	0	0	0	0	0	
45	0	0	0	0	0	0	0	0	0	
46	0	0	0	0	0	0	0	0	0	
47	0	0	0	0	0	0	0	0	0	
48	0	0	0	0	0	0	0	0	0	
49	0	0	0	0	0	0	0	0	0	
50	0	0	0	0	0	0	0	0	0	
51	0	1.87371e-08	0	0	0	1.55214e-08	3.92945e-08	0	5.40668e-08	
52	0	0	0	0	0	0	0	0	0	
53	0	0	0	0	0	0	0	0	0	
54	0	0	0	0	0	0	0	0	0	
55	0	0	0	0	0	0	0	0	0	
56	0	0	0	0	0	0	0	0	0	
57	0	0	0	0	0	0	0	0	0	
58	0	0	0	0	0	0	0	0	0	
59	0	1.02947e-08	0	0	0	0	0	0	0	
60	0	0	0	0	0	0	0	0	0	
61	0	0	0	0	0	0	0	0	0	
62	1.36464e-09	3.78951e-08	8.76591e-10	3.11909e-09	2.32037e-09	1.66953e-08	2.4272e-09	7.57507e-08	5.06941e-08	
63	0	0	0	0	0	0	0	0	0	
64	0	0	0	0	0	0	0	0	0	
65	0	4.62193e-08	0	0	0	3.82792e-08	0	0	0	
66	0	0	0	0	0	0	0	0	0	
67	0	0	0	0	0	0	0	0	0	
68	0	0	0	0	0	0	0	0	0	
69	0	0	0	0	0	0	0	0	0	
70	0	0	0	0.000135845	0	0	0	0	0	
71	0	0	0	0.00888578	0	0	0	0	0	
72	0	0.00588366	0	0.00916883	0	0	0	0	0	
73	0	0.00436013	0	0.00519347	0	0	0	0	0	
74	0	0.00440805	0	0.0052399	0	0	0	0	0	
75	0	0.00281342	0	0.00365797	0	0	0	0	0	
76	0	0.00397752	0	0.00481705	0	0	0	0	0.0021116	
77	0	0.00459375	0	0.00541266	0	0	0	0	0.00515495	
78	0	0.00415506	0	0.00496682	0	0	0	0	0.00445596	
79	0	0.00434634	0	0.00515733	0	0	0	0	0.00496028	
80	0	0.0040093	0	0.00482162	0	0	0	0	0.00458135	
81	0	0.00328297	0	0.00409328	0	0	0	0	0.00385215	
82	0	0.00339405	0	0.00419478	0	0	0	0	0.00401817	
83	0	0.00372117	0	0.00452782	0	0	0	0	0.00441418	
84	0	0.00362322	0	0.00442803	0	0	0	0	0.00435842	
85	0	0.002957	0	0.00375988	0	0	0	0	0.00361234	
86	0	0.00293347	0	0.0037297	0	0	0	0	0.00353708	
87	0	0.00347269	0	0.00428712	0	0	0	0	0.00385757	
88	0	0.00373711	0	0.00454059	0	0	0	0	0.00436316	
89	0	0.00480801	0	0.00554784	0	0	0	0	0.00550916	
90	0	0.00425778	0	0.00506719	0	0	0	0	0.00506263	
91	0	0.00386622	0	0.00466788	0	0	0	0	0.00478537	
92	0	0.00401528	0	0.0048154	0	0	0	0	0.00492501	
93	0	0.00386474	0	0.00465902	0	0	0	0	0.00462326	
94	0	0.00382768	0	0.00465014	0	0	0	0	0.00436373	
95	0	0.00409115	0	0.00489673	0	0.00219328	0	0	0.00466973	
96	0	0.00251096	0	0.00329016	0	0.00167633	0	0	0.0026648	
97	0	0.0012642	0	0.00206763	0	0.000471369	0	0	0.000867094	
98	0	0.00280082	0	0.00359246	0	0.00200586	0	0	0.00261911	
99	0	0.00325024	0	0.00404312	0	0.00246572	0	0	0.00326469	
100	0	0.0030885	0	0.00387827	0	0.00230839	0	0	0.00348633	
101	0	0.00314206	0	0.00391048	0	0.00234767	0	0	0.00357018	
102	0	0.00336874	0	0.00413823	0	0.00258412	0	0	0.00393111	
103	0	0.00294888	0	0.00373129	0	0.00218883	0	0	0.00287588	
104	0	0.00687465	0	0.00748461	0	0.00593144	0	0	0.00702225	
105	0	0.00345263	0	0.00423465	0	0.00270517	0	0	0.00425868	
106	0	0.00342388	0	0.0041891	0	0.00266704	0	0	0.00385788	
107	0	0.00332785	0	0.00410555	0	0.00259557	0	0	0.00327837	
108	0	0.00264453	0	0.00340185	0	0.00189665	0	0	0.00302712	
109	0	0.00139185	0	0.0021048	0	0.000606134	0	0	0.0015493	
110	0	0.000550516	0	0.00125112	0	0	0	0	0.0012723	
111	0	0.00147705	0	0.00220143	0	0.000475356	0	0	0.00184012	
112	0	0.000956137	0	0.00168347	0	0.000210142	0	0	0.00120564	
113	0	0.00202694	0	0.00279223	0	0.00133005	0	0	0.00209257	
114	0	0.00291813	0	0.00362795	0	0.00216851	0	0	0.00274915	
115	0	0.00305559	0	0.00381467	0	0.00236884	0	0	0.00277392	
116	0	0.00258097	0	0.00331908	0	0.00187696	0	0	0.00316228	
117	0	0.00330128	0	0.00403492	0	0.00260083	0	0	0.00343401	
118	0	0.00244769	0	0.00315218	0	0.00172572	0	0	0.00207476	
119	0	0.00274561	0	0.0034369	0	0.0020147	0	0	0.00240433	
120	0	0.00859733	0	0.0091367	0	0.00770461	0	0	0.00882108	
121	0	0.00300844	0	0.00377651	0	0.00237486	0	0	0.00387676	
122	0	0.00236248	0	0.0030801	0	0.00168474	0	0	0.00265385	
123	0	0.00446988	0	0.0051728	0	0.00378063	0	0	0.00521168	
124	0	0.00361117	0	0.0043359	0	0.00295561	0	0	0.0042156	
125	0	0.00555866	0	0.00617798	0	0.00479903	0	0	0.00615405	
126	0	0.00569414	0	0.00619599	0	0.00482424	0	0	0.00592349	
127	0	0.0030374	0	0.00349546	0	0.00213442	0	0	0.00295218	
128	0	0.00399812	0	0.00450619	0	0.00315629	0	0	0.0044282	
129	0	0.00283233	0	0.00319086	0	0.00184222	0	0	0.00203446	
130	0	0.00187022	0	0.00219183	0	0.000848103	0	0	0.000775698	
131	0	0.0029747	0	0.00335347	0	0.00201937	0	0	0.00239936	
132	0	0.0131543	0	0.0132122	0	0.0118648	0	0	0.0123771	
133	0	0.00365596	0	0.00386159	0	0.00255094	0	0	0.00376552	
134	0	0.00366485	0	0.00378267	0	0.00247469	0	0	0.00351426	
135	0	0.00277705	0	0.00284689	0	0.00154272	0	0	0.00268219	
136	0	0.00286857	0	0.00289267	0	0.0015938	0	0	0.00201675	
137	0	0.00357047	0	0.00363863	0	0.00234973	0	0	0.00301683	
138	0	0.00344293	0	0.00336396	0	0.00207137	0	0	0.0021377	
139	0	0.00294479	0	0.00291662	0	0.00163574	0	0	0.00184681	
140	0	0.00365005	0	0.00367094	0	0.00240117	0	0	0.00332568	
141	0	0.00146122	0	0.00131153	0	3.39911e-05	0	0	0.000203369	
142	0	0.000915362	0	0.000764271	0	0	0	0	0	
143	0	0.00112188	0	0.000929439	0	0	0	0	0	
144	0	0.00717541	0	0.00716355	0	0.00507507	0	0	0.00425903	
145	0	0.0183367	0	0.0178681	0	0.0166006	0	0	0.0154339	
146	0	0.00949207	0	0.00899525	0	0.00776104	0	0	0.00857883	
147	0	0.00311424	0	0.00254415	0	0.00131941	0	0	0.00196181	
148	0	0.00185816	0	0.00112209	0	0	0	0	0	
149	0	0.00234851	0	0.00179362	0	0.000468926	0	0	0.000687961	
150	0	0.00156448	0	0.000995949	0	0	0	0	0	
151	0	0.00141166	0	0.000838234	0	0	0	0	0	
152	0	0.00167788	0	0.00109173	0	0	0	0	0	
153	0	0.000308654	0	0	0	0	0	0	0	
154	0	0.000676836	0	0	0	0	0	0	0	
155	0	0.00100947	0	0	0	0	0	0	0	
156	0	0.00133971	0	0.000525281	0	0	0	0	0	
157	0	0.00337041	0	0.00286529	0	0	0	0	0	
158	0	0.00139825	0	0.000839997	0	0	0	0	0	
159	0	0.00599274	0	0.00555465	0	0.000867946	0	0	0	
160	0	0.00323197	0	0.00259249	0	0.00143786	0	0	0	
161	0	0.00164299	0	0.00105797	0	0	0	0	0	
162	0	0.00137022	0	0.000741062	0	0	0	0	0	
163	0	0.00484283	0	0.00450758	0	0.00291012	0	0	6.03478e-05	
164	0	0.00151322	0	0.000920207	0	0	0	0	0	
165	0	0.0287595	0	0.0279728	0	0.026619	0	0	0.0218375	
166	0	0.00156168	0	0.000676724	0	0	0	0	0	
167	0	0.000838096	0	0	0	0	0	0	0	
168	0	0.00226003	0	0.00117799	0	0	0	0	0	
169	0	0.00207718	0	0.00118678	0	0	0	0	0	
170	0	0.00316655	0	0.00253866	0	5.2624e-05	0	0	0	
171	0	0.00422702	0	0.00362361	0	0.0025595	0	0	0.00279671	
172	0	0.00809747	0	0.00748343	0	0.00642562	0	0	0.00762199	
173	0	0.0178121	0	0.0166262	0	0.0155291	0	0	0.0153022	
174	0	0.00302945	0	0.00198865	0	0.000931023	0	0	0	
175	0	0.00138946	0	7.67894e-05	0	0	0	0	0	
176	0	0.00316232	0	0.00210356	0	5.59688e-05	0	0	0	
177	0	0.0022885	0	0.00107456	0	1.60162e-05	0	0	0	
178	0	0.00399279	0	0.00294513	0	0.00190751	0	0	0.00263799	
179	0	0.00242714	0	0.0012011	0	0.00015066	0	0	0	
180	0	0.00289633	0	0.00178008	0	0.000745433	0	0	0.00126316	
181	0	0.00454902	0	0.00343561	0	0.00240633	0	0	0.00294972	
182	0	0.00042541	0	0	0	0	0	0	0	
183	0	0.0128337	0	0.0108886	0	0.00883606	0	0	0.00723668	
184	0	0.00301395	0	0.00185783	0	0.000844223	0	0	0.00147481	
185	0	0.00306633	0	0.00191958	0	0.000910631	0	0	0.00131224	
186	0	0.000646115	0	0	0	0	0	0	0	
187	0	0.0020397	0	0.000485037	0	0	0	0	0	
188	0	0.00180873	0	0.000667911	0	0	0	0	0	
189	0	0.00304888	0	0.00197315	0	0	0	0	0	
190	0	0.00379617	0	0.00298317	0	0.00119059	0	0	0.0005276	
191	0	0.0104176	0	0.00940419	0	0.00843875	0	0	0.00900279	
192	0	0.00527677	0	0.00432689	0	0.00337327	0	0	0.00412009	
193	0	0.00293953	0	0.00177644	0	0.000807842	0	0	0.00111282	
194	0	0.00246363	0	0.00132577	0	0.000363765	0	0	0.000466567	
195	0	0.00280786	0	0.00166933	0	0.000711281	0	0	0.000656104	
196	0	0.00039426	0	0	0	0	0	0	0	
197	0	0.0101315	0	0.00833013	0	0.00644135	0	0	0.00472975	
198	0	0.0069947	0	0.00583351	0	0.00489562	0	0	0.00536555	
199	0	0.00437231	0	0.00335744	0	0.00244315	0	0	0.00351846	
200	0	0.00261044	0	0.00131444	0	0.000375387	0	0	0.000627733	
201	0	0.0102452	0	0.00882418	0	0.0078851	0	0	0.00703347	
202	0	0.00360385	0	0.00242861	0	0.00152675	0	0	0.00248528	
203	0	0.00271045	0	0.00139877	0	0.000487051	0	0	0.000492798	
204	0	0.00238225	0	0.00103163	0	0.00011964	0	0	3.86329e-06	
205	0	0.00488531	0	0.0035717	0	0.00266972	0	0	0.00287166	
206	0	0.00180032	0	0.000506311	0	0	0	0	0	
207	0	0.00344467	0	0.0022377	0	0.000959778	0	0	0.000473427	
208	0	0.00677852	0	0.00566855	0	0.00479802	0	0	0.00552055	
209	0	0.00258801	0	0.00133449	0	0.000452488	0	0	0.000352461	
210	0	0.00187724	0	0.000617606	0	0	0	0	0	
211	0	0.00289547	0	0.00171898	0	0.000592687	0	0	0	
212	0	0.00229981	0	0.000983528	0	0.000107358	0	0	0	
213	0	0.00184644	0	0.00053103	0	0	0	0	0	
214	0	0.0012236	0	0	0	0	0	0	0	
215	0	0.00642308	0	0.00528735	0	0.00324292	0	0	0.00119486	
216	0	0.00436868	0	0.00349553	0	0.00268098	0	0	0.00367067	
217	0	0.00308291	0	0.00207983	0	0.0012566	0	0	0.00153712	
218	0	0.00190142	0	0.000565045	0	0	0	0	0	
219	0	0.00142114	0	0.000139089	0	0	0	0	0	
220	0	0.00125904	0	2.50477e-05	0	0	0	0	0	
221	0	0.00220638	0	0.00106714	0	0	0	0	0	
222	0	0.0179967	0	0.0165898	0	0.0141776	0	0	0.0076785	
223	0	0.00272556	0	0.00170451	0	0.000908204	0	0	0.000961278	
224	0	0.000585818	0	0	0	0	0	0	0	
225	0	0.000496595	0	0	0	0	0	0	0	
226	0	0.00117881	0	0	0	0	0	0	0	
227	0	0.00955117	0	0.00692438	0	0.00371434	0	0	5.72293e-05	
228	0	0.00895475	0	0.00775187	0	0.00696265	0	0	0.00682216	
229	0	0.00128596	0	0	0	0	0	0	0	
230	0	0.00198519	0	0.000757456	0	0	0	0	0	
231	0	0.00553575	0	0.00462559	0	0.00307364	0	0	0.00195203	
232	0	0.0147703	0	0.0133106	0	0.0125261	0	0	0.0116533	
233	0	0.00265969	0	0.00126652	0	0.000507683	0	0	0	
234	0	0.0011883	0	0	0	0	0	0	0	
235	0	0.00772777	0	0.00634454	0	0.0048622	0	0	0.00466594	
236	0	0.00370652	0	0.00242356	0	0.00168889	0	0	0.00239415	
237	0	0.00362563	0	0.00241287	0	0.00168897	0	0	0.00225768	
238	0	0.00310822	0	0.00180242	0	0.00107348	0	0	0.000986768	
239	0	0.0117192	0	0.0103854	0	0.00966427	0	0	0.0100662	
240	0	0.00501007	0	0.00368227	0	0.00297735	0	0	0.00363362	
241	0	0.00682078	0	0.00539595	0	0.00469004	0	0	0.00540868	
242	0	0.00410001	0	0.00262047	0	0.0019177	0	0	0.00209732	
243	0	0.0201235	0	0.018168	0	0.0174371	0	0	0.0161334	
244	0	0.0167936	0	0.0148055	0	0.0141145	0.00362732	0	0.0127418	
245	0	0.00540653	0	0.00335274	0	0.0026764	0	0	0.00356188	
246	0	0.00775096	0	0.00556175	0	0.00487978	0.00199218	0	0.00583267	
247	0	0.0126555	0	0.0100434	0	0.00933832	0.00656564	0	0.00840761	
248	0	0.00843502	0	0.00606256	0	0.00539536	0.00260733	0	0.00644615	
249	0	0.00691731	0	0.00458513	0	0.00392964	0.00114077	0	0.00516567	
250	0	0.0056466	0	0.0031118	0	0.0024436	0	0	0.00317812	
251	0	0.0059559	0	0.00350685	0	0.00285086	0	0	0.00387619	
252	0	0.00540305	0	0.00291434	0	0.00225951	0	0	0.00301999	
253	0	0.00572984	0	0.00327995	0	0.0026338	0	0	0.00338297	
254	0	0.00557321	0	0.00304324	0	0.00239489	0	0	0.00312288	
255	0	0.00518997	0	0.00265365	0	0.00200843	0	0	0.00257343	
256	0	0.00505796	0	0.00255499	0	0.00191626	0	0	0.00205886	
257	0	0.00560588	0	0.00314096	0	0.00250763	0	0	0.00313763	
258	0	0.00570023	0	0.00321215	0	0.00258126	0	0	0.00276187	
259	0	0.0052642	0	0.00277972	0	0.00215353	0	0	0.00201213	
260	0	0.00511855	0	0.00268032	0	0.00206201	0	0	0.00185375	
261	0	0.00380859	0	0.00141006	0	0.000796073	0	0	0.00117226	
262	0	0.0053861	0	0.00301837	0	0.00240991	0	0	0.00300251	
263	0	0.00467025	0	0.00230999	0	0.00170471	0	0	0.00178694	
264	0	0.00464916	0	0.00229491	0	0.00169212	0	0	0.00153739	
265	0	0.00541955	0	0.00311564	0	0.00252011	0	0	0.00252686	
266	0	0.00536626	0	0.00306056	0	0.00246843	0	0	0.00239637	
267	0	0.00555477	0	0.00325042	0	0.00266219	0	0	0.00260204	
268	0	0.0055263	0	0.00331655	0	0.00274066	0	0	0.00334538	
269	0	0.0125158	0	0.0100106	0	0.00941751	0	0	0.0100272	
270	0	0.0437862	0	0.0415898	0	0.040798	0.0336764	0	0.0337127	
271	0	0.00635918	0	0.00418406	0	0.00339798	0.000536425	0	0.00478818	
272	0	0.00617596	0	0.00392352	0	0.00313865	0.000271087	0	0.00356411	
273	0	0.00642434	0	0.00421293	0	0.00343858	0.000564558	0	0.00430619	
274	0	0.00662289	0	0.00441911	0	0.00365225	0.000773902	0	0.00489328	
275	0	0.00703347	0	0.00481787	0	0.00405685	0.0011749	0	0.00536351	
276	0	0.00777625	0	0.00557042	0	0.00481671	0.00192975	0	0.00610139	
277	0	0.00649796	0	0.00432299	0	0.00358038	0.000684446	0	0.00407148	
278	0	0.00898418	0	0.0065579	0	0.00579107	0.00290065	0	0.00636924	
279	0	0.00840437	0	0.00436288	0	0.00361529	0.000716526	0	0.00497395	
280	0	0.00762466	0	0.00416495	0	0.00342377	0.000520513	0	0.00472169	
281	0	0.0136201	0	0.00562852	0	0.00488174	0.00197871	0	0.00600674	
282	0	0.0172781	0	0.00658418	0	0.00583276	0.00291628	0	0.0065243	
283	0	0.0231714	0	0.00801417	0	0.00722706	0.00431554	0	0.00782803	
284	0	0.00833147	0	0.00436541	0	0.00359209	0.000678985	8.04813e-08	0.00494223	
285	0	0.00767184	0	0.00418701	0	0.00341979	0.00050313	0	0.00481463	
286	0	0.0151477	0	0.00606105	0	0.00529661	0.00237253	0	0.00623321	
287	0	0.00905612	0	0.00454228	0	0.00379405	0.000858764	0	0.00508288	
288	0	0.137149	0	0.0367813	0	0.0359837	0.0330027	0	0.0294977	
289	0	0.0172851	0	0.00679236	0	0.00621655	0.00301506	0	0.00663392	
290	0	0.0125481	0	0.00560526	0	0.00506102	0.00183271	0	0.00572658	
291	0	0.0125133	0	0.00558024	0	0.0050571	0.00181246	0	0.00554897	
292	0	0.0139421	0	0.00591712	0	0.00541531	0.0021496	0	0.00601522	
293	0	0.00957263	0	0.00482614	0	0.00434662	0.00106743	0	0.00507533	
294	0	0.0083291	0	0.00451681	0	0.00405296	0.000761218	0	0.0049063	
295	0	0.0117179	0	0.00535503	0	0.00490778	0.00160493	0	0.00552845	
296	0	0.0101253	0	0.00496315	0	0.00453674	0.00122164	0	0.00505651	
297	0	0.056607	0	0.0166664	0	0.0162126	0.0128624	0	0.0140473	
298	0	0.0102851	0	0.00507502	0	0.00471154	0.00127553	0	0.00524803	
299	0	0.00811345	0	0.00452029	0	0.00417046	0.00072414	0	0.00474792	
300	0	0.0100665	0	0.00498845	0	0.0046493	0.00119933	0	0.00525201	
301	0	0.00833586	0	0.00455869	0	0.00423552	0.000773807	0	0.00491364	
302	0	0.00818138	0	0.00450715	0	0.00419356	0.000727157	0	0.00490796	
303	0	0.0189756	0	0.00720514	0	0.00690727	0.00342535	0	0.00690484	
304	0	0.0500091	0	0.0150577	0	0.0147762	0.0112494	0	0.0127604	
305	0	0.0195733	0	0.00742465	0	0.00721419	0.00361325	0	0.00690949	
306	0	0.01488	0	0.00627441	0	0.00609536	0.00246277	0	0.00611278	
307	0	0.0371766	0	0.011893	0	0.0117271	0.00806907	0	0.0102454	
308	0	0.0098908	0	0.00505634	2.05945e-08	0.00491153	0.00123547	0	0.00504285	
309	0	0.00942516	0	0.00492755	0	0.00479307	0.00111077	0	0.00497673	
310	0	0.00886167	0	0.00477808	0	0.00465371	0.000965499	0	0.00486411	
311	0	0.00992768	0	0.00504198	0	0.00492817	0.00123575	0	0.00509392	
312	0	0.00882777	0	0.00475558	0	0.00465146	0.000952366	0	0.00483142	
313	0	0.00874702	0	0.00472026	0	0.00462553	0.00092173	0	0.00485817	
314	0	0.00912064	0	0.00481457	0	0.00473063	0.00102111	0	0.00495037	
315	0	0.0102482	0	0.00508173	0	0.00500693	0.00129286	0	0.00514768	
316	0	0.0100607	0	0.00503384	0	0.00496986	0.00125095	0	0.00508949	
317	0	0.0100234	0	0.00502097	0	0.00496695	0.00124177	0	0.00835966	
318	0	0.0102065	0	0.00505626	0	0.00501181	0.00128238	0	0.00853847	
319	0	0.0105626	0	0.00513229	0	0.00509731	0.00136434	0	0.00857797	
320	0	0.00946263	0	0.00485662	0	0.00483126	0.00108959	0	0.00819487	
321	0	0.0122589	0	0.00552856	0	0.00551034	0.0017657	0	0.00988489	
322	0	0.015752	0	0.00639549	0	0.0063881	0.00263591	0	0.0116804	
323	0	0.0100535	0	0.00497992	0	0.00498281	0.00122728	0	0.00854262	
324	0	0.0125704	0	0.00559261	0	0.00560228	0.00184264	0	0.00975516	
325	0	0.00953445	0	0.00485326	0	0.0048723	0.00110905	0	0.00801535	
326	0	0.00741544	0	0.00432902	0	0.00435682	0.000585211	0	0.00673961	
327	0	0.0134119	0	0.00577383	0	0.00580447	0.00203214	0	0.0101548	
328	0	0.00897316	0	0.00468058	0	0.0047253	0.000946525	0	0.00756929	
329	0	0.00897529	0	0.00466537	0	0.00471938	0.000935884	0	0.00766605	
330	0	0.00910382	0	0.00468598	0	0.00474898	0.000960961	0	0.00773883	
331	0	0.0114729	0	0.00525952	0	0.00532999	0.00153763	0	0.00916506	
332	0	0.0102913	0	0.0049694	0	0.00505092	0.00125373	0	0.00836557	
333	0	0.00996095	0	0.00487674	0	0.00496688	0.00116453	0	0.00821551	
334	0	0.0098102	0	0.0048276	0	0.00492577	0.00111761	0	0.00814946	
335	0	0.00928252	0	0.00468883	0	0.00479603	0.000983072	0	0.00782375	
336	0	0.00929052	0	0.00468598	0	0.00480217	0.000984066	0	0.00782259	
337	0	0.00951165	0	0.00473345	0	0.00485825	0.00103578	0	0.00795749	
338	0	0.00845463	0	0.00445706	0	0.00458977	0.000761439	0	0.00734516	
339	0	0.00940733	0	0.00469427	0	0.00483612	0.00100397	0	0.00791525	
340	0	0.0098557	0	0.00480191	0	0.00495253	0.00111581	0	0.00816607	
341	0	0.0101731	0	0.00487765	0	0.00503697	0.00119462	0	0.00825	
342	0	0.00963795	0	0.00473111	0	0.00489834	0.00105103	0	0.00792423	
343	0	0.00938433	0	0.00466088	0	0.00483646	0.000984707	0	0.0077841	
344	0	0.0101672	0	0.0048387	0	0.00502117	0.00116477	0	0.00816705	
345	0	0.00914727	0	0.00458465	0	0.00477626	0.000915306	0	0.00752141	
346	0	0.00928276	0	0.0046147	0	0.0048148	0.000949064	0	0.00760415	
347	0	0.0097826	0	0.00473572	0	0.00494413	0.00107415	0	0.00799765	
348	0	0.0106473	0	0.00494355	0	0.0051598	0.00128616	0	0.0085743	
349	0	0.0102472	0	0.0048428	0	0.00506758	0.00118826	0	0.0083731	
350	0	0.00969387	0	0.00469388	0	0.00492637	0.00104177	0	0.0078091	
351	0	0.0104154	0	0.00486849	0	0.00510903	0.00122194	0	0.00840977	
352	0	0.0124755	0	0.00535193	0	0.00559687	0.00170427	0	0.0094377	
353	0	0.00978393	0	0.00469753	0	0.00495363	0.0010557	0	0.00787375	
354	0	0.0092677	0	0.00455949	0	0.00482318	0.000920213	0	0.00739811	
355	0	0.00930182	0	0.00456311	0	0.00483471	0.000927312	0	0.0074306	
356	0	0.0111415	0	0.00500768	0	0.00528546	0.00137448	0	0.00873167	
357	0	0.0443072	0	0.0133099	0	0.0135474	0.00965535	0.00132623	0.0270487	
358	0	0.0261789	0	0.00886692	0	0.00908781	0.00521028	0.00402035	0.0167098	
359	0	0.0191177	0	0.00709697	0	0.00730602	0.00343466	0.00224768	0.0128081	
360	0	0.0163782	0	0.00642908	0	0.00663584	0.00276716	0.00158447	0.0109656	
361	0	0.00881575	0	0.00452147	0	0.00473577	0.000861094	0	0.00680158	
362	0	0.00696122	0	0.00404699	0	0.0042696	0.000387834	0	0.00505845	
363	0	0.00950566	0	0.00468496	0	0.00491565	0.00103238	0	0.0074941	
364	0	0.0116968	0	0.00521353	0	0.0054503	0.00156341	0	0.00909619	
365	0	0.00972047	0	0.00472704	0	0.00497388	0.00108115	0	0.00893509	
