No comments
731
1 2 3 4 5 6 7 8 9 10 11 12 13 14 15 16 17 18 19 20 21 22 23 24 25 26 27 28 29 30 31 32 33 34 35 36 37 38 39 40 41 42 43 44 45 46 47 48 49 50 51 52 53 54 55 56 57 58 59 60 61 62 63 64 65 66 67 68 69 70 71 72 73 74 75 76 77 78 79 80 81 82 83 84 85 86 87 88 89 90 91 92 93 94 95 96 97 98 99 100 101 102 103 104 105 106 107 108 109 110 111 112 113 114 115 116 117 118 119 120 121 122 123 124 125 126 127 128 129 130 131 132 133 134 135 136 137 138 139 140 141 142 143 144 145 146 147 148 149 150 151 152 153 154 155 156 157 158 159 160 161 162 163 164 165 166 167 168 169 170 171 172 173 174 175 176 177 178 179 180 181 182 183 184 185 186 187 188 189 190 191 192 193 194 195 196 197 198 199 200 201 202 203 204 205 206 207 208 209 210 211 212 213 214 215 216 217 218 219 220 221 222 223 224 225 226 227 228 229 230 231 232 233 234 235 236 237 238 239 240 241 242 243 244 245 246 247 248 249 250 251 252 253 254 255 256 257 258 259 260 261 262 263 264 265 266 267 268 269 270 271 272 273 274 275 276 277 278 279 280 281 282 283 284 285 286 287 288 289 290 291 292 293 294 295 296 297 298 299 300 301 302 303 304 305 306 307 308 309 310 311 312 313 314 315 316 317 318 319 320 321 322 323 324 325 326 327 328 329 330 331 332 333 334 335 336 337 338 339 340 341 342 343 344 345 346 347 348 349 350 351 352 353 354 355 356 357 358 359 360 361 362 363 364 365 366 367 368 369 370 371 372 373 374 375 376 377 378 379 380 381 382 383 384 385 386 387 388 389 390 391 392 393 394 395 396 397 398 399 400 401 402 403 404 405 406 407 408 409 410 411 412 413 414 415 416 417 418 419 420 421 422 423 424 425 426 427 428 429 430 431 432 433 434 435 436 437 438 439 440 441 442 443 444 445 446 447 448 449 450 451 452 453 454 455 456 457 458 459 460 461 462 463 464 465 466 467 468 469 470 471 472 473 474 475 476 477 478 479 480 481 482 483 484 485 486 487 488 489 490 491 492 493 494 495 496 497 498 499 500 501 502 503 504 505 506 507 508 509 510 511 512 513 514 515 516 517 518 519 520 521 522 523 524 525 526 527 528 529 530 531 532 533 534 535 536 537 538 539 540 541 542 543 544 545 546 547 548 549 550 551 552 553 554 555 556 557 558 559 560 561 562 563 564 565 566 567 568 569 570 571 572 573 574 575 576 577 578 579 580 581 582 583 584 585 586 587 588 589 590 591 592 593 594 595 596 597 598 599 600 601 602 603 604 605 606 607 608 609 610 611 612 613 614 615 616 617 618 619 620 621 622 623 624 625 626 627 628 629 630 631 632 633 634 635 636 637 638 639 640 641 642 643 644 645 646 647 648 649 650 651 652 653 654 655 656 657 658 659 660 661 662 663 664 665 666 667 668 669 670 671 672 673 674 675 676 677 678 679 680 681 682 683 684 685 686 687 688 689 690 691 692 693 694 695 696 697 698 699 700 701 702 703 704 705 706 707 708 709 710 711 712 713 714 715 716 717 718 719 720 721 722 723 724 725 726 727 728 729 730 731
1
1
16.0
15.86666666666667
15.775
15.725
15.71666666666667
15.75
15.825
15.94166666666667
16.1
16.3125
16.5125
16.7
16.875
17.0375
17.1875
17.325
17.45
17.525
17.575
17.6
17.6
17.575
17.525
17.45
17.35
17.22083333333333
17.0625
16.875
16.65833333333333
16.4125
16.1375
15.83333333333333
15.5
15.1625
14.82083333333333
14.475
14.125
13.77083333333333
13.4125
13.0375
12.64583333333333
12.2375
11.8125
11.37083333333333
10.9125
10.4375
9.945833333333333
9.475
9.025
8.620833333333334
8.2625
7.95
7.683333333333334
7.4625
7.2875
7.1625
7.0875
7.0375
7.0125
7.0125
7.0375
7.0875
7.1625
7.2375
7.3125
7.404166666666667
7.5125
7.6375
7.779166666666667
7.9375
8.1125
8.304166666666667
8.5125
8.741666666666667
8.991666666666667
9.2625
9.554166666666667
9.866666666666667
10.2
10.52916666666667
10.85416666666667
11.16666666666667
11.46666666666667
11.75416666666667
12.02916666666667
12.29166666666667
12.54166666666667
12.80416666666667
13.07916666666667
13.35416666666667
13.62916666666667
13.90416666666667
14.17916666666667
14.45416666666667
14.72916666666667
14.9875
15.22916666666667
15.46666666666667
15.7
15.92916666666667
16.15416666666667
16.375
16.59166666666667
16.8
17.0
17.1875
17.3625
17.525
17.675
17.8125
17.9375
18.05833333333333
18.175
18.32083333333333
18.49583333333333
18.7
18.93333333333333
19.19583333333333
19.4875
19.82083333333333
20.19583333333333
20.64166666666667
21.15833333333333
21.74583333333333
22.40416666666667
23.13333333333333
23.93333333333333
24.79166666666667
25.70833333333333
26.6625
27.65416666666667
28.68333333333333
29.75
30.85416666666667
31.99583333333333
33.17916666666667
34.40416666666667
35.64166666666667
36.89166666666667
38.15416666666667
39.42916666666667
40.71666666666667
42.01666666666667
43.29583333333333
44.55416666666667
45.75
46.88333333333333
47.95416666666667
48.9625
49.90833333333333
50.79166666666666
51.58333333333334
52.28333333333333
52.90833333333333
53.45833333333334
53.93333333333333
54.33333333333334
54.65833333333333
54.90833333333333
55.10416666666666
55.24583333333333
55.33333333333334
55.36666666666667
55.34583333333333
55.27083333333334
55.14166666666667
54.95833333333334
54.75
54.51666666666667
54.31666666666667
54.15
54.01666666666667
53.91666666666666
53.85
53.81666666666667
53.85833333333333
53.975
54.05416666666667
54.09583333333333
54.1
54.06666666666667
53.99583333333333
53.8875
53.725
53.50833333333333
53.29947916666666
53.0984375
52.90520833333333
52.71979166666667
52.5421875
52.37239583333334
52.21041666666667
52.05625
51.90989583333333
51.77135416666667
51.640625
51.51770833333333
51.40260416666667
51.2953125
51.1375
50.92916666666667
50.6703125
50.3609375
50.00104166666667
49.590625
49.1296875
48.61822916666667
48.16875
47.78125
47.45572916666666
47.1921875
46.990625
46.85104166666667
46.7734375
46.7578125
46.7421875
46.7265625
46.7109375
46.6953125
46.6796875
46.6640625
46.6484375
46.6328125
46.6171875
46.6015625
46.5859375
46.5703125
46.5546875
46.5390625
46.5234375
46.5078125
46.4921875
46.4765625
46.4609375
46.4453125
46.4296875
46.4140625
46.3984375
46.3828125
46.3671875
46.3515625
46.3359375
46.3203125
46.3046875
46.2890625
46.2734375
46.2578125
46.2421875
46.2265625
46.26145833333333
46.346875
46.4828125
46.66927083333334
46.90625
47.19375
47.53177083333333
47.9203125
48.34270833333333
48.79895833333333
49.2890625
49.81302083333333
50.37083333333333
50.9625
51.58802083333333
52.24739583333334
52.77604166666666
53.17395833333333
53.44114583333333
53.57760416666667
53.58333333333334
53.45833333333334
53.20260416666667
52.81614583333333
52.29895833333333
51.65104166666666
50.87239583333334
49.96302083333333
48.92291666666667
47.75208333333333
46.4
44.86666666666667
43.42083333333333
42.0625
40.79166666666666
39.60833333333333
38.5125
37.50416666666667
36.6
35.8
35.00833333333333
34.225
33.45
32.68333333333333
31.925
31.175
30.59791666666667
30.19375
29.80416666666667
29.42916666666667
29.06875
28.72291666666667
28.39166666666667
28.075
27.77291666666667
27.48541666666667
27.3125
27.25416666666667
27.31041666666667
27.48125
27.76666666666667
28.16666666666667
28.4125
28.50416666666667
28.46666666666667
28.3
28.00416666666667
27.57916666666667
27.025
26.34166666666667
25.625
24.875
24.05416666666667
23.1625
22.2
21.16666666666667
20.0625
18.8875
17.8
16.8
15.95
15.25
14.7
14.3
14.05
13.95
13.9
13.9
13.85416666666667
13.7625
13.625
13.44166666666667
13.2125
12.9375
12.59166666666667
12.175
11.79166666666667
11.44166666666667
11.125
10.84166666666667
10.59166666666667
10.375
10.22916666666667
10.15416666666667
10.10833333333333
10.09166666666667
10.10416666666667
10.14583333333333
10.21666666666667
10.31666666666667
10.38333333333333
10.41666666666667
10.35555555555556
10.2
9.95
9.605555555555556
9.166666666666666
8.633333333333333
8.1625
7.754166666666666
7.408333333333333
7.125
6.904166666666667
6.745833333333334
6.65
6.616666666666666
6.583333333333333
6.55
6.516666666666667
6.483333333333333
6.45
6.416666666666667
6.383333333333334
6.35
6.304166666666666
6.245833333333334
6.175
6.091666666666667
5.995833333333334
5.8875
5.766666666666667
5.633333333333334
5.531944444444445
5.4625
5.425
5.419444444444445
5.445833333333334
5.504166666666666
5.533333333333333
5.533333333333333
5.5375
5.545833333333333
5.558333333333334
5.575
5.595833333333333
5.620833333333334
5.608333333333333
5.558333333333334
5.491666666666666
5.408333333333333
5.308333333333334
5.191666666666666
5.058333333333334
4.908333333333333
4.795833333333333
4.720833333333333
4.6625
4.620833333333334
4.595833333333333
4.5875
4.595833333333333
4.620833333333334
4.679166666666666
4.770833333333333
4.891666666666667
5.041666666666667
5.220833333333333
5.429166666666666
5.666666666666667
5.933333333333334
6.195833333333334
6.454166666666667
6.683333333333334
6.883333333333334
7.054166666666666
7.195833333333334
7.308333333333334
7.391666666666667
7.425
7.408333333333333
7.391666666666667
7.375
7.358333333333333
7.341666666666667
7.325
7.308333333333334
7.3125
7.3375
7.379166666666666
7.4375
7.5125
7.604166666666667
7.7125
7.8375
7.983333333333333
8.15
8.316666666666666
8.483333333333333
8.65
8.816666666666666
8.983333333333333
9.15
9.341666666666667
9.558333333333334
9.808333333333334
10.09166666666667
10.40833333333333
10.75833333333333
11.14166666666667
11.55833333333333
11.95833333333333
12.34166666666667
12.70833333333333
13.05833333333333
13.39166666666667
13.70833333333333
14.00833333333333
14.29166666666667
14.5625
14.82083333333333
15.075
15.325
15.57083333333333
15.8125
16.05
16.28333333333333
16.53333333333333
16.8
17.15
17.58333333333333
18.1
18.7
19.38333333333333
20.15
20.99166666666667
21.90833333333333
22.85833333333333
23.84166666666667
24.85833333333333
25.90833333333333
26.99166666666667
28.10833333333333
29.25833333333333
30.44166666666667
31.58333333333333
32.68333333333333
33.74166666666667
34.75833333333333
35.73333333333333
36.66666666666666
37.55
38.38333333333333
39.2875
40.2625
41.30833333333333
42.425
43.6125
44.87083333333333
46.13333333333333
47.4
48.50833333333333
49.45833333333334
50.25
50.88333333333333
51.35833333333333
51.675
51.875
51.95833333333334
52.03958333333333
52.11875
52.19583333333333
52.27083333333334
52.34375
52.41458333333333
52.55833333333333
52.775
53.06458333333333
53.42708333333334
53.8625
54.37083333333333
54.95208333333333
55.60625
56.2125
56.77083333333334
57.17083333333333
57.4125
57.49583333333333
57.42083333333333
57.1875
56.79583333333333
56.40833333333333
56.025
55.71041666666667
55.46458333333333
55.2875
55.17916666666667
55.13958333333333
55.16875
55.15208333333333
55.08958333333333
54.98125
54.82708333333333
54.62708333333333
54.38125
54.08958333333333
53.75208333333333
53.36875
52.93958333333333
52.47083333333333
51.9625
51.41458333333333
50.82708333333333
50.2
49.53333333333333
48.9375
48.4125
47.95833333333334
47.575
47.2625
47.02083333333334
46.85
46.75
46.65625
46.56875
46.49444444444444
46.43333333333333
46.38541666666666
46.35069444444444
46.32916666666667
46.32083333333333
46.32569444444444
46.34375
46.375
46.41944444444444
46.47708333333333
46.54791666666667
46.63194444444444
46.72916666666666
46.83333333333334
46.94444444444444
47.0625
47.1875
47.31944444444444
47.45833333333334
47.60416666666666
47.75694444444444
47.91666666666666
48.08333333333334
48.25
48.41666666666666
48.58333333333334
48.75
48.91666666666666
49.08333333333334
49.24305555555556
49.39583333333334
49.53333333333333
49.65555555555556
49.7625
49.85416666666666
49.93055555555556
49.99166666666667
50.0375
50.06805555555556
50.08333333333334
50.08333333333334
50.06805555555556
50.0375
49.99166666666667
49.93055555555556
49.85416666666666
49.7625
49.65555555555556
49.53333333333333
49.39583333333334
49.24305555555556
49.075
48.89166666666667
48.7
48.5
48.29166666666666
48.075
47.85
47.61666666666667
47.375
47.125
46.875
46.625
46.25416666666667
45.7625
45.15
44.41666666666666
43.5625
42.5875
41.49166666666667
40.275
39.08333333333334
37.91666666666666
36.775
35.65833333333333
34.56666666666667
33.5
32.45833333333334
31.44166666666667
30.425
29.40833333333333
28.39166666666667
27.375
26.35833333333333
25.34166666666667
24.325
23.30833333333333
22.275
21.225
20.15833333333333
19.075
17.975
16.85833333333333
15.84583333333333
14.9375
14.1625
13.52083333333333
13.0125
12.6375
12.39583333333333
12.2875
12.16666666666667
12.03333333333333
11.8875
11.72916666666667
11.55833333333333
11.375
11.17916666666667
10.97083333333333
10.775
10.59166666666667
10.425
10.275
10.14166666666667
10.025
9.925
9.841666666666667
9.791666666666666
9.775
9.741666666666667
9.691666666666666
9.625
9.541666666666666
9.441666666666666
9.325
9.1625
8.954166666666667
8.783333333333333
8.65
8.554166666666667
8.495833333333334
8.475
8.491666666666667
8.545833333333333
8.6375
8.708333333333334
8.758333333333333
8.7875
8.795833333333333
8.783333333333333
8.75
8.691666666666666
8.608333333333333
8.543333333333333
8.496666666666666
8.468333333333334
8.458333333333334