No comments
731
1 2 3 4 5 6 7 8 9 10 11 12 13 14 15 16 17 18 19 20 21 22 23 24 25 26 27 28 29 30 31 32 33 34 35 36 37 38 39 40 41 42 43 44 45 46 47 48 49 50 51 52 53 54 55 56 57 58 59 60 61 62 63 64 65 66 67 68 69 70 71 72 73 74 75 76 77 78 79 80 81 82 83 84 85 86 87 88 89 90 91 92 93 94 95 96 97 98 99 100 101 102 103 104 105 106 107 108 109 110 111 112 113 114 115 116 117 118 119 120 121 122 123 124 125 126 127 128 129 130 131 132 133 134 135 136 137 138 139 140 141 142 143 144 145 146 147 148 149 150 151 152 153 154 155 156 157 158 159 160 161 162 163 164 165 166 167 168 169 170 171 172 173 174 175 176 177 178 179 180 181 182 183 184 185 186 187 188 189 190 191 192 193 194 195 196 197 198 199 200 201 202 203 204 205 206 207 208 209 210 211 212 213 214 215 216 217 218 219 220 221 222 223 224 225 226 227 228 229 230 231 232 233 234 235 236 237 238 239 240 241 242 243 244 245 246 247 248 249 250 251 252 253 254 255 256 257 258 259 260 261 262 263 264 265 266 267 268 269 270 271 272 273 274 275 276 277 278 279 280 281 282 283 284 285 286 287 288 289 290 291 292 293 294 295 296 297 298 299 300 301 302 303 304 305 306 307 308 309 310 311 312 313 314 315 316 317 318 319 320 321 322 323 324 325 326 327 328 329 330 331 332 333 334 335 336 337 338 339 340 341 342 343 344 345 346 347 348 349 350 351 352 353 354 355 356 357 358 359 360 361 362 363 364 365 366 367 368 369 370 371 372 373 374 375 376 377 378 379 380 381 382 383 384 385 386 387 388 389 390 391 392 393 394 395 396 397 398 399 400 401 402 403 404 405 406 407 408 409 410 411 412 413 414 415 416 417 418 419 420 421 422 423 424 425 426 427 428 429 430 431 432 433 434 435 436 437 438 439 440 441 442 443 444 445 446 447 448 449 450 451 452 453 454 455 456 457 458 459 460 461 462 463 464 465 466 467 468 469 470 471 472 473 474 475 476 477 478 479 480 481 482 483 484 485 486 487 488 489 490 491 492 493 494 495 496 497 498 499 500 501 502 503 504 505 506 507 508 509 510 511 512 513 514 515 516 517 518 519 520 521 522 523 524 525 526 527 528 529 530 531 532 533 534 535 536 537 538 539 540 541 542 543 544 545 546 547 548 549 550 551 552 553 554 555 556 557 558 559 560 561 562 563 564 565 566 567 568 569 570 571 572 573 574 575 576 577 578 579 580 581 582 583 584 585 586 587 588 589 590 591 592 593 594 595 596 597 598 599 600 601 602 603 604 605 606 607 608 609 610 611 612 613 614 615 616 617 618 619 620 621 622 623 624 625 626 627 628 629 630 631 632 633 634 635 636 637 638 639 640 641 642 643 644 645 646 647 648 649 650 651 652 653 654 655 656 657 658 659 660 661 662 663 664 665 666 667 668 669 670 671 672 673 674 675 676 677 678 679 680 681 682 683 684 685 686 687 688 689 690 691 692 693 694 695 696 697 698 699 700 701 702 703 704 705 706 707 708 709 710 711 712 713 714 715 716 717 718 719 720 721 722 723 724 725 726 727 728 729 730 731
1
1
97.74374999999988
88.61145833333336
96.68124999999993
97.38437499999999
97.29999999999994
94.26562499999999
99.73854166666655
97.54583333333329
99.9312499999999
97.32395833333338
93.38614583333332
88.80739583333333
95.01458333333328
82.78104166666665
69.12479166666664
86.75906250000001
93.35281250000001
93.11843749999993
97.33125000000001
96.29999999999997
89.9598958333333
97.83124999999994
93.50760416666664
96.19895833333328
99.89999999999982
99.89999999999982
93.43333333333334
94.64375
90.92708333333336
91.74999999999999
88.71260416666667
92.22916666666667
91.90843749999988
99.91041666666656
95.15343749999998
89.93093750000001
94.85312499999998
98.70937499999997
89.55562500000003
78.02468749999997
88.84197916666666
80.34510416666664
73.36500000000002
80.09718749999999
99.85208333333321
89.63687500000002
68.54979166666665
69.5253125
78.38604166666667
93.86458333333324
92.03406250000002
85.57885416666669
70.72385416666667
93.49354166666653
90.88833333333328
86.8040625
99.69583333333316
95.42937499999998
90.36500000000001
89.88854166666668
89.70895833333321
96.09166666666668
99.30208333333319
92.08645833333327
75.8194791666667
95.96583333333318
99.27916666666664
86.55968750000001
97.81979166666652
98.84791666666662
87.5053125
73.65645833333333
76.90145833333337
68.21104166666667
45.89666666666665
56.95250000000001
87.30270833333333
72.93447916666666
90.96479166666667
79.83208333333334
68.36041666666664
56.00572916666666
51.12791666666667
39.65760416666667
32.84416666666667
39.99489583333332
52.87468750000001
68.92062500000004
84.15260416666668
79.21114583333328
71.35374999999999
64.31333333333336
64.96531249999998
55.53281249999998
61.88427083333334
42.62364583333335
34.2396875
51.90895833333331
58.74177083333334
66.3115625
58.58114583333334
66.14614583333335
55.15145833333335
67.97541666666667
60.30906250000002
61.004375
55.41885416666667
60.54677083333333
38.71375
42.22114583333333
46.97468749999999
47.76427083333334
55.03093750000001
57.75187499999998
51.81177083333331
62.06614583333336
57.57302083333335
52.10041666666664
56.66802083333334
95.54041666666662
83.55322916666665
67.74739583333333
89.47354166666666
81.05802083333334
92.12885416666661
84.70416666666662
66.70406249999998
78.22135416666666
59.29854166666671
56.26937500000003
65.75562499999995
97.66666666666657
74.10697916666668
69.80281249999997
69.36614583333332
60.41177083333336
64.81062499999996
63.2945833333333
61.52583333333332
79.90302083333331
62.61135416666668
49.47604166666668
43.76781250000001
87.61531250000003
93.17156249999992
97.8166666666666
79.33583333333334
62.28770833333335
70.04395833333332
60.27583333333336
59.56562499999999
66.57114583333335
57.12614583333334
52.01572916666669
50.69187500000001
58.88125000000002
75.48708333333333
63.34833333333333
89.83260416666667
68.82197916666668
61.89552083333336
73.1054166666667
94.64166666666665
77.44239583333334
84.63062499999998
73.3811458333333
65.5040625
68.05572916666668
62.48864583333333
77.17375000000003
92.0215625
98.69791666666667
99.87916666666665
68.82947916666669
64.24020833333331
76.77364583333336
75.6038541666667
86.67874999999998
70.82645833333335
79.62093749999998
80.28104166666662
60.60322916666669
81.98239583333331
80.39927083333333
75.8375
61.30520833333333
69.81979166666669
66.42770833333331
66.11208333333333
86.3565625
94.27354166666669
85.30562500000003
71.5183333333333
66.66927083333333
64.93833333333332
50.48760416666668
84.26156249999993
88.65468749999998
88.7415625
74.72437500000002
76.69468749999997
85.50833333333333
66.11552083333332
61.73750000000003
71.0330208333334
59.85729166666666
71.69166666666665
87.76406249999998
68.70187500000003
56.83645833333333
60.21489583333332
60.02062500000002
59.55760416666669
55.44635416666667
73.80552083333329
85.52822916666669
71.42875
56.61364583333335
53.06302083333333
54.92958333333333
48.85906250000001
69.12885416666667
69.46416666666666
60.15604166666667
50.67895833333332
43.00833333333333
85.3896875
84.00510416666667
52.92583333333334
59.45364583333333
90.38875000000002
84.90354166666664
64.44468750000003
49.84479166666665
92.78552083333334
81.84833333333329
78.30489583333335
67.86520833333337
92.48093749999998
83.18958333333329
88.27885416666665
74.64177083333335
91.1835416666666
91.34510416666662
83.94968749999997
93.42791666666659
77.64968749999998
96.20541666666666
95.9052083333333
80.89854166666665
85.60052083333328
79.46979166666668
83.9834375
80.33802083333327
76.17791666666665
73.376875
81.10395833333332
75.90208333333335
71.98125
70.29802083333333
69.9508333333333
73.57062500000002
64.20020833333338
65.42156250000001
71.21729166666667
72.90947916666669
74.348125
82.52041666666666
99.61145833333318
99.90104166666647
97.59895833333333
81.98833333333336
88.79749999999994
98.19791666666659
99.92395833333325
98.99999999999996
88.714375
89.47729166666659
97.03437499999986
92.72604166666663
96.37187499999986
93.31468749999992
97.54895833333326
97.01843749999993
97.42291666666658
99.36770833333321
98.6916666666667
99.90624999999983
99.89999999999982
99.40520833333322
94.39260416666656
99.86874999999982
97.75822916666654
94.99875000000002
91.29229166666666
90.94031249999993
99.90729166666654
97.93958333333326
92.72562499999994
99.79895833333323
97.503125
98.5958333333332
97.90093749999996
99.8499999999999
99.86354166666653
99.85520833333324
99.91770833333327
93.70781249999992
97.28541666666659
98.99270833333328
99.88645833333318
93.94958333333331
99.80208333333333
99.81458333333326
99.80000000000001
99.83541666666655
99.72499999999991
99.83541666666656
99.86249999999986
94.00541666666658
99.7322916666666
99.83854166666664
97.98437499999994
94.6143749999999
99.389552238806
77.79166666666667
80.16666666666667
84.375
89.5
94.125
93.875
90.83333333333333
84.58333333333333
85.75
85.25
82.08333333333333
90.95833333333333
84.25
85.125
84.91666666666667
80.5
80.91666666666667
86.91666666666667
89.875
93.08333333333333
92.95833333333333
90.66666666666667
95.875
92.75
82.54166666666667
92.83333333333333
88.16666666666667
91.625
91.29166666666667
86.41666666666667
91.25
87.33333333333333
88.20833333333333
87.45833333333333
86.29166666666667
84.625
64.79166666666667
80.25
89.875
83.54166666666667
83.125
92.45833333333333
96.16666666666667
96.33333333333333
96.58333333333333
95.375
94.33333333333333
91.41666666666667
99.74901960784308
99.73020833333341
99.74583333333344
99.83958333333318
99.53124999999996
99.76666666666677
99.7312500000001
98.25104166666667
99.58958333333321
99.8083333333334
99.72812500000009
99.72291666666672
88.26239583333336
69.89916666666666
84.34854166666666
99.73333333333339
99.69999999999999
99.73020833333334
99.74895833333325
99.7864583333332
99.76562500000007
99.76562500000004
99.72395833333337
98.7947916666667
79.03666666666668
99.74062500000007
99.71249999999992
99.72604166666667
91.64531249999999
88.98906249999995
66.81520833333339
93.48343749999997
99.71666666666671
98.54906250000005
90.55343750000003
95.07843750000002
97.23437500000001
99.69895833333334
83.60197916666662
99.69895833333334
99.69999999999999
97.72458333333323
97.11732558139529
87.36260416666664
83.22885416666666
89.80020833333334
84.1247916666667
87.32458333333334
83.13333333333334
99.7656249999999
97.34270833333339
99.70520833333335
94.65239583333334
88.98156249999998
88.5485416666666
99.77187500000018
80.6197916666667
92.78593749999995
89.6339583333334
71.9372916666666
69.84031249999997
56.37833333333332
96.51177083333327
80.29520833333333
99.53229166666665
97.94270833333336
98.39322916666673
97.75489583333335
98.96614583333336
99.70312500000001
92.69041666666656
72.35958333333333
88.20760416666663
73.03916666666667
97.32677083333327
88.91947916666669
82.305
81.59572916666669
96.91135416666668
78.40281249999998
65.56885416666664
71.10677083333336
67.39395833333337
81.75427083333336
78.80427083333335
75.6232291666667
74.78666666666668
90.04874999999998
90.10437499999999
85.88000000000001
76.76270833333335
62.19218749999999
99.10520833333315
73.07156250000004
89.83937500000002
78.530625
71.99541666666669
85.73614583333331
80.25697916666667
93.90020833333342
99.74062500000004
93.29760416666666
85.56427083333335
66.25822916666667
71.943125
71.44729166666664
67.99218749999999
61.91458333333336
64.996875
52.84656250000003
44.74343750000002
85.47031249999999
97.81562500000005
93.53614583333335
99.7229166666667
87.81666666666665
71.45010416666668
78.13343749999997
81.66333333333337
99.7489583333334
64.41760416666666
44.645625
52.98697916666666
70.74760416666665
99.81770833333326
99.70104166666665
99.75208333333342
83.84364583333335
81.78958333333334
79.1978125
94.26729166666672
76.83562499999995
79.45166666666668
66.87427083333331
84.48218749999997
96.16281250000007
62.83666666666669
84.85687500000004
91.9478125
90.69604166666672
91.74000000000005
82.60781249999994
63.9346875
66.1815625
70.55645833333338
64.88125000000001
45.31572916666666
83.9535416666667
67.14239583333334
57.73218749999999
59.27281250000001
63.74770833333332
66.76864583333334
60.75666666666663
66.22468749999997
96.64604166666658
84.39531249999996
71.39020833333332
85.4102083333333
57.30000000000001
48.06927083333332
44.79989583333334
55.84520833333332
56.22104166666665
70.8678125
99.7885416666668
80.27145833333337
97.25447916666673
87.44645833333338
70.44916666666668
63.96656250000001
53.03208333333333
68.8890625
99.71249999999998
99.71145833333334
83.19958333333336
80.27697916666669
74.39958333333333
88.96406250000001
73.69312499999998
99.71041666666672
99.79999999999997
98.43687500000004
83.68499999999999
70.68031250000004
91.26041666666674
71.86291666666666
95.36979166666664
88.95531250000006
85.6715625
89.51854166666662
79.91968750000004
82.5311458333333
80.39614583333336
84.96604166666668
88.92125000000004
84.19218749999997
60.1701041666667
70.21541666666667
72.17270833333332
72.87468749999996
79.56031250000002
66.59218750000001
66.44656250000001
59.7545833333333
89.50833333333338
74.16645833333335
75.72197916666669
89.99291666666666
85.21364583333335
76.89281250000002
72.9044791666667
68.8678125
71.12447916666667
82.64718749999999
83.00385416666664
68.45895833333334
66.27989583333333
66.34937500000001
71.32760416666663
72.361875
87.14510416666666
73.54729166666668
79.10802083333334
86.07968749999998
80.24947916666669
87.49010416666668
99.17187499999987
75.23218750000001
80.57468749999997
96.03208333333338
99.71041666666672
91.19072916666666
98.72187500000003
99.70729166666668
94.28583333333336
93.50406250000002
90.48322916666667
84.61510416666663
99.73645833333335
73.18739583333334
78.00052083333331
87.7520833333333
82.59218750000001
67.68114583333335
84.9211458333333
99.72083333333336
99.12604166666672
91.79927083333338
87.59104166666667
93.0691666666667
96.44833333333332
99.7583333333334
99.46458333333328
83.92802083333335
90.481875
92.07312500000006
98.3292708333334
87.13406250000001
93.91531249999996
99.75520833333344
84.47166666666668
99.7677083333334
99.68749999999996
97.65315789473678
87.98843749999996
73.13906249999994
86.43427083333329
65.59831578947366
93.88812499999996
99.72395833333333
95.23916666666658
89.83541666666663
82.25124999999993
76.65999999999991
79.31999999999987
95.78718749999992
94.63864583333321
90.42333333333322
99.64687499999991
99.12812499999988
99.20729166666666
92.68031249999996
90.76083333333328
93.77770833333331
79.9266666666666
81.2469791666666
94.6128124999999
93.89416666666658
89.8132291666666
92.2711458333333
99.69687499999998
99.75416666666672
92.10624999999997
89.34562499999988
81.21270833333324
80.4276041666666
99.70729166666655
99.60104166666645
97.63999999999993
99.59999999999978
99.64999999999996
99.7510416666666
99.72499999999995
99.64999999999993
99.65624999999994
99.65104166666657
98.5513541666666
99.63854166666658
99.65729166666661
99.6270833333332
99.690625
99.61473684210507
99.65416666666663
99.67291666666664
99.70104166666664
99.73437499999989
99.65208333333311
95.74252631578935
99.59999999999978
99.59999999999978
99.70312499999999
99.69583333333331
99.65937499999995
99.5989583333331
99.59999999999978
99.63958333333325
96.61749999999985
88.41062499999992
94.9186458333332
99.59895833333313
99.59583333333312
99.5989583333331
99.59999999999978
99.65416666666658
99.59791666666642
99.58020833333312
99.5494736842104
99.56562499999986
99.59999999999978
99.5989583333331
99.59999999999978
99.60729166666647
99.63645833333324
99.60208333333311
99.64062499999984
98.78541666666653
99.59374999999979
99.61979166666652
99.60729166666657
96.4713541666665
96.5044791666666
88.45749999999991
84.00687499999991
99.61041666666647
99.57916666666648
99.59999999999978
99.64999999999992