No comments
731
1 2 3 4 5 6 7 8 9 10 11 12 13 14 15 16 17 18 19 20 21 22 23 24 25 26 27 28 29 30 31 32 33 34 35 36 37 38 39 40 41 42 43 44 45 46 47 48 49 50 51 52 53 54 55 56 57 58 59 60 61 62 63 64 65 66 67 68 69 70 71 72 73 74 75 76 77 78 79 80 81 82 83 84 85 86 87 88 89 90 91 92 93 94 95 96 97 98 99 100 101 102 103 104 105 106 107 108 109 110 111 112 113 114 115 116 117 118 119 120 121 122 123 124 125 126 127 128 129 130 131 132 133 134 135 136 137 138 139 140 141 142 143 144 145 146 147 148 149 150 151 152 153 154 155 156 157 158 159 160 161 162 163 164 165 166 167 168 169 170 171 172 173 174 175 176 177 178 179 180 181 182 183 184 185 186 187 188 189 190 191 192 193 194 195 196 197 198 199 200 201 202 203 204 205 206 207 208 209 210 211 212 213 214 215 216 217 218 219 220 221 222 223 224 225 226 227 228 229 230 231 232 233 234 235 236 237 238 239 240 241 242 243 244 245 246 247 248 249 250 251 252 253 254 255 256 257 258 259 260 261 262 263 264 265 266 267 268 269 270 271 272 273 274 275 276 277 278 279 280 281 282 283 284 285 286 287 288 289 290 291 292 293 294 295 296 297 298 299 300 301 302 303 304 305 306 307 308 309 310 311 312 313 314 315 316 317 318 319 320 321 322 323 324 325 326 327 328 329 330 331 332 333 334 335 336 337 338 339 340 341 342 343 344 345 346 347 348 349 350 351 352 353 354 355 356 357 358 359 360 361 362 363 364 365 366 367 368 369 370 371 372 373 374 375 376 377 378 379 380 381 382 383 384 385 386 387 388 389 390 391 392 393 394 395 396 397 398 399 400 401 402 403 404 405 406 407 408 409 410 411 412 413 414 415 416 417 418 419 420 421 422 423 424 425 426 427 428 429 430 431 432 433 434 435 436 437 438 439 440 441 442 443 444 445 446 447 448 449 450 451 452 453 454 455 456 457 458 459 460 461 462 463 464 465 466 467 468 469 470 471 472 473 474 475 476 477 478 479 480 481 482 483 484 485 486 487 488 489 490 491 492 493 494 495 496 497 498 499 500 501 502 503 504 505 506 507 508 509 510 511 512 513 514 515 516 517 518 519 520 521 522 523 524 525 526 527 528 529 530 531 532 533 534 535 536 537 538 539 540 541 542 543 544 545 546 547 548 549 550 551 552 553 554 555 556 557 558 559 560 561 562 563 564 565 566 567 568 569 570 571 572 573 574 575 576 577 578 579 580 581 582 583 584 585 586 587 588 589 590 591 592 593 594 595 596 597 598 599 600 601 602 603 604 605 606 607 608 609 610 611 612 613 614 615 616 617 618 619 620 621 622 623 624 625 626 627 628 629 630 631 632 633 634 635 636 637 638 639 640 641 642 643 644 645 646 647 648 649 650 651 652 653 654 655 656 657 658 659 660 661 662 663 664 665 666 667 668 669 670 671 672 673 674 675 676 677 678 679 680 681 682 683 684 685 686 687 688 689 690 691 692 693 694 695 696 697 698 699 700 701 702 703 704 705 706 707 708 709 710 711 712 713 714 715 716 717 718 719 720 721 722 723 724 725 726 727 728 729 730 731
1
1
1.338395833333334
-0.5696874999999996
4.115770833333333
3.404447916666666
0.5208333333333331
3.730885416666668
1.451572916666667
5.387343749999999
7.902708333333334
8.915916666666666
3.895031249999998
2.811593750000001
4.837489583333332
5.902031249999999
7.732260416666666
5.459374999999999
3.793270833333333
3.912135416666667
2.283822916666667
2.432239583333333
1.63821875
3.493197916666666
2.699979166666667
-0.6838854166666669
-0.06206249999999997
-0.9764583333333331
4.254135416666667
5.2553125
3.779031250000001
5.1206875
9.175937500000002
10.49810416666667
6.758770833333336
6.501500000000001
4.542249999999998
2.515395833333334
3.9318125
5.342812499999998
4.067541666666667
7.529947916666667
6.928708333333333
4.425374999999999
3.875854166666668
3.629864583333332
3.137281249999999
4.838270833333334
10.32737500000001
9.461781250000003
6.621208333333338
4.4558125
4.867697916666667
5.571885416666666
7.822479166666668
6.204312500000001
5.102125
7.329895833333333
2.194760416666667
2.644239583333333
2.32925
5.754937499999997
5.759552083333333
4.844135416666666
3.842010416666666
2.680239583333334
4.863770833333332
5.409395833333332
3.735760416666668
4.617239583333332
5.54234375
5.061625
8.838052083333334
9.064562500000003
5.77244791666667
1.988864583333333
4.847916666666666
7.806718750000001
7.285125000000001
9.88075
8.535416666666663
6.845437500000002
3.1651875
0.5615312499999999
-0.06645833333333366
1.947635416666667
3.817802083333332
5.232354166666667
8.000947916666668
6.667458333333333
2.270041666666665
0.04303124999999988
0.2799895833333334
2.861625000000001
5.788177083333331
6.800854166666667
5.915406249999997
9.809291666666667
13.730375
13.301625
12.59780208333334
11.08594791666666
8.51985416666667
7.664416666666667
12.69670833333334
6.945375000000002
4.868093750000001
8.545906249999998
11.58413541666666
9.804968749999999
9.837552083333332
8.105614583333333
8.900437499999999
10.54742708333333
11.3828125
12.46073958333334
13.76511458333333
10.1086875
10.26807291666667
13.47672916666667
15.78386458333333
10.82291666666666
13.37197916666667
13.210625
9.967520833333333
10.30650000000001
8.420625000000001
6.080427083333333
10.36234375
9.289052083333335
13.42119791666667
15.39193749999999
17.41664583333333
7.012354166666666
6.215697916666667
8.363322916666664
8.633531249999997
9.397343750000005
10.78873958333333
12.4849375
15.3795
14.14378125
13.71760416666667
14.03936458333333
16.11483333333334
13.52947916666666
10.839625
11.02415624999999
12.41653125
15.19069791666666
13.96114583333333
13.52225
12.8510625
15.26666666666666
16.25020833333334
18.76979166666666
17.1028125
18.25645833333334
14.9678125
14.03479166666667
13.81218749999999
15.79458333333334
17.2315625
16.45979166666667
17.7515625
21.6153125
22.58708333333334
20.5234375
18.50989583333333
19.36677083333333
21.6365625
19.82708333333333
17.84041666666666
15.81656250000001
15.938125
19.14864583333333
17.42062499999999
18.64177083333333
21.81385416666667
21.45583333333333
22.99635416666667
22.50562500000001
17.985
18.4484375
19.18739583333334
19.55239583333333
18.819375
20.61385416666666
22.64302083333333
18.30083333333334
15.66614583333333
14.46177083333333
16.53291666666667
18.90760416666667
14.79447916666667
15.23414583333334
17.5409375
20.6653125
16.98218750000001
15.315625
15.83697916666666
19.74552083333333
21.68197916666665
18.99499999999999
17.04177083333334
16.66854166666667
16.78322916666666
20.22864583333333
19.76708333333334
19.15687500000001
20.39333333333334
23.32531250000001
18.170625
17.29696874999999
19.02833333333333
21.29729166666666
20.69552083333334
17.87979166666667
16.47958333333333
19.26354166666667
22.34666666666666
25.73552083333333
27.69395833333333
25.220625
24.29312500000001
24.61802083333333
23.12781249999999
24.54552083333334
20.37197916666666
21.8953125
23.30291666666667
23.09093750000001
19.83447916666666
19.53822916666666
22.41635416666666
27.27843749999998
21.59531250000001
18.48333333333334
17.910625
18.28552083333334
16.70114583333334
15.83135416666667
16.624375
18.6628125
17.56437499999999
15.85749999999999
13.3996875
13.61250000000001
17.0784375
17.8940625
15.74677083333333
13.93322916666668
12.51116666666667
15.82020833333333
19.08020833333333
14.23142708333333
13.93188541666667
16.94554166666666
16.51052083333333
19.65229166666667
21.84364583333333
21.8425
13.65414583333334
10.67566666666666
12.73319791666667
14.47188541666666
15.30816666666666
17.42322916666667
19.81520833333333
16.99864583333334
13.29145833333333
10.2671875
9.405145833333327
12.603125
12.9146875
10.54608333333334
11.78716666666667
13.69947916666666
16.97135416666667
13.17519791666667
11.51589583333333
12.3490625
12.40864583333334
12.12013541666667
13.17427083333333
10.00390625
5.993406250000003
6.604875000000001
6.635718750000001
9.48645833333333
10.41572916666667
8.986958333333336
8.230239583333331
7.337552083333336
7.837687500000002
8.423135416666666
11.8015625
14.60531249999999
12.95864583333334
12.329375
11.53953125
10.8125
9.299249999999997
9.142656250000005
9.20210416666667
10.42195833333333
13.56677083333334
11.67364583333333
15.58281249999999
11.57927083333333
7.170635416666664
5.979687500000001
8.790770833333335
7.733364583333336
3.506072916666666
5.55634375
4.972458333333333
5.498302083333332
6.578895833333331
7.025895833333332
10.18304166666667
9.181947916666667
9.018968749999997
9.80276041666667
9.984145833333331
8.153729166666661
2.734791044776119
3.420833333333333
7.083333333333333
5.824999999999999
2.091666666666666
-0.7625000000000003
2.425
5.054166666666666
2.804166666666667
3.087500000000001
0.6291666666666668
1.804166666666666
-0.5958333333333334
-1.245833333333333
0.3916666666666667
2.475
7.274999999999999
6.05
3.054166666666667
0.8958333333333331
-1.0875
-0.775
1.454166666666666
2.220833333333333
4.3
4.741666666666667
6.962499999999999
4.508333333333334
3.991666666666667
1.8375
2.029166666666667
3.404166666666666
8.533333333333333
6.666666666666667
6.758333333333333
2.204166666666667
0.7499999999999999
1.15
2.075
1.908333333333333
1.741666666666666
1.65
0.4833333333333333
-1.395833333333333
-0.466666666666667
0.1833333333333334
0.9208333333333333
1.008333333333333
0.6166666666666666
0.7236666666666669
0.7751145833333334
-0.1523854166666667
-0.1185833333333334
0.7055208333333333
1.015885416666667
0.3447187499999999
-1.014552083333333
-2.728124999999999
-3.755927083333333
-3.630864583333331
1.85665625
5.418937500000001
7.251958333333334
5.991479166666665
0.8332604166666662
0.4675937499999999
0.7504270833333332
0.26846875
0.6563854166666668
0.6138958333333332
-1.903281249999999
-3.221093749999999
-6.697031249999996
-4.899552083333334
0.6070416666666666
4.44959375
0.5707916666666665
-0.1971458333333332
-2.1716875
-6.175447916666664
-10.19520833333334
-9.297395833333331
-10.11390625
-8.05678125
-6.751593749999998
-7.195125000000002
-8.305114583333337
-6.248895833333332
0.459020833333333
3.007197916666666
5.238343749999999
3.689662790697672
5.125531250000002
7.511645833333334
4.764229166666666
8.347927083333333
10.6631875
10.49179166666667
5.959541666666667
4.77890625
1.638791666666666
3.746187500000002
2.62490625
5.129447916666668
3.205531250000001
0.5716979166666669
0.6089895833333334
2.600041666666666
0.533322916666667
-0.7186770833333328
0.5552499999999997
5.125197916666667
6.566052083333333
5.607666666666667
4.88584375
4.549916666666665
3.592447916666667
2.732614583333334
0.2334999999999999
0.0725520833333332
0.3922499999999998
3.668322916666667
3.256510416666667
5.503791666666666
6.500385416666667
7.475645833333332
8.950156250000001
5.950041666666668
6.881875000000004
12.68833333333333
13.25344791666667
12.99951041666667
10.0720625
6.434958333333334
4.104843750000002
4.055229166666666
3.10296875
1.705208333333333
3.226395833333334
4.397343750000001
7.376864583333337
6.000395833333331
12.58940625
4.843927083333335
4.079885416666666
3.655489583333333
3.031958333333334
5.807385416666669
7.625260416666666
7.199989583333334
9.337552083333334
10.301625
9.997093749999998
6.864760416666665
7.903697916666665
7.191104166666666
4.584833333333335
3.346489583333336
6.210677083333336
10.58582291666667
10.62378125
7.760552083333336
8.435750000000004
7.375531249999995
7.095708333333337
10.16834375
8.76484375
7.509687500000003
5.27096875
8.942333333333332
17.91229166666667
20.64125
21.36958333333333
14.87989583333334
12.0490625
10.69529166666667
12.35095833333333
12.98604166666667
13.04870833333333
11.18879166666667
11.25469791666666
11.68885416666667
14.54208333333334
12.46278125
11.06721875
15.14951041666667
12.3065625
11.48889583333333
11.20534375
11.29502083333333
11.60767708333333
12.256375
12.83546875
15.2886875
17.66822916666667
20.0125
16.51802083333334
20.02385416666667
20.96677083333334
19.6365625
20.25177083333334
18.99010416666668
20.48999999999999
21.20687500000001
17.15843749999999
13.42035416666667
17.81020833333334
18.4615625
19.89156249999999
26.25927083333333
27.49697916666666
27.48656249999999
27.99697916666667
25.61500000000001
17.64010416666667
17.35760416666667
16.48979166666667
18.52489583333334
20.14354166666666
20.55447916666666
23.69874999999999
23.02583333333332
17.72760416666667
15.59687499999999
19.23552083333334
19.18458333333335
20.844375
19.60083333333333
22.85166666666667
17.94375
18.39875
18.98041666666666
18.88135416666666
21.69760416666666
20.854375
23.64979166666666
21.04687500000001
21.56677083333334
22.6971875
23.36739583333334
21.0821875
17.36041666666666
16.98635416666667
17.49645833333333
18.9953125
19.28968750000001
22.78625000000001
23.0884375
24.00166666666667
22.8646875
20.10302083333334
19.72260416666667
19.06927083333333
20.56833333333334
16.97947916666667
16.96635416666667
16.48854166666667
17.33947916666667
17.831875
19.19802083333333
20.03104166666667
19.66604166666666
17.84979166666667
17.70604166666667
17.0078125
18.93489583333333
22.51447916666667
22.03020833333334
19.84114583333334
19.54927083333334
15.4415625
17.25739583333333
18.70302083333333
17.60895833333333
17.81479166666666
18.83270833333333
15.33427083333333
15.84145833333333
14.94741666666666
14.33104166666667
13.04395833333333
14.933125
15.26958333333333
15.241875
15.53718749999999
15.43552083333334
15.838125
15.65444791666666
13.9284375
16.04510416666666
16.51125
16.40947916666667
17.10510416666666
19.27468749999999
20.0775
18.33072916666667
17.82989583333334
15.74229166666666
14.99510416666667
17.9046875
17.34427083333333
14.51083333333334
13.26291666666667
12.26270833333333
11.90041666666666
12.33520833333333
13.07583333333333
14.05764583333333
14.949375
16.68645833333333
18.43822916666667
16.9058333333333
14.64885416666661
13.58357894736837
10.43360416666664
11.65787499999997
13.85052083333331
17.43842105263154
14.62510416666661
13.95156249999995
12.4072395833333
11.39959374999997
10.30703124999998
7.573510416666642
5.812437499999979
6.455843749999985
7.379510416666657
6.572864583333314
9.65932291666664
10.02124999999998
7.635781249999977
9.367083333333314
10.63192708333332
12.12404166666663
16.04093749999995
12.84456249999997
6.775229166666665
5.766114583333317
5.230927083333321
5.601374999999993
8.387895833333316
11.52562499999996
10.71892708333331
7.884927083333319
9.458916666666644
11.76812499999997
9.60697916666665
7.963156249999996
6.036260416666656
6.384916666666665
7.410552083333329
8.34013541666665
7.540354166666664
7.630979166666666
7.131781249999988
3.711208333333329
4.267281249999996
6.511239583333327
4.978458333333327
4.392385416666662
5.165843749999994
5.356821052631573
5.320479166666662
7.388749999999995
10.86093749999996
10.68812499999996
7.14723958333333
2.207063157894736
3.524343749999996
6.091260416666663
3.44961458333333
3.338906249999998
1.994499999999997
0.0666249999999994
0.5145104166666652
2.431374999999996
4.633229166666664
2.277145833333331
0.2893229166666652
0.6275833333333328
-0.008791666666666637
-0.00859374999999987
-0.7958020833333309
-0.9218541666666632
-1.629270833333329
-1.003197916666663
-2.499578947368416
-0.7631979166666657
4.329864583333329
6.134249999999995
7.650708333333331
6.338322916666661
4.665031249999996
5.105187499999996
5.395083333333329
0.2702499999999997
-0.8583958333333309
-1.724197916666664
-2.023812499999996
0.9951562499999981
-7.458343749999988
-8.342072916666647
-4.929583333333329
-2.415083333333329
2.883104166666663
8.016510416666646
11.74447916666661